metric_name,timestamp,metric_value,check,error,error_code,expected_response,group,method,name,proto,scenario,service,status,subproto,tls_version,url,extra_tags,metadata
http_reqs,1678217704,1.000000,,,,true,,POST,http://20.210.36.32:8080/prediction/knn,HTTP/1.1,contacts,,200,,,http://20.210.36.32:8080/prediction/knn,,
http_req_duration,1678217704,21.712066,,,,true,,POST,http://20.210.36.32:8080/prediction/knn,HTTP/1.1,contacts,,200,,,http://20.210.36.32:8080/prediction/knn,,
http_req_blocked,1678217704,4.977715,,,,true,,POST,http://20.210.36.32:8080/prediction/knn,HTTP/1.1,contacts,,200,,,http://20.210.36.32:8080/prediction/knn,,
http_req_connecting,1678217704,4.847215,,,,true,,POST,http://20.210.36.32:8080/prediction/knn,HTTP/1.1,contacts,,200,,,http://20.210.36.32:8080/prediction/knn,,
http_req_tls_handshaking,1678217704,0.000000,,,,true,,POST,http://20.210.36.32:8080/prediction/knn,HTTP/1.1,contacts,,200,,,http://20.210.36.32:8080/prediction/knn,,
http_req_sending,1678217704,0.107700,,,,true,,POST,http://20.210.36.32:8080/prediction/knn,HTTP/1.1,contacts,,200,,,http://20.210.36.32:8080/prediction/knn,,
http_req_waiting,1678217704,21.451265,,,,true,,POST,http://20.210.36.32:8080/prediction/knn,HTTP/1.1,contacts,,200,,,http://20.210.36.32:8080/prediction/knn,,
http_req_receiving,1678217704,0.153101,,,,true,,POST,http://20.210.36.32:8080/prediction/knn,HTTP/1.1,contacts,,200,,,http://20.210.36.32:8080/prediction/knn,,
http_req_failed,1678217704,0.000000,,,,true,,POST,http://20.210.36.32:8080/prediction/knn,HTTP/1.1,contacts,,200,,,http://20.210.36.32:8080/prediction/knn,,
responseTime,1678217704,21.712066,,,,,,,,,contacts,,,,,,,
data_sent,1678217704,2088.000000,,,,,,,,,contacts,,,,,,,
data_received,1678217704,199.000000,,,,,,,,,contacts,,,,,,,
iteration_duration,1678217704,27.462184,,,,,,,,,contacts,,,,,,,
iterations,1678217704,1.000000,,,,,,,,,contacts,,,,,,,
http_reqs,1678217704,1.000000,,,,true,,POST,http://20.210.36.32:8080/prediction/knn,HTTP/1.1,contacts,,200,,,http://20.210.36.32:8080/prediction/knn,,
http_req_duration,1678217704,21.614166,,,,true,,POST,http://20.210.36.32:8080/prediction/knn,HTTP/1.1,contacts,,200,,,http://20.210.36.32:8080/prediction/knn,,
http_req_blocked,1678217704,4.846914,,,,true,,POST,http://20.210.36.32:8080/prediction/knn,HTTP/1.1,contacts,,200,,,http://20.210.36.32:8080/prediction/knn,,
http_req_connecting,1678217704,4.777914,,,,true,,POST,http://20.210.36.32:8080/prediction/knn,HTTP/1.1,contacts,,200,,,http://20.210.36.32:8080/prediction/knn,,
http_req_tls_handshaking,1678217704,0.000000,,,,true,,POST,http://20.210.36.32:8080/prediction/knn,HTTP/1.1,contacts,,200,,,http://20.210.36.32:8080/prediction/knn,,
http_req_sending,1678217704,0.064600,,,,true,,POST,http://20.210.36.32:8080/prediction/knn,HTTP/1.1,contacts,,200,,,http://20.210.36.32:8080/prediction/knn,,
http_req_waiting,1678217704,21.432466,,,,true,,POST,http://20.210.36.32:8080/prediction/knn,HTTP/1.1,contacts,,200,,,http://20.210.36.32:8080/prediction/knn,,
http_req_receiving,1678217704,0.117100,,,,true,,POST,http://20.210.36.32:8080/prediction/knn,HTTP/1.1,contacts,,200,,,http://20.210.36.32:8080/prediction/knn,,
http_req_failed,1678217704,0.000000,,,,true,,POST,http://20.210.36.32:8080/prediction/knn,HTTP/1.1,contacts,,200,,,http://20.210.36.32:8080/prediction/knn,,
responseTime,1678217704,21.614166,,,,,,,,,contacts,,,,,,,
data_sent,1678217704,2088.000000,,,,,,,,,contacts,,,,,,,
data_received,1678217704,199.000000,,,,,,,,,contacts,,,,,,,
iteration_duration,1678217704,26.947482,,,,,,,,,contacts,,,,,,,
iterations,1678217704,1.000000,,,,,,,,,contacts,,,,,,,
http_reqs,1678217704,1.000000,,,,true,,POST,http://20.210.36.32:8080/prediction/knn,HTTP/1.1,contacts,,200,,,http://20.210.36.32:8080/prediction/knn,,
http_req_duration,1678217704,20.680762,,,,true,,POST,http://20.210.36.32:8080/prediction/knn,HTTP/1.1,contacts,,200,,,http://20.210.36.32:8080/prediction/knn,,
http_req_blocked,1678217704,4.162813,,,,true,,POST,http://20.210.36.32:8080/prediction/knn,HTTP/1.1,contacts,,200,,,http://20.210.36.32:8080/prediction/knn,,
http_req_connecting,1678217704,4.016713,,,,true,,POST,http://20.210.36.32:8080/prediction/knn,HTTP/1.1,contacts,,200,,,http://20.210.36.32:8080/prediction/knn,,
http_req_tls_handshaking,1678217704,0.000000,,,,true,,POST,http://20.210.36.32:8080/prediction/knn,HTTP/1.1,contacts,,200,,,http://20.210.36.32:8080/prediction/knn,,
http_req_sending,1678217704,0.081800,,,,true,,POST,http://20.210.36.32:8080/prediction/knn,HTTP/1.1,contacts,,200,,,http://20.210.36.32:8080/prediction/knn,,
http_req_waiting,1678217704,20.521762,,,,true,,POST,http://20.210.36.32:8080/prediction/knn,HTTP/1.1,contacts,,200,,,http://20.210.36.32:8080/prediction/knn,,
http_req_receiving,1678217704,0.077200,,,,true,,POST,http://20.210.36.32:8080/prediction/knn,HTTP/1.1,contacts,,200,,,http://20.210.36.32:8080/prediction/knn,,
http_req_failed,1678217704,0.000000,,,,true,,POST,http://20.210.36.32:8080/prediction/knn,HTTP/1.1,contacts,,200,,,http://20.210.36.32:8080/prediction/knn,,
responseTime,1678217704,20.680762,,,,,,,,,contacts,,,,,,,
data_sent,1678217704,2088.000000,,,,,,,,,contacts,,,,,,,
data_received,1678217704,199.000000,,,,,,,,,contacts,,,,,,,
iteration_duration,1678217704,25.957279,,,,,,,,,contacts,,,,,,,
iterations,1678217704,1.000000,,,,,,,,,contacts,,,,,,,
http_reqs,1678217704,1.000000,,,,true,,POST,http://20.210.36.32:8080/prediction/knn,HTTP/1.1,contacts,,200,,,http://20.210.36.32:8080/prediction/knn,,
http_req_duration,1678217704,20.348961,,,,true,,POST,http://20.210.36.32:8080/prediction/knn,HTTP/1.1,contacts,,200,,,http://20.210.36.32:8080/prediction/knn,,
http_req_blocked,1678217704,4.160513,,,,true,,POST,http://20.210.36.32:8080/prediction/knn,HTTP/1.1,contacts,,200,,,http://20.210.36.32:8080/prediction/knn,,
http_req_connecting,1678217704,4.087813,,,,true,,POST,http://20.210.36.32:8080/prediction/knn,HTTP/1.1,contacts,,200,,,http://20.210.36.32:8080/prediction/knn,,
http_req_tls_handshaking,1678217704,0.000000,,,,true,,POST,http://20.210.36.32:8080/prediction/knn,HTTP/1.1,contacts,,200,,,http://20.210.36.32:8080/prediction/knn,,
http_req_sending,1678217704,0.062900,,,,true,,POST,http://20.210.36.32:8080/prediction/knn,HTTP/1.1,contacts,,200,,,http://20.210.36.32:8080/prediction/knn,,
http_req_waiting,1678217704,20.222561,,,,true,,POST,http://20.210.36.32:8080/prediction/knn,HTTP/1.1,contacts,,200,,,http://20.210.36.32:8080/prediction/knn,,
http_req_receiving,1678217704,0.063500,,,,true,,POST,http://20.210.36.32:8080/prediction/knn,HTTP/1.1,contacts,,200,,,http://20.210.36.32:8080/prediction/knn,,
http_req_failed,1678217704,0.000000,,,,true,,POST,http://20.210.36.32:8080/prediction/knn,HTTP/1.1,contacts,,200,,,http://20.210.36.32:8080/prediction/knn,,
responseTime,1678217704,20.348961,,,,,,,,,contacts,,,,,,,
data_sent,1678217704,2088.000000,,,,,,,,,contacts,,,,,,,
data_received,1678217704,199.000000,,,,,,,,,contacts,,,,,,,
iteration_duration,1678217704,24.976776,,,,,,,,,contacts,,,,,,,
iterations,1678217704,1.000000,,,,,,,,,contacts,,,,,,,
http_reqs,1678217704,1.000000,,,,true,,POST,http://20.210.36.32:8080/prediction/knn,HTTP/1.1,contacts,,200,,,http://20.210.36.32:8080/prediction/knn,,
http_req_duration,1678217704,20.936864,,,,true,,POST,http://20.210.36.32:8080/prediction/knn,HTTP/1.1,contacts,,200,,,http://20.210.36.32:8080/prediction/knn,,
http_req_blocked,1678217704,3.944012,,,,true,,POST,http://20.210.36.32:8080/prediction/knn,HTTP/1.1,contacts,,200,,,http://20.210.36.32:8080/prediction/knn,,
http_req_connecting,1678217704,3.850312,,,,true,,POST,http://20.210.36.32:8080/prediction/knn,HTTP/1.1,contacts,,200,,,http://20.210.36.32:8080/prediction/knn,,
http_req_tls_handshaking,1678217704,0.000000,,,,true,,POST,http://20.210.36.32:8080/prediction/knn,HTTP/1.1,contacts,,200,,,http://20.210.36.32:8080/prediction/knn,,
http_req_sending,1678217704,0.079700,,,,true,,POST,http://20.210.36.32:8080/prediction/knn,HTTP/1.1,contacts,,200,,,http://20.210.36.32:8080/prediction/knn,,
http_req_waiting,1678217704,20.761363,,,,true,,POST,http://20.210.36.32:8080/prediction/knn,HTTP/1.1,contacts,,200,,,http://20.210.36.32:8080/prediction/knn,,
http_req_receiving,1678217704,0.095801,,,,true,,POST,http://20.210.36.32:8080/prediction/knn,HTTP/1.1,contacts,,200,,,http://20.210.36.32:8080/prediction/knn,,
http_req_failed,1678217704,0.000000,,,,true,,POST,http://20.210.36.32:8080/prediction/knn,HTTP/1.1,contacts,,200,,,http://20.210.36.32:8080/prediction/knn,,
responseTime,1678217704,20.936864,,,,,,,,,contacts,,,,,,,
data_sent,1678217704,2088.000000,,,,,,,,,contacts,,,,,,,
data_received,1678217704,199.000000,,,,,,,,,contacts,,,,,,,
iteration_duration,1678217704,25.366377,,,,,,,,,contacts,,,,,,,
iterations,1678217704,1.000000,,,,,,,,,contacts,,,,,,,
http_reqs,1678217704,1.000000,,,,true,,POST,http://20.210.36.32:8080/prediction/knn,HTTP/1.1,contacts,,200,,,http://20.210.36.32:8080/prediction/knn,,
http_req_duration,1678217704,28.138286,,,,true,,POST,http://20.210.36.32:8080/prediction/knn,HTTP/1.1,contacts,,200,,,http://20.210.36.32:8080/prediction/knn,,
http_req_blocked,1678217704,4.006813,,,,true,,POST,http://20.210.36.32:8080/prediction/knn,HTTP/1.1,contacts,,200,,,http://20.210.36.32:8080/prediction/knn,,
http_req_connecting,1678217704,3.901011,,,,true,,POST,http://20.210.36.32:8080/prediction/knn,HTTP/1.1,contacts,,200,,,http://20.210.36.32:8080/prediction/knn,,
http_req_tls_handshaking,1678217704,0.000000,,,,true,,POST,http://20.210.36.32:8080/prediction/knn,HTTP/1.1,contacts,,200,,,http://20.210.36.32:8080/prediction/knn,,
http_req_sending,1678217704,0.141101,,,,true,,POST,http://20.210.36.32:8080/prediction/knn,HTTP/1.1,contacts,,200,,,http://20.210.36.32:8080/prediction/knn,,
http_req_waiting,1678217704,27.730484,,,,true,,POST,http://20.210.36.32:8080/prediction/knn,HTTP/1.1,contacts,,200,,,http://20.210.36.32:8080/prediction/knn,,
http_req_receiving,1678217704,0.266701,,,,true,,POST,http://20.210.36.32:8080/prediction/knn,HTTP/1.1,contacts,,200,,,http://20.210.36.32:8080/prediction/knn,,
http_req_failed,1678217704,0.000000,,,,true,,POST,http://20.210.36.32:8080/prediction/knn,HTTP/1.1,contacts,,200,,,http://20.210.36.32:8080/prediction/knn,,
responseTime,1678217704,28.138286,,,,,,,,,contacts,,,,,,,
data_sent,1678217704,2088.000000,,,,,,,,,contacts,,,,,,,
data_received,1678217704,199.000000,,,,,,,,,contacts,,,,,,,
iteration_duration,1678217704,32.630399,,,,,,,,,contacts,,,,,,,
iterations,1678217704,1.000000,,,,,,,,,contacts,,,,,,,
http_reqs,1678217704,1.000000,,,,true,,POST,http://20.210.36.32:8080/prediction/knn,HTTP/1.1,contacts,,200,,,http://20.210.36.32:8080/prediction/knn,,
http_req_duration,1678217704,31.679296,,,,true,,POST,http://20.210.36.32:8080/prediction/knn,HTTP/1.1,contacts,,200,,,http://20.210.36.32:8080/prediction/knn,,
http_req_blocked,1678217704,4.933415,,,,true,,POST,http://20.210.36.32:8080/prediction/knn,HTTP/1.1,contacts,,200,,,http://20.210.36.32:8080/prediction/knn,,
http_req_connecting,1678217704,4.863315,,,,true,,POST,http://20.210.36.32:8080/prediction/knn,HTTP/1.1,contacts,,200,,,http://20.210.36.32:8080/prediction/knn,,
http_req_tls_handshaking,1678217704,0.000000,,,,true,,POST,http://20.210.36.32:8080/prediction/knn,HTTP/1.1,contacts,,200,,,http://20.210.36.32:8080/prediction/knn,,
http_req_sending,1678217704,0.065500,,,,true,,POST,http://20.210.36.32:8080/prediction/knn,HTTP/1.1,contacts,,200,,,http://20.210.36.32:8080/prediction/knn,,
http_req_waiting,1678217704,31.525996,,,,true,,POST,http://20.210.36.32:8080/prediction/knn,HTTP/1.1,contacts,,200,,,http://20.210.36.32:8080/prediction/knn,,
http_req_receiving,1678217704,0.087800,,,,true,,POST,http://20.210.36.32:8080/prediction/knn,HTTP/1.1,contacts,,200,,,http://20.210.36.32:8080/prediction/knn,,
http_req_failed,1678217704,0.000000,,,,true,,POST,http://20.210.36.32:8080/prediction/knn,HTTP/1.1,contacts,,200,,,http://20.210.36.32:8080/prediction/knn,,
responseTime,1678217704,31.679296,,,,,,,,,contacts,,,,,,,
data_sent,1678217704,2088.000000,,,,,,,,,contacts,,,,,,,
data_received,1678217704,199.000000,,,,,,,,,contacts,,,,,,,
iteration_duration,1678217704,37.657015,,,,,,,,,contacts,,,,,,,
iterations,1678217704,1.000000,,,,,,,,,contacts,,,,,,,
http_reqs,1678217705,1.000000,,,,true,,POST,http://20.210.36.32:8080/prediction/knn,HTTP/1.1,contacts,,200,,,http://20.210.36.32:8080/prediction/knn,,
http_req_duration,1678217705,52.314659,,,,true,,POST,http://20.210.36.32:8080/prediction/knn,HTTP/1.1,contacts,,200,,,http://20.210.36.32:8080/prediction/knn,,
http_req_blocked,1678217705,4.326114,,,,true,,POST,http://20.210.36.32:8080/prediction/knn,HTTP/1.1,contacts,,200,,,http://20.210.36.32:8080/prediction/knn,,
http_req_connecting,1678217705,4.249613,,,,true,,POST,http://20.210.36.32:8080/prediction/knn,HTTP/1.1,contacts,,200,,,http://20.210.36.32:8080/prediction/knn,,
http_req_tls_handshaking,1678217705,0.000000,,,,true,,POST,http://20.210.36.32:8080/prediction/knn,HTTP/1.1,contacts,,200,,,http://20.210.36.32:8080/prediction/knn,,
http_req_sending,1678217705,0.074700,,,,true,,POST,http://20.210.36.32:8080/prediction/knn,HTTP/1.1,contacts,,200,,,http://20.210.36.32:8080/prediction/knn,,
http_req_waiting,1678217705,52.151858,,,,true,,POST,http://20.210.36.32:8080/prediction/knn,HTTP/1.1,contacts,,200,,,http://20.210.36.32:8080/prediction/knn,,
http_req_receiving,1678217705,0.088101,,,,true,,POST,http://20.210.36.32:8080/prediction/knn,HTTP/1.1,contacts,,200,,,http://20.210.36.32:8080/prediction/knn,,
http_req_failed,1678217705,0.000000,,,,true,,POST,http://20.210.36.32:8080/prediction/knn,HTTP/1.1,contacts,,200,,,http://20.210.36.32:8080/prediction/knn,,
responseTime,1678217705,52.314659,,,,,,,,,contacts,,,,,,,
data_sent,1678217705,2088.000000,,,,,,,,,contacts,,,,,,,
data_received,1678217705,199.000000,,,,,,,,,contacts,,,,,,,
iteration_duration,1678217705,57.290774,,,,,,,,,contacts,,,,,,,
iterations,1678217705,1.000000,,,,,,,,,contacts,,,,,,,
http_reqs,1678217705,1.000000,,,,true,,POST,http://20.210.36.32:8080/prediction/knn,HTTP/1.1,contacts,,200,,,http://20.210.36.32:8080/prediction/knn,,
http_req_duration,1678217705,57.452575,,,,true,,POST,http://20.210.36.32:8080/prediction/knn,HTTP/1.1,contacts,,200,,,http://20.210.36.32:8080/prediction/knn,,
http_req_blocked,1678217705,4.096612,,,,true,,POST,http://20.210.36.32:8080/prediction/knn,HTTP/1.1,contacts,,200,,,http://20.210.36.32:8080/prediction/knn,,
http_req_connecting,1678217705,4.035012,,,,true,,POST,http://20.210.36.32:8080/prediction/knn,HTTP/1.1,contacts,,200,,,http://20.210.36.32:8080/prediction/knn,,
http_req_tls_handshaking,1678217705,0.000000,,,,true,,POST,http://20.210.36.32:8080/prediction/knn,HTTP/1.1,contacts,,200,,,http://20.210.36.32:8080/prediction/knn,,
http_req_sending,1678217705,0.062800,,,,true,,POST,http://20.210.36.32:8080/prediction/knn,HTTP/1.1,contacts,,200,,,http://20.210.36.32:8080/prediction/knn,,
http_req_waiting,1678217705,57.287175,,,,true,,POST,http://20.210.36.32:8080/prediction/knn,HTTP/1.1,contacts,,200,,,http://20.210.36.32:8080/prediction/knn,,
http_req_receiving,1678217705,0.102600,,,,true,,POST,http://20.210.36.32:8080/prediction/knn,HTTP/1.1,contacts,,200,,,http://20.210.36.32:8080/prediction/knn,,
http_req_failed,1678217705,0.000000,,,,true,,POST,http://20.210.36.32:8080/prediction/knn,HTTP/1.1,contacts,,200,,,http://20.210.36.32:8080/prediction/knn,,
responseTime,1678217705,57.452575,,,,,,,,,contacts,,,,,,,
data_sent,1678217705,2088.000000,,,,,,,,,contacts,,,,,,,
data_received,1678217705,199.000000,,,,,,,,,contacts,,,,,,,
iteration_duration,1678217705,62.582990,,,,,,,,,contacts,,,,,,,
iterations,1678217705,1.000000,,,,,,,,,contacts,,,,,,,
http_reqs,1678217705,1.000000,,,,true,,POST,http://20.210.36.32:8080/prediction/knn,HTTP/1.1,contacts,,200,,,http://20.210.36.32:8080/prediction/knn,,
http_req_duration,1678217705,52.757960,,,,true,,POST,http://20.210.36.32:8080/prediction/knn,HTTP/1.1,contacts,,200,,,http://20.210.36.32:8080/prediction/knn,,
http_req_blocked,1678217705,3.931112,,,,true,,POST,http://20.210.36.32:8080/prediction/knn,HTTP/1.1,contacts,,200,,,http://20.210.36.32:8080/prediction/knn,,
http_req_connecting,1678217705,3.860312,,,,true,,POST,http://20.210.36.32:8080/prediction/knn,HTTP/1.1,contacts,,200,,,http://20.210.36.32:8080/prediction/knn,,
http_req_tls_handshaking,1678217705,0.000000,,,,true,,POST,http://20.210.36.32:8080/prediction/knn,HTTP/1.1,contacts,,200,,,http://20.210.36.32:8080/prediction/knn,,
http_req_sending,1678217705,0.103900,,,,true,,POST,http://20.210.36.32:8080/prediction/knn,HTTP/1.1,contacts,,200,,,http://20.210.36.32:8080/prediction/knn,,
http_req_waiting,1678217705,52.562560,,,,true,,POST,http://20.210.36.32:8080/prediction/knn,HTTP/1.1,contacts,,200,,,http://20.210.36.32:8080/prediction/knn,,
http_req_receiving,1678217705,0.091500,,,,true,,POST,http://20.210.36.32:8080/prediction/knn,HTTP/1.1,contacts,,200,,,http://20.210.36.32:8080/prediction/knn,,
http_req_failed,1678217705,0.000000,,,,true,,POST,http://20.210.36.32:8080/prediction/knn,HTTP/1.1,contacts,,200,,,http://20.210.36.32:8080/prediction/knn,,
responseTime,1678217705,52.757960,,,,,,,,,contacts,,,,,,,
data_sent,1678217705,2088.000000,,,,,,,,,contacts,,,,,,,
data_received,1678217705,199.000000,,,,,,,,,contacts,,,,,,,
iteration_duration,1678217705,57.470875,,,,,,,,,contacts,,,,,,,
iterations,1678217705,1.000000,,,,,,,,,contacts,,,,,,,
http_reqs,1678217705,1.000000,,,,true,,POST,http://20.210.36.32:8080/prediction/knn,HTTP/1.1,contacts,,200,,,http://20.210.36.32:8080/prediction/knn,,
http_req_duration,1678217705,53.955964,,,,true,,POST,http://20.210.36.32:8080/prediction/knn,HTTP/1.1,contacts,,200,,,http://20.210.36.32:8080/prediction/knn,,
http_req_blocked,1678217705,2.490007,,,,true,,POST,http://20.210.36.32:8080/prediction/knn,HTTP/1.1,contacts,,200,,,http://20.210.36.32:8080/prediction/knn,,
http_req_connecting,1678217705,2.417507,,,,true,,POST,http://20.210.36.32:8080/prediction/knn,HTTP/1.1,contacts,,200,,,http://20.210.36.32:8080/prediction/knn,,
http_req_tls_handshaking,1678217705,0.000000,,,,true,,POST,http://20.210.36.32:8080/prediction/knn,HTTP/1.1,contacts,,200,,,http://20.210.36.32:8080/prediction/knn,,
http_req_sending,1678217705,0.078201,,,,true,,POST,http://20.210.36.32:8080/prediction/knn,HTTP/1.1,contacts,,200,,,http://20.210.36.32:8080/prediction/knn,,
http_req_waiting,1678217705,53.800463,,,,true,,POST,http://20.210.36.32:8080/prediction/knn,HTTP/1.1,contacts,,200,,,http://20.210.36.32:8080/prediction/knn,,
http_req_receiving,1678217705,0.077300,,,,true,,POST,http://20.210.36.32:8080/prediction/knn,HTTP/1.1,contacts,,200,,,http://20.210.36.32:8080/prediction/knn,,
http_req_failed,1678217705,0.000000,,,,true,,POST,http://20.210.36.32:8080/prediction/knn,HTTP/1.1,contacts,,200,,,http://20.210.36.32:8080/prediction/knn,,
responseTime,1678217705,53.955964,,,,,,,,,contacts,,,,,,,
data_sent,1678217705,2088.000000,,,,,,,,,contacts,,,,,,,
data_received,1678217705,199.000000,,,,,,,,,contacts,,,,,,,
iteration_duration,1678217705,56.843873,,,,,,,,,contacts,,,,,,,
iterations,1678217705,1.000000,,,,,,,,,contacts,,,,,,,
http_reqs,1678217705,1.000000,,,,true,,POST,http://20.210.36.32:8080/prediction/knn,HTTP/1.1,contacts,,200,,,http://20.210.36.32:8080/prediction/knn,,
http_req_duration,1678217705,45.797439,,,,true,,POST,http://20.210.36.32:8080/prediction/knn,HTTP/1.1,contacts,,200,,,http://20.210.36.32:8080/prediction/knn,,
http_req_blocked,1678217705,2.600508,,,,true,,POST,http://20.210.36.32:8080/prediction/knn,HTTP/1.1,contacts,,200,,,http://20.210.36.32:8080/prediction/knn,,
http_req_connecting,1678217705,2.539008,,,,true,,POST,http://20.210.36.32:8080/prediction/knn,HTTP/1.1,contacts,,200,,,http://20.210.36.32:8080/prediction/knn,,
http_req_tls_handshaking,1678217705,0.000000,,,,true,,POST,http://20.210.36.32:8080/prediction/knn,HTTP/1.1,contacts,,200,,,http://20.210.36.32:8080/prediction/knn,,
http_req_sending,1678217705,0.076000,,,,true,,POST,http://20.210.36.32:8080/prediction/knn,HTTP/1.1,contacts,,200,,,http://20.210.36.32:8080/prediction/knn,,
http_req_waiting,1678217705,45.496338,,,,true,,POST,http://20.210.36.32:8080/prediction/knn,HTTP/1.1,contacts,,200,,,http://20.210.36.32:8080/prediction/knn,,
http_req_receiving,1678217705,0.225101,,,,true,,POST,http://20.210.36.32:8080/prediction/knn,HTTP/1.1,contacts,,200,,,http://20.210.36.32:8080/prediction/knn,,
http_req_failed,1678217705,0.000000,,,,true,,POST,http://20.210.36.32:8080/prediction/knn,HTTP/1.1,contacts,,200,,,http://20.210.36.32:8080/prediction/knn,,
responseTime,1678217705,45.797439,,,,,,,,,contacts,,,,,,,
data_sent,1678217705,2088.000000,,,,,,,,,contacts,,,,,,,
data_received,1678217705,199.000000,,,,,,,,,contacts,,,,,,,
iteration_duration,1678217705,48.781148,,,,,,,,,contacts,,,,,,,
iterations,1678217705,1.000000,,,,,,,,,contacts,,,,,,,
http_reqs,1678217705,1.000000,,,,true,,POST,http://20.210.36.32:8080/prediction/knn,HTTP/1.1,contacts,,200,,,http://20.210.36.32:8080/prediction/knn,,
http_req_duration,1678217705,47.943146,,,,true,,POST,http://20.210.36.32:8080/prediction/knn,HTTP/1.1,contacts,,200,,,http://20.210.36.32:8080/prediction/knn,,
http_req_blocked,1678217705,2.035907,,,,true,,POST,http://20.210.36.32:8080/prediction/knn,HTTP/1.1,contacts,,200,,,http://20.210.36.32:8080/prediction/knn,,
http_req_connecting,1678217705,1.910205,,,,true,,POST,http://20.210.36.32:8080/prediction/knn,HTTP/1.1,contacts,,200,,,http://20.210.36.32:8080/prediction/knn,,
http_req_tls_handshaking,1678217705,0.000000,,,,true,,POST,http://20.210.36.32:8080/prediction/knn,HTTP/1.1,contacts,,200,,,http://20.210.36.32:8080/prediction/knn,,
http_req_sending,1678217705,0.107001,,,,true,,POST,http://20.210.36.32:8080/prediction/knn,HTTP/1.1,contacts,,200,,,http://20.210.36.32:8080/prediction/knn,,
http_req_waiting,1678217705,47.761045,,,,true,,POST,http://20.210.36.32:8080/prediction/knn,HTTP/1.1,contacts,,200,,,http://20.210.36.32:8080/prediction/knn,,
http_req_receiving,1678217705,0.075100,,,,true,,POST,http://20.210.36.32:8080/prediction/knn,HTTP/1.1,contacts,,200,,,http://20.210.36.32:8080/prediction/knn,,
http_req_failed,1678217705,0.000000,,,,true,,POST,http://20.210.36.32:8080/prediction/knn,HTTP/1.1,contacts,,200,,,http://20.210.36.32:8080/prediction/knn,,
responseTime,1678217705,47.943146,,,,,,,,,contacts,,,,,,,
data_sent,1678217705,2088.000000,,,,,,,,,contacts,,,,,,,
data_received,1678217705,199.000000,,,,,,,,,contacts,,,,,,,
iteration_duration,1678217705,50.605154,,,,,,,,,contacts,,,,,,,
iterations,1678217705,1.000000,,,,,,,,,contacts,,,,,,,
http_reqs,1678217705,1.000000,,,,true,,POST,http://20.210.36.32:8080/prediction/knn,HTTP/1.1,contacts,,200,,,http://20.210.36.32:8080/prediction/knn,,
http_req_duration,1678217705,41.412925,,,,true,,POST,http://20.210.36.32:8080/prediction/knn,HTTP/1.1,contacts,,200,,,http://20.210.36.32:8080/prediction/knn,,
http_req_blocked,1678217705,2.356307,,,,true,,POST,http://20.210.36.32:8080/prediction/knn,HTTP/1.1,contacts,,200,,,http://20.210.36.32:8080/prediction/knn,,
http_req_connecting,1678217705,2.179407,,,,true,,POST,http://20.210.36.32:8080/prediction/knn,HTTP/1.1,contacts,,200,,,http://20.210.36.32:8080/prediction/knn,,
http_req_tls_handshaking,1678217705,0.000000,,,,true,,POST,http://20.210.36.32:8080/prediction/knn,HTTP/1.1,contacts,,200,,,http://20.210.36.32:8080/prediction/knn,,
http_req_sending,1678217705,0.211400,,,,true,,POST,http://20.210.36.32:8080/prediction/knn,HTTP/1.1,contacts,,200,,,http://20.210.36.32:8080/prediction/knn,,
http_req_waiting,1678217705,41.115525,,,,true,,POST,http://20.210.36.32:8080/prediction/knn,HTTP/1.1,contacts,,200,,,http://20.210.36.32:8080/prediction/knn,,
http_req_receiving,1678217705,0.086000,,,,true,,POST,http://20.210.36.32:8080/prediction/knn,HTTP/1.1,contacts,,200,,,http://20.210.36.32:8080/prediction/knn,,
http_req_failed,1678217705,0.000000,,,,true,,POST,http://20.210.36.32:8080/prediction/knn,HTTP/1.1,contacts,,200,,,http://20.210.36.32:8080/prediction/knn,,
responseTime,1678217705,41.412925,,,,,,,,,contacts,,,,,,,
data_sent,1678217705,2088.000000,,,,,,,,,contacts,,,,,,,
data_received,1678217705,199.000000,,,,,,,,,contacts,,,,,,,
iteration_duration,1678217705,44.327835,,,,,,,,,contacts,,,,,,,
iterations,1678217705,1.000000,,,,,,,,,contacts,,,,,,,
http_reqs,1678217705,1.000000,,,,true,,POST,http://20.210.36.32:8080/prediction/knn,HTTP/1.1,contacts,,200,,,http://20.210.36.32:8080/prediction/knn,,
http_req_duration,1678217705,64.027795,,,,true,,POST,http://20.210.36.32:8080/prediction/knn,HTTP/1.1,contacts,,200,,,http://20.210.36.32:8080/prediction/knn,,
http_req_blocked,1678217705,2.078306,,,,true,,POST,http://20.210.36.32:8080/prediction/knn,HTTP/1.1,contacts,,200,,,http://20.210.36.32:8080/prediction/knn,,
http_req_connecting,1678217705,2.001706,,,,true,,POST,http://20.210.36.32:8080/prediction/knn,HTTP/1.1,contacts,,200,,,http://20.210.36.32:8080/prediction/knn,,
http_req_tls_handshaking,1678217705,0.000000,,,,true,,POST,http://20.210.36.32:8080/prediction/knn,HTTP/1.1,contacts,,200,,,http://20.210.36.32:8080/prediction/knn,,
http_req_sending,1678217705,0.071801,,,,true,,POST,http://20.210.36.32:8080/prediction/knn,HTTP/1.1,contacts,,200,,,http://20.210.36.32:8080/prediction/knn,,
http_req_waiting,1678217705,63.863594,,,,true,,POST,http://20.210.36.32:8080/prediction/knn,HTTP/1.1,contacts,,200,,,http://20.210.36.32:8080/prediction/knn,,
http_req_receiving,1678217705,0.092400,,,,true,,POST,http://20.210.36.32:8080/prediction/knn,HTTP/1.1,contacts,,200,,,http://20.210.36.32:8080/prediction/knn,,
http_req_failed,1678217705,0.000000,,,,true,,POST,http://20.210.36.32:8080/prediction/knn,HTTP/1.1,contacts,,200,,,http://20.210.36.32:8080/prediction/knn,,
responseTime,1678217705,64.027795,,,,,,,,,contacts,,,,,,,
data_sent,1678217705,2088.000000,,,,,,,,,contacts,,,,,,,
data_received,1678217705,199.000000,,,,,,,,,contacts,,,,,,,
iteration_duration,1678217705,66.434602,,,,,,,,,contacts,,,,,,,
iterations,1678217705,1.000000,,,,,,,,,contacts,,,,,,,
http_reqs,1678217705,1.000000,,,,true,,POST,http://20.210.36.32:8080/prediction/knn,HTTP/1.1,contacts,,200,,,http://20.210.36.32:8080/prediction/knn,,
http_req_duration,1678217705,45.338638,,,,true,,POST,http://20.210.36.32:8080/prediction/knn,HTTP/1.1,contacts,,200,,,http://20.210.36.32:8080/prediction/knn,,
http_req_blocked,1678217705,2.202407,,,,true,,POST,http://20.210.36.32:8080/prediction/knn,HTTP/1.1,contacts,,200,,,http://20.210.36.32:8080/prediction/knn,,
http_req_connecting,1678217705,2.126407,,,,true,,POST,http://20.210.36.32:8080/prediction/knn,HTTP/1.1,contacts,,200,,,http://20.210.36.32:8080/prediction/knn,,
http_req_tls_handshaking,1678217705,0.000000,,,,true,,POST,http://20.210.36.32:8080/prediction/knn,HTTP/1.1,contacts,,200,,,http://20.210.36.32:8080/prediction/knn,,
http_req_sending,1678217705,0.079200,,,,true,,POST,http://20.210.36.32:8080/prediction/knn,HTTP/1.1,contacts,,200,,,http://20.210.36.32:8080/prediction/knn,,
http_req_waiting,1678217705,45.133637,,,,true,,POST,http://20.210.36.32:8080/prediction/knn,HTTP/1.1,contacts,,200,,,http://20.210.36.32:8080/prediction/knn,,
http_req_receiving,1678217705,0.125801,,,,true,,POST,http://20.210.36.32:8080/prediction/knn,HTTP/1.1,contacts,,200,,,http://20.210.36.32:8080/prediction/knn,,
http_req_failed,1678217705,0.000000,,,,true,,POST,http://20.210.36.32:8080/prediction/knn,HTTP/1.1,contacts,,200,,,http://20.210.36.32:8080/prediction/knn,,
responseTime,1678217705,45.338638,,,,,,,,,contacts,,,,,,,
data_sent,1678217705,2088.000000,,,,,,,,,contacts,,,,,,,
data_received,1678217705,199.000000,,,,,,,,,contacts,,,,,,,
iteration_duration,1678217705,48.094046,,,,,,,,,contacts,,,,,,,
iterations,1678217705,1.000000,,,,,,,,,contacts,,,,,,,
http_reqs,1678217705,1.000000,,,,true,,POST,http://20.210.36.32:8080/prediction/knn,HTTP/1.1,contacts,,200,,,http://20.210.36.32:8080/prediction/knn,,
http_req_duration,1678217705,56.640972,,,,true,,POST,http://20.210.36.32:8080/prediction/knn,HTTP/1.1,contacts,,200,,,http://20.210.36.32:8080/prediction/knn,,
http_req_blocked,1678217705,2.702208,,,,true,,POST,http://20.210.36.32:8080/prediction/knn,HTTP/1.1,contacts,,200,,,http://20.210.36.32:8080/prediction/knn,,
http_req_connecting,1678217705,2.597908,,,,true,,POST,http://20.210.36.32:8080/prediction/knn,HTTP/1.1,contacts,,200,,,http://20.210.36.32:8080/prediction/knn,,
http_req_tls_handshaking,1678217705,0.000000,,,,true,,POST,http://20.210.36.32:8080/prediction/knn,HTTP/1.1,contacts,,200,,,http://20.210.36.32:8080/prediction/knn,,
http_req_sending,1678217705,0.144501,,,,true,,POST,http://20.210.36.32:8080/prediction/knn,HTTP/1.1,contacts,,200,,,http://20.210.36.32:8080/prediction/knn,,
http_req_waiting,1678217705,56.414971,,,,true,,POST,http://20.210.36.32:8080/prediction/knn,HTTP/1.1,contacts,,200,,,http://20.210.36.32:8080/prediction/knn,,
http_req_receiving,1678217705,0.081500,,,,true,,POST,http://20.210.36.32:8080/prediction/knn,HTTP/1.1,contacts,,200,,,http://20.210.36.32:8080/prediction/knn,,
http_req_failed,1678217705,0.000000,,,,true,,POST,http://20.210.36.32:8080/prediction/knn,HTTP/1.1,contacts,,200,,,http://20.210.36.32:8080/prediction/knn,,
responseTime,1678217705,56.640972,,,,,,,,,contacts,,,,,,,
data_sent,1678217705,2088.000000,,,,,,,,,contacts,,,,,,,
data_received,1678217705,199.000000,,,,,,,,,contacts,,,,,,,
iteration_duration,1678217705,60.122183,,,,,,,,,contacts,,,,,,,
iterations,1678217705,1.000000,,,,,,,,,contacts,,,,,,,
http_reqs,1678217705,1.000000,,,,true,,POST,http://20.210.36.32:8080/prediction/knn,HTTP/1.1,contacts,,200,,,http://20.210.36.32:8080/prediction/knn,,
http_req_duration,1678217705,29.395690,,,,true,,POST,http://20.210.36.32:8080/prediction/knn,HTTP/1.1,contacts,,200,,,http://20.210.36.32:8080/prediction/knn,,
http_req_blocked,1678217705,2.123407,,,,true,,POST,http://20.210.36.32:8080/prediction/knn,HTTP/1.1,contacts,,200,,,http://20.210.36.32:8080/prediction/knn,,
http_req_connecting,1678217705,2.017706,,,,true,,POST,http://20.210.36.32:8080/prediction/knn,HTTP/1.1,contacts,,200,,,http://20.210.36.32:8080/prediction/knn,,
http_req_tls_handshaking,1678217705,0.000000,,,,true,,POST,http://20.210.36.32:8080/prediction/knn,HTTP/1.1,contacts,,200,,,http://20.210.36.32:8080/prediction/knn,,
http_req_sending,1678217705,0.069801,,,,true,,POST,http://20.210.36.32:8080/prediction/knn,HTTP/1.1,contacts,,200,,,http://20.210.36.32:8080/prediction/knn,,
http_req_waiting,1678217705,29.113288,,,,true,,POST,http://20.210.36.32:8080/prediction/knn,HTTP/1.1,contacts,,200,,,http://20.210.36.32:8080/prediction/knn,,
http_req_receiving,1678217705,0.212601,,,,true,,POST,http://20.210.36.32:8080/prediction/knn,HTTP/1.1,contacts,,200,,,http://20.210.36.32:8080/prediction/knn,,
http_req_failed,1678217705,0.000000,,,,true,,POST,http://20.210.36.32:8080/prediction/knn,HTTP/1.1,contacts,,200,,,http://20.210.36.32:8080/prediction/knn,,
responseTime,1678217705,29.395690,,,,,,,,,contacts,,,,,,,
data_sent,1678217705,2088.000000,,,,,,,,,contacts,,,,,,,
data_received,1678217705,199.000000,,,,,,,,,contacts,,,,,,,
iteration_duration,1678217705,32.073597,,,,,,,,,contacts,,,,,,,
iterations,1678217705,1.000000,,,,,,,,,contacts,,,,,,,
http_reqs,1678217705,1.000000,,,,true,,POST,http://20.210.36.32:8080/prediction/knn,HTTP/1.1,contacts,,200,,,http://20.210.36.32:8080/prediction/knn,,
http_req_duration,1678217705,61.766388,,,,true,,POST,http://20.210.36.32:8080/prediction/knn,HTTP/1.1,contacts,,200,,,http://20.210.36.32:8080/prediction/knn,,
http_req_blocked,1678217705,2.221106,,,,true,,POST,http://20.210.36.32:8080/prediction/knn,HTTP/1.1,contacts,,200,,,http://20.210.36.32:8080/prediction/knn,,
http_req_connecting,1678217705,2.139006,,,,true,,POST,http://20.210.36.32:8080/prediction/knn,HTTP/1.1,contacts,,200,,,http://20.210.36.32:8080/prediction/knn,,
http_req_tls_handshaking,1678217705,0.000000,,,,true,,POST,http://20.210.36.32:8080/prediction/knn,HTTP/1.1,contacts,,200,,,http://20.210.36.32:8080/prediction/knn,,
http_req_sending,1678217705,0.061900,,,,true,,POST,http://20.210.36.32:8080/prediction/knn,HTTP/1.1,contacts,,200,,,http://20.210.36.32:8080/prediction/knn,,
http_req_waiting,1678217705,61.573188,,,,true,,POST,http://20.210.36.32:8080/prediction/knn,HTTP/1.1,contacts,,200,,,http://20.210.36.32:8080/prediction/knn,,
http_req_receiving,1678217705,0.131300,,,,true,,POST,http://20.210.36.32:8080/prediction/knn,HTTP/1.1,contacts,,200,,,http://20.210.36.32:8080/prediction/knn,,
http_req_failed,1678217705,0.000000,,,,true,,POST,http://20.210.36.32:8080/prediction/knn,HTTP/1.1,contacts,,200,,,http://20.210.36.32:8080/prediction/knn,,
responseTime,1678217705,61.766388,,,,,,,,,contacts,,,,,,,
data_sent,1678217705,2088.000000,,,,,,,,,contacts,,,,,,,
data_received,1678217705,199.000000,,,,,,,,,contacts,,,,,,,
iteration_duration,1678217705,64.543796,,,,,,,,,contacts,,,,,,,
iterations,1678217705,1.000000,,,,,,,,,contacts,,,,,,,
http_reqs,1678217705,1.000000,,,,true,,POST,http://20.210.36.32:8080/prediction/knn,HTTP/1.1,contacts,,200,,,http://20.210.36.32:8080/prediction/knn,,
http_req_duration,1678217705,67.739806,,,,true,,POST,http://20.210.36.32:8080/prediction/knn,HTTP/1.1,contacts,,200,,,http://20.210.36.32:8080/prediction/knn,,
http_req_blocked,1678217705,1.911106,,,,true,,POST,http://20.210.36.32:8080/prediction/knn,HTTP/1.1,contacts,,200,,,http://20.210.36.32:8080/prediction/knn,,
http_req_connecting,1678217705,1.839505,,,,true,,POST,http://20.210.36.32:8080/prediction/knn,HTTP/1.1,contacts,,200,,,http://20.210.36.32:8080/prediction/knn,,
http_req_tls_handshaking,1678217705,0.000000,,,,true,,POST,http://20.210.36.32:8080/prediction/knn,HTTP/1.1,contacts,,200,,,http://20.210.36.32:8080/prediction/knn,,
http_req_sending,1678217705,0.096600,,,,true,,POST,http://20.210.36.32:8080/prediction/knn,HTTP/1.1,contacts,,200,,,http://20.210.36.32:8080/prediction/knn,,
http_req_waiting,1678217705,67.549106,,,,true,,POST,http://20.210.36.32:8080/prediction/knn,HTTP/1.1,contacts,,200,,,http://20.210.36.32:8080/prediction/knn,,
http_req_receiving,1678217705,0.094100,,,,true,,POST,http://20.210.36.32:8080/prediction/knn,HTTP/1.1,contacts,,200,,,http://20.210.36.32:8080/prediction/knn,,
http_req_failed,1678217705,0.000000,,,,true,,POST,http://20.210.36.32:8080/prediction/knn,HTTP/1.1,contacts,,200,,,http://20.210.36.32:8080/prediction/knn,,
responseTime,1678217705,67.739806,,,,,,,,,contacts,,,,,,,
data_sent,1678217705,2088.000000,,,,,,,,,contacts,,,,,,,
data_received,1678217705,199.000000,,,,,,,,,contacts,,,,,,,
iteration_duration,1678217705,70.227413,,,,,,,,,contacts,,,,,,,
iterations,1678217705,1.000000,,,,,,,,,contacts,,,,,,,
http_reqs,1678217705,1.000000,,,,true,,POST,http://20.210.36.32:8080/prediction/knn,HTTP/1.1,contacts,,200,,,http://20.210.36.32:8080/prediction/knn,,
http_req_duration,1678217705,63.670994,,,,true,,POST,http://20.210.36.32:8080/prediction/knn,HTTP/1.1,contacts,,200,,,http://20.210.36.32:8080/prediction/knn,,
http_req_blocked,1678217705,2.151206,,,,true,,POST,http://20.210.36.32:8080/prediction/knn,HTTP/1.1,contacts,,200,,,http://20.210.36.32:8080/prediction/knn,,
http_req_connecting,1678217705,2.057206,,,,true,,POST,http://20.210.36.32:8080/prediction/knn,HTTP/1.1,contacts,,200,,,http://20.210.36.32:8080/prediction/knn,,
http_req_tls_handshaking,1678217705,0.000000,,,,true,,POST,http://20.210.36.32:8080/prediction/knn,HTTP/1.1,contacts,,200,,,http://20.210.36.32:8080/prediction/knn,,
http_req_sending,1678217705,0.066701,,,,true,,POST,http://20.210.36.32:8080/prediction/knn,HTTP/1.1,contacts,,200,,,http://20.210.36.32:8080/prediction/knn,,
http_req_waiting,1678217705,63.377492,,,,true,,POST,http://20.210.36.32:8080/prediction/knn,HTTP/1.1,contacts,,200,,,http://20.210.36.32:8080/prediction/knn,,
http_req_receiving,1678217705,0.226801,,,,true,,POST,http://20.210.36.32:8080/prediction/knn,HTTP/1.1,contacts,,200,,,http://20.210.36.32:8080/prediction/knn,,
http_req_failed,1678217705,0.000000,,,,true,,POST,http://20.210.36.32:8080/prediction/knn,HTTP/1.1,contacts,,200,,,http://20.210.36.32:8080/prediction/knn,,
responseTime,1678217705,63.670994,,,,,,,,,contacts,,,,,,,
data_sent,1678217705,2088.000000,,,,,,,,,contacts,,,,,,,
data_received,1678217705,199.000000,,,,,,,,,contacts,,,,,,,
iteration_duration,1678217705,66.255402,,,,,,,,,contacts,,,,,,,
iterations,1678217705,1.000000,,,,,,,,,contacts,,,,,,,
http_reqs,1678217705,1.000000,,,,true,,POST,http://20.210.36.32:8080/prediction/knn,HTTP/1.1,contacts,,200,,,http://20.210.36.32:8080/prediction/knn,,
http_req_duration,1678217705,54.472065,,,,true,,POST,http://20.210.36.32:8080/prediction/knn,HTTP/1.1,contacts,,200,,,http://20.210.36.32:8080/prediction/knn,,
http_req_blocked,1678217705,2.246307,,,,true,,POST,http://20.210.36.32:8080/prediction/knn,HTTP/1.1,contacts,,200,,,http://20.210.36.32:8080/prediction/knn,,
http_req_connecting,1678217705,2.156807,,,,true,,POST,http://20.210.36.32:8080/prediction/knn,HTTP/1.1,contacts,,200,,,http://20.210.36.32:8080/prediction/knn,,
http_req_tls_handshaking,1678217705,0.000000,,,,true,,POST,http://20.210.36.32:8080/prediction/knn,HTTP/1.1,contacts,,200,,,http://20.210.36.32:8080/prediction/knn,,
http_req_sending,1678217705,0.097700,,,,true,,POST,http://20.210.36.32:8080/prediction/knn,HTTP/1.1,contacts,,200,,,http://20.210.36.32:8080/prediction/knn,,
http_req_waiting,1678217705,54.290865,,,,true,,POST,http://20.210.36.32:8080/prediction/knn,HTTP/1.1,contacts,,200,,,http://20.210.36.32:8080/prediction/knn,,
http_req_receiving,1678217705,0.083500,,,,true,,POST,http://20.210.36.32:8080/prediction/knn,HTTP/1.1,contacts,,200,,,http://20.210.36.32:8080/prediction/knn,,
http_req_failed,1678217705,0.000000,,,,true,,POST,http://20.210.36.32:8080/prediction/knn,HTTP/1.1,contacts,,200,,,http://20.210.36.32:8080/prediction/knn,,
responseTime,1678217705,54.472065,,,,,,,,,contacts,,,,,,,
data_sent,1678217705,2088.000000,,,,,,,,,contacts,,,,,,,
data_received,1678217705,199.000000,,,,,,,,,contacts,,,,,,,
iteration_duration,1678217705,57.141974,,,,,,,,,contacts,,,,,,,
iterations,1678217705,1.000000,,,,,,,,,contacts,,,,,,,
http_reqs,1678217705,1.000000,,,,true,,POST,http://20.210.36.32:8080/prediction/knn,HTTP/1.1,contacts,,200,,,http://20.210.36.32:8080/prediction/knn,,
http_req_duration,1678217705,59.638981,,,,true,,POST,http://20.210.36.32:8080/prediction/knn,HTTP/1.1,contacts,,200,,,http://20.210.36.32:8080/prediction/knn,,
http_req_blocked,1678217705,2.147306,,,,true,,POST,http://20.210.36.32:8080/prediction/knn,HTTP/1.1,contacts,,200,,,http://20.210.36.32:8080/prediction/knn,,
http_req_connecting,1678217705,2.060306,,,,true,,POST,http://20.210.36.32:8080/prediction/knn,HTTP/1.1,contacts,,200,,,http://20.210.36.32:8080/prediction/knn,,
http_req_tls_handshaking,1678217705,0.000000,,,,true,,POST,http://20.210.36.32:8080/prediction/knn,HTTP/1.1,contacts,,200,,,http://20.210.36.32:8080/prediction/knn,,
http_req_sending,1678217705,0.144801,,,,true,,POST,http://20.210.36.32:8080/prediction/knn,HTTP/1.1,contacts,,200,,,http://20.210.36.32:8080/prediction/knn,,
http_req_waiting,1678217705,59.398180,,,,true,,POST,http://20.210.36.32:8080/prediction/knn,HTTP/1.1,contacts,,200,,,http://20.210.36.32:8080/prediction/knn,,
http_req_receiving,1678217705,0.096000,,,,true,,POST,http://20.210.36.32:8080/prediction/knn,HTTP/1.1,contacts,,200,,,http://20.210.36.32:8080/prediction/knn,,
http_req_failed,1678217705,0.000000,,,,true,,POST,http://20.210.36.32:8080/prediction/knn,HTTP/1.1,contacts,,200,,,http://20.210.36.32:8080/prediction/knn,,
responseTime,1678217705,59.638981,,,,,,,,,contacts,,,,,,,
data_sent,1678217705,2088.000000,,,,,,,,,contacts,,,,,,,
data_received,1678217705,199.000000,,,,,,,,,contacts,,,,,,,
iteration_duration,1678217705,62.136389,,,,,,,,,contacts,,,,,,,
iterations,1678217705,1.000000,,,,,,,,,contacts,,,,,,,
http_reqs,1678217705,1.000000,,,,true,,POST,http://20.210.36.32:8080/prediction/knn,HTTP/1.1,contacts,,200,,,http://20.210.36.32:8080/prediction/knn,,
http_req_duration,1678217705,50.605754,,,,true,,POST,http://20.210.36.32:8080/prediction/knn,HTTP/1.1,contacts,,200,,,http://20.210.36.32:8080/prediction/knn,,
http_req_blocked,1678217705,2.054106,,,,true,,POST,http://20.210.36.32:8080/prediction/knn,HTTP/1.1,contacts,,200,,,http://20.210.36.32:8080/prediction/knn,,
http_req_connecting,1678217705,1.990006,,,,true,,POST,http://20.210.36.32:8080/prediction/knn,HTTP/1.1,contacts,,200,,,http://20.210.36.32:8080/prediction/knn,,
http_req_tls_handshaking,1678217705,0.000000,,,,true,,POST,http://20.210.36.32:8080/prediction/knn,HTTP/1.1,contacts,,200,,,http://20.210.36.32:8080/prediction/knn,,
http_req_sending,1678217705,0.091601,,,,true,,POST,http://20.210.36.32:8080/prediction/knn,HTTP/1.1,contacts,,200,,,http://20.210.36.32:8080/prediction/knn,,
http_req_waiting,1678217705,50.442953,,,,true,,POST,http://20.210.36.32:8080/prediction/knn,HTTP/1.1,contacts,,200,,,http://20.210.36.32:8080/prediction/knn,,
http_req_receiving,1678217705,0.071200,,,,true,,POST,http://20.210.36.32:8080/prediction/knn,HTTP/1.1,contacts,,200,,,http://20.210.36.32:8080/prediction/knn,,
http_req_failed,1678217705,0.000000,,,,true,,POST,http://20.210.36.32:8080/prediction/knn,HTTP/1.1,contacts,,200,,,http://20.210.36.32:8080/prediction/knn,,
responseTime,1678217705,50.605754,,,,,,,,,contacts,,,,,,,
data_sent,1678217705,2088.000000,,,,,,,,,contacts,,,,,,,
data_received,1678217705,199.000000,,,,,,,,,contacts,,,,,,,
iteration_duration,1678217705,53.470662,,,,,,,,,contacts,,,,,,,
iterations,1678217705,1.000000,,,,,,,,,contacts,,,,,,,
http_reqs,1678217705,1.000000,,,,true,,POST,http://20.210.36.32:8080/prediction/knn,HTTP/1.1,contacts,,200,,,http://20.210.36.32:8080/prediction/knn,,
http_req_duration,1678217705,36.700211,,,,true,,POST,http://20.210.36.32:8080/prediction/knn,HTTP/1.1,contacts,,200,,,http://20.210.36.32:8080/prediction/knn,,
http_req_blocked,1678217705,2.048306,,,,true,,POST,http://20.210.36.32:8080/prediction/knn,HTTP/1.1,contacts,,200,,,http://20.210.36.32:8080/prediction/knn,,
http_req_connecting,1678217705,1.991106,,,,true,,POST,http://20.210.36.32:8080/prediction/knn,HTTP/1.1,contacts,,200,,,http://20.210.36.32:8080/prediction/knn,,
http_req_tls_handshaking,1678217705,0.000000,,,,true,,POST,http://20.210.36.32:8080/prediction/knn,HTTP/1.1,contacts,,200,,,http://20.210.36.32:8080/prediction/knn,,
http_req_sending,1678217705,0.130600,,,,true,,POST,http://20.210.36.32:8080/prediction/knn,HTTP/1.1,contacts,,200,,,http://20.210.36.32:8080/prediction/knn,,
http_req_waiting,1678217705,33.961003,,,,true,,POST,http://20.210.36.32:8080/prediction/knn,HTTP/1.1,contacts,,200,,,http://20.210.36.32:8080/prediction/knn,,
http_req_receiving,1678217705,2.608608,,,,true,,POST,http://20.210.36.32:8080/prediction/knn,HTTP/1.1,contacts,,200,,,http://20.210.36.32:8080/prediction/knn,,
http_req_failed,1678217705,0.000000,,,,true,,POST,http://20.210.36.32:8080/prediction/knn,HTTP/1.1,contacts,,200,,,http://20.210.36.32:8080/prediction/knn,,
responseTime,1678217705,36.700211,,,,,,,,,contacts,,,,,,,
data_sent,1678217705,2088.000000,,,,,,,,,contacts,,,,,,,
data_received,1678217705,199.000000,,,,,,,,,contacts,,,,,,,
iteration_duration,1678217705,39.158419,,,,,,,,,contacts,,,,,,,
iterations,1678217705,1.000000,,,,,,,,,contacts,,,,,,,
http_reqs,1678217705,1.000000,,,,true,,POST,http://20.210.36.32:8080/prediction/knn,HTTP/1.1,contacts,,200,,,http://20.210.36.32:8080/prediction/knn,,
http_req_duration,1678217705,85.820761,,,,true,,POST,http://20.210.36.32:8080/prediction/knn,HTTP/1.1,contacts,,200,,,http://20.210.36.32:8080/prediction/knn,,
http_req_blocked,1678217705,2.343907,,,,true,,POST,http://20.210.36.32:8080/prediction/knn,HTTP/1.1,contacts,,200,,,http://20.210.36.32:8080/prediction/knn,,
http_req_connecting,1678217705,2.268007,,,,true,,POST,http://20.210.36.32:8080/prediction/knn,HTTP/1.1,contacts,,200,,,http://20.210.36.32:8080/prediction/knn,,
http_req_tls_handshaking,1678217705,0.000000,,,,true,,POST,http://20.210.36.32:8080/prediction/knn,HTTP/1.1,contacts,,200,,,http://20.210.36.32:8080/prediction/knn,,
http_req_sending,1678217705,0.163601,,,,true,,POST,http://20.210.36.32:8080/prediction/knn,HTTP/1.1,contacts,,200,,,http://20.210.36.32:8080/prediction/knn,,
http_req_waiting,1678217705,85.589860,,,,true,,POST,http://20.210.36.32:8080/prediction/knn,HTTP/1.1,contacts,,200,,,http://20.210.36.32:8080/prediction/knn,,
http_req_receiving,1678217705,0.067300,,,,true,,POST,http://20.210.36.32:8080/prediction/knn,HTTP/1.1,contacts,,200,,,http://20.210.36.32:8080/prediction/knn,,
http_req_failed,1678217705,0.000000,,,,true,,POST,http://20.210.36.32:8080/prediction/knn,HTTP/1.1,contacts,,200,,,http://20.210.36.32:8080/prediction/knn,,
responseTime,1678217705,85.820761,,,,,,,,,contacts,,,,,,,
data_sent,1678217705,2088.000000,,,,,,,,,contacts,,,,,,,
data_received,1678217705,199.000000,,,,,,,,,contacts,,,,,,,
iteration_duration,1678217705,89.095571,,,,,,,,,contacts,,,,,,,
iterations,1678217705,1.000000,,,,,,,,,contacts,,,,,,,
http_reqs,1678217705,1.000000,,,,true,,POST,http://20.210.36.32:8080/prediction/knn,HTTP/1.1,contacts,,200,,,http://20.210.36.32:8080/prediction/knn,,
http_req_duration,1678217705,103.441615,,,,true,,POST,http://20.210.36.32:8080/prediction/knn,HTTP/1.1,contacts,,200,,,http://20.210.36.32:8080/prediction/knn,,
http_req_blocked,1678217705,2.253107,,,,true,,POST,http://20.210.36.32:8080/prediction/knn,HTTP/1.1,contacts,,200,,,http://20.210.36.32:8080/prediction/knn,,
http_req_connecting,1678217705,2.155806,,,,true,,POST,http://20.210.36.32:8080/prediction/knn,HTTP/1.1,contacts,,200,,,http://20.210.36.32:8080/prediction/knn,,
http_req_tls_handshaking,1678217705,0.000000,,,,true,,POST,http://20.210.36.32:8080/prediction/knn,HTTP/1.1,contacts,,200,,,http://20.210.36.32:8080/prediction/knn,,
http_req_sending,1678217705,0.062400,,,,true,,POST,http://20.210.36.32:8080/prediction/knn,HTTP/1.1,contacts,,200,,,http://20.210.36.32:8080/prediction/knn,,
http_req_waiting,1678217705,103.141414,,,,true,,POST,http://20.210.36.32:8080/prediction/knn,HTTP/1.1,contacts,,200,,,http://20.210.36.32:8080/prediction/knn,,
http_req_receiving,1678217705,0.237801,,,,true,,POST,http://20.210.36.32:8080/prediction/knn,HTTP/1.1,contacts,,200,,,http://20.210.36.32:8080/prediction/knn,,
http_req_failed,1678217705,0.000000,,,,true,,POST,http://20.210.36.32:8080/prediction/knn,HTTP/1.1,contacts,,200,,,http://20.210.36.32:8080/prediction/knn,,
responseTime,1678217705,103.441615,,,,,,,,,contacts,,,,,,,
data_sent,1678217705,2088.000000,,,,,,,,,contacts,,,,,,,
data_received,1678217705,199.000000,,,,,,,,,contacts,,,,,,,
iteration_duration,1678217705,106.196623,,,,,,,,,contacts,,,,,,,
iterations,1678217705,1.000000,,,,,,,,,contacts,,,,,,,
vus,1678217705,4.000000,,,,,,,,,,,,,,,,
vus_max,1678217705,100.000000,,,,,,,,,,,,,,,,
http_reqs,1678217705,1.000000,,,,true,,POST,http://20.210.36.32:8080/prediction/knn,HTTP/1.1,contacts,,200,,,http://20.210.36.32:8080/prediction/knn,,
http_req_duration,1678217705,117.604757,,,,true,,POST,http://20.210.36.32:8080/prediction/knn,HTTP/1.1,contacts,,200,,,http://20.210.36.32:8080/prediction/knn,,
http_req_blocked,1678217705,2.150607,,,,true,,POST,http://20.210.36.32:8080/prediction/knn,HTTP/1.1,contacts,,200,,,http://20.210.36.32:8080/prediction/knn,,
http_req_connecting,1678217705,2.071807,,,,true,,POST,http://20.210.36.32:8080/prediction/knn,HTTP/1.1,contacts,,200,,,http://20.210.36.32:8080/prediction/knn,,
http_req_tls_handshaking,1678217705,0.000000,,,,true,,POST,http://20.210.36.32:8080/prediction/knn,HTTP/1.1,contacts,,200,,,http://20.210.36.32:8080/prediction/knn,,
http_req_sending,1678217705,0.068000,,,,true,,POST,http://20.210.36.32:8080/prediction/knn,HTTP/1.1,contacts,,200,,,http://20.210.36.32:8080/prediction/knn,,
http_req_waiting,1678217705,117.437557,,,,true,,POST,http://20.210.36.32:8080/prediction/knn,HTTP/1.1,contacts,,200,,,http://20.210.36.32:8080/prediction/knn,,
http_req_receiving,1678217705,0.099200,,,,true,,POST,http://20.210.36.32:8080/prediction/knn,HTTP/1.1,contacts,,200,,,http://20.210.36.32:8080/prediction/knn,,
http_req_failed,1678217705,0.000000,,,,true,,POST,http://20.210.36.32:8080/prediction/knn,HTTP/1.1,contacts,,200,,,http://20.210.36.32:8080/prediction/knn,,
http_reqs,1678217705,1.000000,,,,true,,POST,http://20.210.36.32:8080/prediction/knn,HTTP/1.1,contacts,,200,,,http://20.210.36.32:8080/prediction/knn,,
http_req_duration,1678217705,93.220983,,,,true,,POST,http://20.210.36.32:8080/prediction/knn,HTTP/1.1,contacts,,200,,,http://20.210.36.32:8080/prediction/knn,,
http_req_blocked,1678217705,2.103006,,,,true,,POST,http://20.210.36.32:8080/prediction/knn,HTTP/1.1,contacts,,200,,,http://20.210.36.32:8080/prediction/knn,,
http_req_connecting,1678217705,2.030806,,,,true,,POST,http://20.210.36.32:8080/prediction/knn,HTTP/1.1,contacts,,200,,,http://20.210.36.32:8080/prediction/knn,,
http_req_tls_handshaking,1678217705,0.000000,,,,true,,POST,http://20.210.36.32:8080/prediction/knn,HTTP/1.1,contacts,,200,,,http://20.210.36.32:8080/prediction/knn,,
http_req_sending,1678217705,0.059200,,,,true,,POST,http://20.210.36.32:8080/prediction/knn,HTTP/1.1,contacts,,200,,,http://20.210.36.32:8080/prediction/knn,,
http_req_waiting,1678217705,93.040383,,,,true,,POST,http://20.210.36.32:8080/prediction/knn,HTTP/1.1,contacts,,200,,,http://20.210.36.32:8080/prediction/knn,,
http_req_receiving,1678217705,0.121400,,,,true,,POST,http://20.210.36.32:8080/prediction/knn,HTTP/1.1,contacts,,200,,,http://20.210.36.32:8080/prediction/knn,,
http_req_failed,1678217705,0.000000,,,,true,,POST,http://20.210.36.32:8080/prediction/knn,HTTP/1.1,contacts,,200,,,http://20.210.36.32:8080/prediction/knn,,
responseTime,1678217705,93.220983,,,,,,,,,contacts,,,,,,,
data_sent,1678217705,2088.000000,,,,,,,,,contacts,,,,,,,
data_received,1678217705,199.000000,,,,,,,,,contacts,,,,,,,
iteration_duration,1678217705,95.972792,,,,,,,,,contacts,,,,,,,
iterations,1678217705,1.000000,,,,,,,,,contacts,,,,,,,
responseTime,1678217705,117.604757,,,,,,,,,contacts,,,,,,,
data_sent,1678217705,2088.000000,,,,,,,,,contacts,,,,,,,
data_received,1678217705,199.000000,,,,,,,,,contacts,,,,,,,
iteration_duration,1678217705,121.161569,,,,,,,,,contacts,,,,,,,
iterations,1678217705,1.000000,,,,,,,,,contacts,,,,,,,
http_reqs,1678217705,1.000000,,,,true,,POST,http://20.210.36.32:8080/prediction/knn,HTTP/1.1,contacts,,200,,,http://20.210.36.32:8080/prediction/knn,,
http_req_duration,1678217705,77.121735,,,,true,,POST,http://20.210.36.32:8080/prediction/knn,HTTP/1.1,contacts,,200,,,http://20.210.36.32:8080/prediction/knn,,
http_req_blocked,1678217705,2.197407,,,,true,,POST,http://20.210.36.32:8080/prediction/knn,HTTP/1.1,contacts,,200,,,http://20.210.36.32:8080/prediction/knn,,
http_req_connecting,1678217705,2.115306,,,,true,,POST,http://20.210.36.32:8080/prediction/knn,HTTP/1.1,contacts,,200,,,http://20.210.36.32:8080/prediction/knn,,
http_req_tls_handshaking,1678217705,0.000000,,,,true,,POST,http://20.210.36.32:8080/prediction/knn,HTTP/1.1,contacts,,200,,,http://20.210.36.32:8080/prediction/knn,,
http_req_sending,1678217705,0.089801,,,,true,,POST,http://20.210.36.32:8080/prediction/knn,HTTP/1.1,contacts,,200,,,http://20.210.36.32:8080/prediction/knn,,
http_req_waiting,1678217705,76.909033,,,,true,,POST,http://20.210.36.32:8080/prediction/knn,HTTP/1.1,contacts,,200,,,http://20.210.36.32:8080/prediction/knn,,
http_req_receiving,1678217705,0.122901,,,,true,,POST,http://20.210.36.32:8080/prediction/knn,HTTP/1.1,contacts,,200,,,http://20.210.36.32:8080/prediction/knn,,
http_req_failed,1678217705,0.000000,,,,true,,POST,http://20.210.36.32:8080/prediction/knn,HTTP/1.1,contacts,,200,,,http://20.210.36.32:8080/prediction/knn,,
responseTime,1678217705,77.121735,,,,,,,,,contacts,,,,,,,
data_sent,1678217705,2088.000000,,,,,,,,,contacts,,,,,,,
data_received,1678217705,199.000000,,,,,,,,,contacts,,,,,,,
iteration_duration,1678217705,79.729142,,,,,,,,,contacts,,,,,,,
iterations,1678217705,1.000000,,,,,,,,,contacts,,,,,,,
http_reqs,1678217705,1.000000,,,,true,,POST,http://20.210.36.32:8080/prediction/knn,HTTP/1.1,contacts,,200,,,http://20.210.36.32:8080/prediction/knn,,
http_req_duration,1678217705,123.937377,,,,true,,POST,http://20.210.36.32:8080/prediction/knn,HTTP/1.1,contacts,,200,,,http://20.210.36.32:8080/prediction/knn,,
http_req_blocked,1678217705,2.050606,,,,true,,POST,http://20.210.36.32:8080/prediction/knn,HTTP/1.1,contacts,,200,,,http://20.210.36.32:8080/prediction/knn,,
http_req_connecting,1678217705,1.981306,,,,true,,POST,http://20.210.36.32:8080/prediction/knn,HTTP/1.1,contacts,,200,,,http://20.210.36.32:8080/prediction/knn,,
http_req_tls_handshaking,1678217705,0.000000,,,,true,,POST,http://20.210.36.32:8080/prediction/knn,HTTP/1.1,contacts,,200,,,http://20.210.36.32:8080/prediction/knn,,
http_req_sending,1678217705,0.064600,,,,true,,POST,http://20.210.36.32:8080/prediction/knn,HTTP/1.1,contacts,,200,,,http://20.210.36.32:8080/prediction/knn,,
http_req_waiting,1678217705,123.784576,,,,true,,POST,http://20.210.36.32:8080/prediction/knn,HTTP/1.1,contacts,,200,,,http://20.210.36.32:8080/prediction/knn,,
http_req_receiving,1678217705,0.088201,,,,true,,POST,http://20.210.36.32:8080/prediction/knn,HTTP/1.1,contacts,,200,,,http://20.210.36.32:8080/prediction/knn,,
http_req_failed,1678217705,0.000000,,,,true,,POST,http://20.210.36.32:8080/prediction/knn,HTTP/1.1,contacts,,200,,,http://20.210.36.32:8080/prediction/knn,,
responseTime,1678217705,123.937377,,,,,,,,,contacts,,,,,,,
data_sent,1678217705,2088.000000,,,,,,,,,contacts,,,,,,,
data_received,1678217705,199.000000,,,,,,,,,contacts,,,,,,,
iteration_duration,1678217705,126.314184,,,,,,,,,contacts,,,,,,,
iterations,1678217705,1.000000,,,,,,,,,contacts,,,,,,,
http_reqs,1678217705,1.000000,,,,true,,POST,http://20.210.36.32:8080/prediction/knn,HTTP/1.1,contacts,,200,,,http://20.210.36.32:8080/prediction/knn,,
http_req_duration,1678217705,128.877191,,,,true,,POST,http://20.210.36.32:8080/prediction/knn,HTTP/1.1,contacts,,200,,,http://20.210.36.32:8080/prediction/knn,,
http_req_blocked,1678217705,2.235407,,,,true,,POST,http://20.210.36.32:8080/prediction/knn,HTTP/1.1,contacts,,200,,,http://20.210.36.32:8080/prediction/knn,,
http_req_connecting,1678217705,2.191307,,,,true,,POST,http://20.210.36.32:8080/prediction/knn,HTTP/1.1,contacts,,200,,,http://20.210.36.32:8080/prediction/knn,,
http_req_tls_handshaking,1678217705,0.000000,,,,true,,POST,http://20.210.36.32:8080/prediction/knn,HTTP/1.1,contacts,,200,,,http://20.210.36.32:8080/prediction/knn,,
http_req_sending,1678217705,0.052200,,,,true,,POST,http://20.210.36.32:8080/prediction/knn,HTTP/1.1,contacts,,200,,,http://20.210.36.32:8080/prediction/knn,,
http_req_waiting,1678217705,128.756591,,,,true,,POST,http://20.210.36.32:8080/prediction/knn,HTTP/1.1,contacts,,200,,,http://20.210.36.32:8080/prediction/knn,,
http_req_receiving,1678217705,0.068400,,,,true,,POST,http://20.210.36.32:8080/prediction/knn,HTTP/1.1,contacts,,200,,,http://20.210.36.32:8080/prediction/knn,,
http_req_failed,1678217705,0.000000,,,,true,,POST,http://20.210.36.32:8080/prediction/knn,HTTP/1.1,contacts,,200,,,http://20.210.36.32:8080/prediction/knn,,
responseTime,1678217705,128.877191,,,,,,,,,contacts,,,,,,,
data_sent,1678217705,2088.000000,,,,,,,,,contacts,,,,,,,
data_received,1678217705,199.000000,,,,,,,,,contacts,,,,,,,
iteration_duration,1678217705,131.652900,,,,,,,,,contacts,,,,,,,
iterations,1678217705,1.000000,,,,,,,,,contacts,,,,,,,
http_reqs,1678217705,1.000000,,,,true,,POST,http://20.210.36.32:8080/prediction/knn,HTTP/1.1,contacts,,200,,,http://20.210.36.32:8080/prediction/knn,,
http_req_duration,1678217705,156.882177,,,,true,,POST,http://20.210.36.32:8080/prediction/knn,HTTP/1.1,contacts,,200,,,http://20.210.36.32:8080/prediction/knn,,
http_req_blocked,1678217705,2.136606,,,,true,,POST,http://20.210.36.32:8080/prediction/knn,HTTP/1.1,contacts,,200,,,http://20.210.36.32:8080/prediction/knn,,
http_req_connecting,1678217705,2.087506,,,,true,,POST,http://20.210.36.32:8080/prediction/knn,HTTP/1.1,contacts,,200,,,http://20.210.36.32:8080/prediction/knn,,
http_req_tls_handshaking,1678217705,0.000000,,,,true,,POST,http://20.210.36.32:8080/prediction/knn,HTTP/1.1,contacts,,200,,,http://20.210.36.32:8080/prediction/knn,,
http_req_sending,1678217705,0.239601,,,,true,,POST,http://20.210.36.32:8080/prediction/knn,HTTP/1.1,contacts,,200,,,http://20.210.36.32:8080/prediction/knn,,
http_req_waiting,1678217705,156.542776,,,,true,,POST,http://20.210.36.32:8080/prediction/knn,HTTP/1.1,contacts,,200,,,http://20.210.36.32:8080/prediction/knn,,
http_req_receiving,1678217705,0.099800,,,,true,,POST,http://20.210.36.32:8080/prediction/knn,HTTP/1.1,contacts,,200,,,http://20.210.36.32:8080/prediction/knn,,
http_req_failed,1678217705,0.000000,,,,true,,POST,http://20.210.36.32:8080/prediction/knn,HTTP/1.1,contacts,,200,,,http://20.210.36.32:8080/prediction/knn,,
responseTime,1678217705,156.882177,,,,,,,,,contacts,,,,,,,
data_sent,1678217705,2088.000000,,,,,,,,,contacts,,,,,,,
data_received,1678217705,199.000000,,,,,,,,,contacts,,,,,,,
iteration_duration,1678217705,159.452684,,,,,,,,,contacts,,,,,,,
iterations,1678217705,1.000000,,,,,,,,,contacts,,,,,,,
http_reqs,1678217705,1.000000,,,,true,,POST,http://20.210.36.32:8080/prediction/knn,HTTP/1.1,contacts,,200,,,http://20.210.36.32:8080/prediction/knn,,
http_req_duration,1678217705,147.169847,,,,true,,POST,http://20.210.36.32:8080/prediction/knn,HTTP/1.1,contacts,,200,,,http://20.210.36.32:8080/prediction/knn,,
http_req_blocked,1678217705,2.276107,,,,true,,POST,http://20.210.36.32:8080/prediction/knn,HTTP/1.1,contacts,,200,,,http://20.210.36.32:8080/prediction/knn,,
http_req_connecting,1678217705,2.196407,,,,true,,POST,http://20.210.36.32:8080/prediction/knn,HTTP/1.1,contacts,,200,,,http://20.210.36.32:8080/prediction/knn,,
http_req_tls_handshaking,1678217705,0.000000,,,,true,,POST,http://20.210.36.32:8080/prediction/knn,HTTP/1.1,contacts,,200,,,http://20.210.36.32:8080/prediction/knn,,
http_req_sending,1678217705,0.119900,,,,true,,POST,http://20.210.36.32:8080/prediction/knn,HTTP/1.1,contacts,,200,,,http://20.210.36.32:8080/prediction/knn,,
http_req_waiting,1678217705,146.963547,,,,true,,POST,http://20.210.36.32:8080/prediction/knn,HTTP/1.1,contacts,,200,,,http://20.210.36.32:8080/prediction/knn,,
http_req_receiving,1678217705,0.086400,,,,true,,POST,http://20.210.36.32:8080/prediction/knn,HTTP/1.1,contacts,,200,,,http://20.210.36.32:8080/prediction/knn,,
http_req_failed,1678217705,0.000000,,,,true,,POST,http://20.210.36.32:8080/prediction/knn,HTTP/1.1,contacts,,200,,,http://20.210.36.32:8080/prediction/knn,,
responseTime,1678217705,147.169847,,,,,,,,,contacts,,,,,,,
data_sent,1678217705,2088.000000,,,,,,,,,contacts,,,,,,,
data_received,1678217705,199.000000,,,,,,,,,contacts,,,,,,,
iteration_duration,1678217705,149.772556,,,,,,,,,contacts,,,,,,,
iterations,1678217705,1.000000,,,,,,,,,contacts,,,,,,,
http_reqs,1678217705,1.000000,,,,true,,POST,http://20.210.36.32:8080/prediction/knn,HTTP/1.1,contacts,,200,,,http://20.210.36.32:8080/prediction/knn,,
http_req_duration,1678217705,124.994580,,,,true,,POST,http://20.210.36.32:8080/prediction/knn,HTTP/1.1,contacts,,200,,,http://20.210.36.32:8080/prediction/knn,,
http_req_blocked,1678217705,2.166106,,,,true,,POST,http://20.210.36.32:8080/prediction/knn,HTTP/1.1,contacts,,200,,,http://20.210.36.32:8080/prediction/knn,,
http_req_connecting,1678217705,2.072706,,,,true,,POST,http://20.210.36.32:8080/prediction/knn,HTTP/1.1,contacts,,200,,,http://20.210.36.32:8080/prediction/knn,,
http_req_tls_handshaking,1678217705,0.000000,,,,true,,POST,http://20.210.36.32:8080/prediction/knn,HTTP/1.1,contacts,,200,,,http://20.210.36.32:8080/prediction/knn,,
http_req_sending,1678217705,0.106000,,,,true,,POST,http://20.210.36.32:8080/prediction/knn,HTTP/1.1,contacts,,200,,,http://20.210.36.32:8080/prediction/knn,,
http_req_waiting,1678217705,124.814080,,,,true,,POST,http://20.210.36.32:8080/prediction/knn,HTTP/1.1,contacts,,200,,,http://20.210.36.32:8080/prediction/knn,,
http_req_receiving,1678217705,0.074500,,,,true,,POST,http://20.210.36.32:8080/prediction/knn,HTTP/1.1,contacts,,200,,,http://20.210.36.32:8080/prediction/knn,,
http_req_failed,1678217705,0.000000,,,,true,,POST,http://20.210.36.32:8080/prediction/knn,HTTP/1.1,contacts,,200,,,http://20.210.36.32:8080/prediction/knn,,
responseTime,1678217705,124.994580,,,,,,,,,contacts,,,,,,,
data_sent,1678217705,2088.000000,,,,,,,,,contacts,,,,,,,
data_received,1678217705,199.000000,,,,,,,,,contacts,,,,,,,
iteration_duration,1678217705,127.483688,,,,,,,,,contacts,,,,,,,
iterations,1678217705,1.000000,,,,,,,,,contacts,,,,,,,
http_reqs,1678217705,1.000000,,,,true,,POST,http://20.210.36.32:8080/prediction/knn,HTTP/1.1,contacts,,200,,,http://20.210.36.32:8080/prediction/knn,,
http_req_duration,1678217705,85.322959,,,,true,,POST,http://20.210.36.32:8080/prediction/knn,HTTP/1.1,contacts,,200,,,http://20.210.36.32:8080/prediction/knn,,
http_req_blocked,1678217705,4.169413,,,,true,,POST,http://20.210.36.32:8080/prediction/knn,HTTP/1.1,contacts,,200,,,http://20.210.36.32:8080/prediction/knn,,
http_req_connecting,1678217705,4.108613,,,,true,,POST,http://20.210.36.32:8080/prediction/knn,HTTP/1.1,contacts,,200,,,http://20.210.36.32:8080/prediction/knn,,
http_req_tls_handshaking,1678217705,0.000000,,,,true,,POST,http://20.210.36.32:8080/prediction/knn,HTTP/1.1,contacts,,200,,,http://20.210.36.32:8080/prediction/knn,,
http_req_sending,1678217705,0.061500,,,,true,,POST,http://20.210.36.32:8080/prediction/knn,HTTP/1.1,contacts,,200,,,http://20.210.36.32:8080/prediction/knn,,
http_req_waiting,1678217705,85.187559,,,,true,,POST,http://20.210.36.32:8080/prediction/knn,HTTP/1.1,contacts,,200,,,http://20.210.36.32:8080/prediction/knn,,
http_req_receiving,1678217705,0.073900,,,,true,,POST,http://20.210.36.32:8080/prediction/knn,HTTP/1.1,contacts,,200,,,http://20.210.36.32:8080/prediction/knn,,
http_req_failed,1678217705,0.000000,,,,true,,POST,http://20.210.36.32:8080/prediction/knn,HTTP/1.1,contacts,,200,,,http://20.210.36.32:8080/prediction/knn,,
responseTime,1678217705,85.322959,,,,,,,,,contacts,,,,,,,
data_sent,1678217705,2088.000000,,,,,,,,,contacts,,,,,,,
data_received,1678217705,199.000000,,,,,,,,,contacts,,,,,,,
iteration_duration,1678217705,89.810473,,,,,,,,,contacts,,,,,,,
iterations,1678217705,1.000000,,,,,,,,,contacts,,,,,,,
http_reqs,1678217705,1.000000,,,,true,,POST,http://20.210.36.32:8080/prediction/knn,HTTP/1.1,contacts,,200,,,http://20.210.36.32:8080/prediction/knn,,
http_req_duration,1678217705,186.356266,,,,true,,POST,http://20.210.36.32:8080/prediction/knn,HTTP/1.1,contacts,,200,,,http://20.210.36.32:8080/prediction/knn,,
http_req_blocked,1678217705,2.155507,,,,true,,POST,http://20.210.36.32:8080/prediction/knn,HTTP/1.1,contacts,,200,,,http://20.210.36.32:8080/prediction/knn,,
http_req_connecting,1678217705,2.090106,,,,true,,POST,http://20.210.36.32:8080/prediction/knn,HTTP/1.1,contacts,,200,,,http://20.210.36.32:8080/prediction/knn,,
http_req_tls_handshaking,1678217705,0.000000,,,,true,,POST,http://20.210.36.32:8080/prediction/knn,HTTP/1.1,contacts,,200,,,http://20.210.36.32:8080/prediction/knn,,
http_req_sending,1678217705,0.092600,,,,true,,POST,http://20.210.36.32:8080/prediction/knn,HTTP/1.1,contacts,,200,,,http://20.210.36.32:8080/prediction/knn,,
http_req_waiting,1678217705,186.134966,,,,true,,POST,http://20.210.36.32:8080/prediction/knn,HTTP/1.1,contacts,,200,,,http://20.210.36.32:8080/prediction/knn,,
http_req_receiving,1678217705,0.128700,,,,true,,POST,http://20.210.36.32:8080/prediction/knn,HTTP/1.1,contacts,,200,,,http://20.210.36.32:8080/prediction/knn,,
http_req_failed,1678217705,0.000000,,,,true,,POST,http://20.210.36.32:8080/prediction/knn,HTTP/1.1,contacts,,200,,,http://20.210.36.32:8080/prediction/knn,,
responseTime,1678217705,186.356266,,,,,,,,,contacts,,,,,,,
data_sent,1678217705,2088.000000,,,,,,,,,contacts,,,,,,,
data_received,1678217705,199.000000,,,,,,,,,contacts,,,,,,,
iteration_duration,1678217705,189.037875,,,,,,,,,contacts,,,,,,,
iterations,1678217705,1.000000,,,,,,,,,contacts,,,,,,,
http_reqs,1678217705,1.000000,,,,true,,POST,http://20.210.36.32:8080/prediction/knn,HTTP/1.1,contacts,,200,,,http://20.210.36.32:8080/prediction/knn,,
http_req_duration,1678217705,182.611555,,,,true,,POST,http://20.210.36.32:8080/prediction/knn,HTTP/1.1,contacts,,200,,,http://20.210.36.32:8080/prediction/knn,,
http_req_blocked,1678217705,2.043707,,,,true,,POST,http://20.210.36.32:8080/prediction/knn,HTTP/1.1,contacts,,200,,,http://20.210.36.32:8080/prediction/knn,,
http_req_connecting,1678217705,1.976206,,,,true,,POST,http://20.210.36.32:8080/prediction/knn,HTTP/1.1,contacts,,200,,,http://20.210.36.32:8080/prediction/knn,,
http_req_tls_handshaking,1678217705,0.000000,,,,true,,POST,http://20.210.36.32:8080/prediction/knn,HTTP/1.1,contacts,,200,,,http://20.210.36.32:8080/prediction/knn,,
http_req_sending,1678217705,0.065300,,,,true,,POST,http://20.210.36.32:8080/prediction/knn,HTTP/1.1,contacts,,200,,,http://20.210.36.32:8080/prediction/knn,,
http_req_waiting,1678217705,182.454254,,,,true,,POST,http://20.210.36.32:8080/prediction/knn,HTTP/1.1,contacts,,200,,,http://20.210.36.32:8080/prediction/knn,,
http_req_receiving,1678217705,0.092001,,,,true,,POST,http://20.210.36.32:8080/prediction/knn,HTTP/1.1,contacts,,200,,,http://20.210.36.32:8080/prediction/knn,,
http_req_failed,1678217705,0.000000,,,,true,,POST,http://20.210.36.32:8080/prediction/knn,HTTP/1.1,contacts,,200,,,http://20.210.36.32:8080/prediction/knn,,
responseTime,1678217705,182.611555,,,,,,,,,contacts,,,,,,,
data_sent,1678217705,2088.000000,,,,,,,,,contacts,,,,,,,
data_received,1678217705,199.000000,,,,,,,,,contacts,,,,,,,
iteration_duration,1678217705,185.097762,,,,,,,,,contacts,,,,,,,
iterations,1678217705,1.000000,,,,,,,,,contacts,,,,,,,
http_reqs,1678217705,1.000000,,,,true,,POST,http://20.210.36.32:8080/prediction/knn,HTTP/1.1,contacts,,200,,,http://20.210.36.32:8080/prediction/knn,,
http_req_duration,1678217705,142.864334,,,,true,,POST,http://20.210.36.32:8080/prediction/knn,HTTP/1.1,contacts,,200,,,http://20.210.36.32:8080/prediction/knn,,
http_req_blocked,1678217705,3.912312,,,,true,,POST,http://20.210.36.32:8080/prediction/knn,HTTP/1.1,contacts,,200,,,http://20.210.36.32:8080/prediction/knn,,
http_req_connecting,1678217705,3.846412,,,,true,,POST,http://20.210.36.32:8080/prediction/knn,HTTP/1.1,contacts,,200,,,http://20.210.36.32:8080/prediction/knn,,
http_req_tls_handshaking,1678217705,0.000000,,,,true,,POST,http://20.210.36.32:8080/prediction/knn,HTTP/1.1,contacts,,200,,,http://20.210.36.32:8080/prediction/knn,,
http_req_sending,1678217705,0.066900,,,,true,,POST,http://20.210.36.32:8080/prediction/knn,HTTP/1.1,contacts,,200,,,http://20.210.36.32:8080/prediction/knn,,
http_req_waiting,1678217705,142.410333,,,,true,,POST,http://20.210.36.32:8080/prediction/knn,HTTP/1.1,contacts,,200,,,http://20.210.36.32:8080/prediction/knn,,
http_req_receiving,1678217705,0.387101,,,,true,,POST,http://20.210.36.32:8080/prediction/knn,HTTP/1.1,contacts,,200,,,http://20.210.36.32:8080/prediction/knn,,
http_req_failed,1678217705,0.000000,,,,true,,POST,http://20.210.36.32:8080/prediction/knn,HTTP/1.1,contacts,,200,,,http://20.210.36.32:8080/prediction/knn,,
responseTime,1678217705,142.864334,,,,,,,,,contacts,,,,,,,
data_sent,1678217705,2088.000000,,,,,,,,,contacts,,,,,,,
data_received,1678217705,199.000000,,,,,,,,,contacts,,,,,,,
iteration_duration,1678217705,147.082547,,,,,,,,,contacts,,,,,,,
iterations,1678217705,1.000000,,,,,,,,,contacts,,,,,,,
http_reqs,1678217705,1.000000,,,,true,,POST,http://20.210.36.32:8080/prediction/knn,HTTP/1.1,contacts,,200,,,http://20.210.36.32:8080/prediction/knn,,
http_req_duration,1678217705,128.778991,,,,true,,POST,http://20.210.36.32:8080/prediction/knn,HTTP/1.1,contacts,,200,,,http://20.210.36.32:8080/prediction/knn,,
http_req_blocked,1678217705,4.506514,,,,true,,POST,http://20.210.36.32:8080/prediction/knn,HTTP/1.1,contacts,,200,,,http://20.210.36.32:8080/prediction/knn,,
http_req_connecting,1678217705,4.408813,,,,true,,POST,http://20.210.36.32:8080/prediction/knn,HTTP/1.1,contacts,,200,,,http://20.210.36.32:8080/prediction/knn,,
http_req_tls_handshaking,1678217705,0.000000,,,,true,,POST,http://20.210.36.32:8080/prediction/knn,HTTP/1.1,contacts,,200,,,http://20.210.36.32:8080/prediction/knn,,
http_req_sending,1678217705,0.149900,,,,true,,POST,http://20.210.36.32:8080/prediction/knn,HTTP/1.1,contacts,,200,,,http://20.210.36.32:8080/prediction/knn,,
http_req_waiting,1678217705,128.541991,,,,true,,POST,http://20.210.36.32:8080/prediction/knn,HTTP/1.1,contacts,,200,,,http://20.210.36.32:8080/prediction/knn,,
http_req_receiving,1678217705,0.087100,,,,true,,POST,http://20.210.36.32:8080/prediction/knn,HTTP/1.1,contacts,,200,,,http://20.210.36.32:8080/prediction/knn,,
http_req_failed,1678217705,0.000000,,,,true,,POST,http://20.210.36.32:8080/prediction/knn,HTTP/1.1,contacts,,200,,,http://20.210.36.32:8080/prediction/knn,,
responseTime,1678217705,128.778991,,,,,,,,,contacts,,,,,,,
data_sent,1678217705,2088.000000,,,,,,,,,contacts,,,,,,,
data_received,1678217705,199.000000,,,,,,,,,contacts,,,,,,,
iteration_duration,1678217705,133.659306,,,,,,,,,contacts,,,,,,,
iterations,1678217705,1.000000,,,,,,,,,contacts,,,,,,,
http_reqs,1678217705,1.000000,,,,true,,POST,http://20.210.36.32:8080/prediction/knn,HTTP/1.1,contacts,,200,,,http://20.210.36.32:8080/prediction/knn,,
http_req_duration,1678217705,92.367281,,,,true,,POST,http://20.210.36.32:8080/prediction/knn,HTTP/1.1,contacts,,200,,,http://20.210.36.32:8080/prediction/knn,,
http_req_blocked,1678217705,4.005312,,,,true,,POST,http://20.210.36.32:8080/prediction/knn,HTTP/1.1,contacts,,200,,,http://20.210.36.32:8080/prediction/knn,,
http_req_connecting,1678217705,3.957212,,,,true,,POST,http://20.210.36.32:8080/prediction/knn,HTTP/1.1,contacts,,200,,,http://20.210.36.32:8080/prediction/knn,,
http_req_tls_handshaking,1678217705,0.000000,,,,true,,POST,http://20.210.36.32:8080/prediction/knn,HTTP/1.1,contacts,,200,,,http://20.210.36.32:8080/prediction/knn,,
http_req_sending,1678217705,0.053900,,,,true,,POST,http://20.210.36.32:8080/prediction/knn,HTTP/1.1,contacts,,200,,,http://20.210.36.32:8080/prediction/knn,,
http_req_waiting,1678217705,92.193281,,,,true,,POST,http://20.210.36.32:8080/prediction/knn,HTTP/1.1,contacts,,200,,,http://20.210.36.32:8080/prediction/knn,,
http_req_receiving,1678217705,0.120100,,,,true,,POST,http://20.210.36.32:8080/prediction/knn,HTTP/1.1,contacts,,200,,,http://20.210.36.32:8080/prediction/knn,,
http_req_failed,1678217705,0.000000,,,,true,,POST,http://20.210.36.32:8080/prediction/knn,HTTP/1.1,contacts,,200,,,http://20.210.36.32:8080/prediction/knn,,
responseTime,1678217705,92.367281,,,,,,,,,contacts,,,,,,,
data_sent,1678217705,2088.000000,,,,,,,,,contacts,,,,,,,
data_received,1678217705,199.000000,,,,,,,,,contacts,,,,,,,
iteration_duration,1678217705,96.835294,,,,,,,,,contacts,,,,,,,
iterations,1678217705,1.000000,,,,,,,,,contacts,,,,,,,
http_reqs,1678217705,1.000000,,,,true,,POST,http://20.210.36.32:8080/prediction/knn,HTTP/1.1,contacts,,200,,,http://20.210.36.32:8080/prediction/knn,,
http_req_duration,1678217705,118.840462,,,,true,,POST,http://20.210.36.32:8080/prediction/knn,HTTP/1.1,contacts,,200,,,http://20.210.36.32:8080/prediction/knn,,
http_req_blocked,1678217705,4.249913,,,,true,,POST,http://20.210.36.32:8080/prediction/knn,HTTP/1.1,contacts,,200,,,http://20.210.36.32:8080/prediction/knn,,
http_req_connecting,1678217705,4.117812,,,,true,,POST,http://20.210.36.32:8080/prediction/knn,HTTP/1.1,contacts,,200,,,http://20.210.36.32:8080/prediction/knn,,
http_req_tls_handshaking,1678217705,0.000000,,,,true,,POST,http://20.210.36.32:8080/prediction/knn,HTTP/1.1,contacts,,200,,,http://20.210.36.32:8080/prediction/knn,,
http_req_sending,1678217705,0.075201,,,,true,,POST,http://20.210.36.32:8080/prediction/knn,HTTP/1.1,contacts,,200,,,http://20.210.36.32:8080/prediction/knn,,
http_req_waiting,1678217705,118.685260,,,,true,,POST,http://20.210.36.32:8080/prediction/knn,HTTP/1.1,contacts,,200,,,http://20.210.36.32:8080/prediction/knn,,
http_req_receiving,1678217705,0.080001,,,,true,,POST,http://20.210.36.32:8080/prediction/knn,HTTP/1.1,contacts,,200,,,http://20.210.36.32:8080/prediction/knn,,
http_req_failed,1678217705,0.000000,,,,true,,POST,http://20.210.36.32:8080/prediction/knn,HTTP/1.1,contacts,,200,,,http://20.210.36.32:8080/prediction/knn,,
responseTime,1678217705,118.840462,,,,,,,,,contacts,,,,,,,
data_sent,1678217705,2088.000000,,,,,,,,,contacts,,,,,,,
data_received,1678217705,199.000000,,,,,,,,,contacts,,,,,,,
iteration_duration,1678217705,123.615276,,,,,,,,,contacts,,,,,,,
iterations,1678217705,1.000000,,,,,,,,,contacts,,,,,,,
http_reqs,1678217705,1.000000,,,,true,,POST,http://20.210.36.32:8080/prediction/knn,HTTP/1.1,contacts,,200,,,http://20.210.36.32:8080/prediction/knn,,
http_req_duration,1678217705,102.444912,,,,true,,POST,http://20.210.36.32:8080/prediction/knn,HTTP/1.1,contacts,,200,,,http://20.210.36.32:8080/prediction/knn,,
http_req_blocked,1678217705,4.166812,,,,true,,POST,http://20.210.36.32:8080/prediction/knn,HTTP/1.1,contacts,,200,,,http://20.210.36.32:8080/prediction/knn,,
http_req_connecting,1678217705,4.097712,,,,true,,POST,http://20.210.36.32:8080/prediction/knn,HTTP/1.1,contacts,,200,,,http://20.210.36.32:8080/prediction/knn,,
http_req_tls_handshaking,1678217705,0.000000,,,,true,,POST,http://20.210.36.32:8080/prediction/knn,HTTP/1.1,contacts,,200,,,http://20.210.36.32:8080/prediction/knn,,
http_req_sending,1678217705,0.060700,,,,true,,POST,http://20.210.36.32:8080/prediction/knn,HTTP/1.1,contacts,,200,,,http://20.210.36.32:8080/prediction/knn,,
http_req_waiting,1678217705,102.116111,,,,true,,POST,http://20.210.36.32:8080/prediction/knn,HTTP/1.1,contacts,,200,,,http://20.210.36.32:8080/prediction/knn,,
http_req_receiving,1678217705,0.268101,,,,true,,POST,http://20.210.36.32:8080/prediction/knn,HTTP/1.1,contacts,,200,,,http://20.210.36.32:8080/prediction/knn,,
http_req_failed,1678217705,0.000000,,,,true,,POST,http://20.210.36.32:8080/prediction/knn,HTTP/1.1,contacts,,200,,,http://20.210.36.32:8080/prediction/knn,,
responseTime,1678217705,102.444912,,,,,,,,,contacts,,,,,,,
data_sent,1678217705,2088.000000,,,,,,,,,contacts,,,,,,,
data_received,1678217705,199.000000,,,,,,,,,contacts,,,,,,,
iteration_duration,1678217705,107.240926,,,,,,,,,contacts,,,,,,,
iterations,1678217705,1.000000,,,,,,,,,contacts,,,,,,,
http_reqs,1678217705,1.000000,,,,true,,POST,http://20.210.36.32:8080/prediction/knn,HTTP/1.1,contacts,,200,,,http://20.210.36.32:8080/prediction/knn,,
http_req_duration,1678217705,78.390638,,,,true,,POST,http://20.210.36.32:8080/prediction/knn,HTTP/1.1,contacts,,200,,,http://20.210.36.32:8080/prediction/knn,,
http_req_blocked,1678217705,4.101613,,,,true,,POST,http://20.210.36.32:8080/prediction/knn,HTTP/1.1,contacts,,200,,,http://20.210.36.32:8080/prediction/knn,,
http_req_connecting,1678217705,4.036313,,,,true,,POST,http://20.210.36.32:8080/prediction/knn,HTTP/1.1,contacts,,200,,,http://20.210.36.32:8080/prediction/knn,,
http_req_tls_handshaking,1678217705,0.000000,,,,true,,POST,http://20.210.36.32:8080/prediction/knn,HTTP/1.1,contacts,,200,,,http://20.210.36.32:8080/prediction/knn,,
http_req_sending,1678217705,0.055800,,,,true,,POST,http://20.210.36.32:8080/prediction/knn,HTTP/1.1,contacts,,200,,,http://20.210.36.32:8080/prediction/knn,,
http_req_waiting,1678217705,72.275520,,,,true,,POST,http://20.210.36.32:8080/prediction/knn,HTTP/1.1,contacts,,200,,,http://20.210.36.32:8080/prediction/knn,,
http_req_receiving,1678217705,6.059318,,,,true,,POST,http://20.210.36.32:8080/prediction/knn,HTTP/1.1,contacts,,200,,,http://20.210.36.32:8080/prediction/knn,,
http_req_failed,1678217705,0.000000,,,,true,,POST,http://20.210.36.32:8080/prediction/knn,HTTP/1.1,contacts,,200,,,http://20.210.36.32:8080/prediction/knn,,
responseTime,1678217705,78.390638,,,,,,,,,contacts,,,,,,,
data_sent,1678217705,2088.000000,,,,,,,,,contacts,,,,,,,
data_received,1678217705,199.000000,,,,,,,,,contacts,,,,,,,
iteration_duration,1678217705,82.963653,,,,,,,,,contacts,,,,,,,
iterations,1678217705,1.000000,,,,,,,,,contacts,,,,,,,
http_reqs,1678217705,1.000000,,,,true,,POST,http://20.210.36.32:8080/prediction/knn,HTTP/1.1,contacts,,200,,,http://20.210.36.32:8080/prediction/knn,,
http_req_duration,1678217705,86.354462,,,,true,,POST,http://20.210.36.32:8080/prediction/knn,HTTP/1.1,contacts,,200,,,http://20.210.36.32:8080/prediction/knn,,
http_req_blocked,1678217705,4.322813,,,,true,,POST,http://20.210.36.32:8080/prediction/knn,HTTP/1.1,contacts,,200,,,http://20.210.36.32:8080/prediction/knn,,
http_req_connecting,1678217705,4.193813,,,,true,,POST,http://20.210.36.32:8080/prediction/knn,HTTP/1.1,contacts,,200,,,http://20.210.36.32:8080/prediction/knn,,
http_req_tls_handshaking,1678217705,0.000000,,,,true,,POST,http://20.210.36.32:8080/prediction/knn,HTTP/1.1,contacts,,200,,,http://20.210.36.32:8080/prediction/knn,,
http_req_sending,1678217705,0.070100,,,,true,,POST,http://20.210.36.32:8080/prediction/knn,HTTP/1.1,contacts,,200,,,http://20.210.36.32:8080/prediction/knn,,
http_req_waiting,1678217705,85.780861,,,,true,,POST,http://20.210.36.32:8080/prediction/knn,HTTP/1.1,contacts,,200,,,http://20.210.36.32:8080/prediction/knn,,
http_req_receiving,1678217705,0.503501,,,,true,,POST,http://20.210.36.32:8080/prediction/knn,HTTP/1.1,contacts,,200,,,http://20.210.36.32:8080/prediction/knn,,
http_req_failed,1678217705,0.000000,,,,true,,POST,http://20.210.36.32:8080/prediction/knn,HTTP/1.1,contacts,,200,,,http://20.210.36.32:8080/prediction/knn,,
responseTime,1678217705,86.354462,,,,,,,,,contacts,,,,,,,
data_sent,1678217705,2088.000000,,,,,,,,,contacts,,,,,,,
data_received,1678217705,199.000000,,,,,,,,,contacts,,,,,,,
iteration_duration,1678217705,91.078577,,,,,,,,,contacts,,,,,,,
iterations,1678217705,1.000000,,,,,,,,,contacts,,,,,,,
http_reqs,1678217706,1.000000,,,,true,,POST,http://20.210.36.32:8080/prediction/knn,HTTP/1.1,contacts,,200,,,http://20.210.36.32:8080/prediction/knn,,
http_req_duration,1678217706,87.011565,,,,true,,POST,http://20.210.36.32:8080/prediction/knn,HTTP/1.1,contacts,,200,,,http://20.210.36.32:8080/prediction/knn,,
http_req_blocked,1678217706,4.279813,,,,true,,POST,http://20.210.36.32:8080/prediction/knn,HTTP/1.1,contacts,,200,,,http://20.210.36.32:8080/prediction/knn,,
http_req_connecting,1678217706,4.225713,,,,true,,POST,http://20.210.36.32:8080/prediction/knn,HTTP/1.1,contacts,,200,,,http://20.210.36.32:8080/prediction/knn,,
http_req_tls_handshaking,1678217706,0.000000,,,,true,,POST,http://20.210.36.32:8080/prediction/knn,HTTP/1.1,contacts,,200,,,http://20.210.36.32:8080/prediction/knn,,
http_req_sending,1678217706,0.159401,,,,true,,POST,http://20.210.36.32:8080/prediction/knn,HTTP/1.1,contacts,,200,,,http://20.210.36.32:8080/prediction/knn,,
http_req_waiting,1678217706,86.737363,,,,true,,POST,http://20.210.36.32:8080/prediction/knn,HTTP/1.1,contacts,,200,,,http://20.210.36.32:8080/prediction/knn,,
http_req_receiving,1678217706,0.114801,,,,true,,POST,http://20.210.36.32:8080/prediction/knn,HTTP/1.1,contacts,,200,,,http://20.210.36.32:8080/prediction/knn,,
http_req_failed,1678217706,0.000000,,,,true,,POST,http://20.210.36.32:8080/prediction/knn,HTTP/1.1,contacts,,200,,,http://20.210.36.32:8080/prediction/knn,,
responseTime,1678217706,87.011565,,,,,,,,,contacts,,,,,,,
data_sent,1678217706,2088.000000,,,,,,,,,contacts,,,,,,,
data_received,1678217706,199.000000,,,,,,,,,contacts,,,,,,,
iteration_duration,1678217706,91.689378,,,,,,,,,contacts,,,,,,,
iterations,1678217706,1.000000,,,,,,,,,contacts,,,,,,,
http_reqs,1678217706,1.000000,,,,true,,POST,http://20.210.36.32:8080/prediction/knn,HTTP/1.1,contacts,,200,,,http://20.210.36.32:8080/prediction/knn,,
http_req_duration,1678217706,127.857589,,,,true,,POST,http://20.210.36.32:8080/prediction/knn,HTTP/1.1,contacts,,200,,,http://20.210.36.32:8080/prediction/knn,,
http_req_blocked,1678217706,4.727914,,,,true,,POST,http://20.210.36.32:8080/prediction/knn,HTTP/1.1,contacts,,200,,,http://20.210.36.32:8080/prediction/knn,,
http_req_connecting,1678217706,4.634814,,,,true,,POST,http://20.210.36.32:8080/prediction/knn,HTTP/1.1,contacts,,200,,,http://20.210.36.32:8080/prediction/knn,,
http_req_tls_handshaking,1678217706,0.000000,,,,true,,POST,http://20.210.36.32:8080/prediction/knn,HTTP/1.1,contacts,,200,,,http://20.210.36.32:8080/prediction/knn,,
http_req_sending,1678217706,0.093100,,,,true,,POST,http://20.210.36.32:8080/prediction/knn,HTTP/1.1,contacts,,200,,,http://20.210.36.32:8080/prediction/knn,,
http_req_waiting,1678217706,127.598288,,,,true,,POST,http://20.210.36.32:8080/prediction/knn,HTTP/1.1,contacts,,200,,,http://20.210.36.32:8080/prediction/knn,,
http_req_receiving,1678217706,0.166201,,,,true,,POST,http://20.210.36.32:8080/prediction/knn,HTTP/1.1,contacts,,200,,,http://20.210.36.32:8080/prediction/knn,,
http_req_failed,1678217706,0.000000,,,,true,,POST,http://20.210.36.32:8080/prediction/knn,HTTP/1.1,contacts,,200,,,http://20.210.36.32:8080/prediction/knn,,
responseTime,1678217706,127.857589,,,,,,,,,contacts,,,,,,,
data_sent,1678217706,2088.000000,,,,,,,,,contacts,,,,,,,
data_received,1678217706,199.000000,,,,,,,,,contacts,,,,,,,
iteration_duration,1678217706,133.168505,,,,,,,,,contacts,,,,,,,
iterations,1678217706,1.000000,,,,,,,,,contacts,,,,,,,
http_reqs,1678217706,1.000000,,,,true,,POST,http://20.210.36.32:8080/prediction/knn,HTTP/1.1,contacts,,200,,,http://20.210.36.32:8080/prediction/knn,,
http_req_duration,1678217706,122.579973,,,,true,,POST,http://20.210.36.32:8080/prediction/knn,HTTP/1.1,contacts,,200,,,http://20.210.36.32:8080/prediction/knn,,
http_req_blocked,1678217706,17.942154,,,,true,,POST,http://20.210.36.32:8080/prediction/knn,HTTP/1.1,contacts,,200,,,http://20.210.36.32:8080/prediction/knn,,
http_req_connecting,1678217706,17.851854,,,,true,,POST,http://20.210.36.32:8080/prediction/knn,HTTP/1.1,contacts,,200,,,http://20.210.36.32:8080/prediction/knn,,
http_req_tls_handshaking,1678217706,0.000000,,,,true,,POST,http://20.210.36.32:8080/prediction/knn,HTTP/1.1,contacts,,200,,,http://20.210.36.32:8080/prediction/knn,,
http_req_sending,1678217706,0.070900,,,,true,,POST,http://20.210.36.32:8080/prediction/knn,HTTP/1.1,contacts,,200,,,http://20.210.36.32:8080/prediction/knn,,
http_req_waiting,1678217706,122.411073,,,,true,,POST,http://20.210.36.32:8080/prediction/knn,HTTP/1.1,contacts,,200,,,http://20.210.36.32:8080/prediction/knn,,
http_req_receiving,1678217706,0.098000,,,,true,,POST,http://20.210.36.32:8080/prediction/knn,HTTP/1.1,contacts,,200,,,http://20.210.36.32:8080/prediction/knn,,
http_req_failed,1678217706,0.000000,,,,true,,POST,http://20.210.36.32:8080/prediction/knn,HTTP/1.1,contacts,,200,,,http://20.210.36.32:8080/prediction/knn,,
responseTime,1678217706,122.579973,,,,,,,,,contacts,,,,,,,
data_sent,1678217706,2088.000000,,,,,,,,,contacts,,,,,,,
data_received,1678217706,199.000000,,,,,,,,,contacts,,,,,,,
iteration_duration,1678217706,141.053628,,,,,,,,,contacts,,,,,,,
iterations,1678217706,1.000000,,,,,,,,,contacts,,,,,,,
http_reqs,1678217706,1.000000,,,,true,,POST,http://20.210.36.32:8080/prediction/knn,HTTP/1.1,contacts,,200,,,http://20.210.36.32:8080/prediction/knn,,
http_req_duration,1678217706,121.020468,,,,true,,POST,http://20.210.36.32:8080/prediction/knn,HTTP/1.1,contacts,,200,,,http://20.210.36.32:8080/prediction/knn,,
http_req_blocked,1678217706,3.637711,,,,true,,POST,http://20.210.36.32:8080/prediction/knn,HTTP/1.1,contacts,,200,,,http://20.210.36.32:8080/prediction/knn,,
http_req_connecting,1678217706,3.560711,,,,true,,POST,http://20.210.36.32:8080/prediction/knn,HTTP/1.1,contacts,,200,,,http://20.210.36.32:8080/prediction/knn,,
http_req_tls_handshaking,1678217706,0.000000,,,,true,,POST,http://20.210.36.32:8080/prediction/knn,HTTP/1.1,contacts,,200,,,http://20.210.36.32:8080/prediction/knn,,
http_req_sending,1678217706,0.061800,,,,true,,POST,http://20.210.36.32:8080/prediction/knn,HTTP/1.1,contacts,,200,,,http://20.210.36.32:8080/prediction/knn,,
http_req_waiting,1678217706,120.887268,,,,true,,POST,http://20.210.36.32:8080/prediction/knn,HTTP/1.1,contacts,,200,,,http://20.210.36.32:8080/prediction/knn,,
http_req_receiving,1678217706,0.071400,,,,true,,POST,http://20.210.36.32:8080/prediction/knn,HTTP/1.1,contacts,,200,,,http://20.210.36.32:8080/prediction/knn,,
http_req_failed,1678217706,0.000000,,,,true,,POST,http://20.210.36.32:8080/prediction/knn,HTTP/1.1,contacts,,200,,,http://20.210.36.32:8080/prediction/knn,,
responseTime,1678217706,121.020468,,,,,,,,,contacts,,,,,,,
data_sent,1678217706,2088.000000,,,,,,,,,contacts,,,,,,,
data_received,1678217706,199.000000,,,,,,,,,contacts,,,,,,,
iteration_duration,1678217706,125.042480,,,,,,,,,contacts,,,,,,,
iterations,1678217706,1.000000,,,,,,,,,contacts,,,,,,,
http_reqs,1678217706,1.000000,,,,true,,POST,http://20.210.36.32:8080/prediction/knn,HTTP/1.1,contacts,,200,,,http://20.210.36.32:8080/prediction/knn,,
http_req_duration,1678217706,153.659568,,,,true,,POST,http://20.210.36.32:8080/prediction/knn,HTTP/1.1,contacts,,200,,,http://20.210.36.32:8080/prediction/knn,,
http_req_blocked,1678217706,3.996013,,,,true,,POST,http://20.210.36.32:8080/prediction/knn,HTTP/1.1,contacts,,200,,,http://20.210.36.32:8080/prediction/knn,,
http_req_connecting,1678217706,3.921911,,,,true,,POST,http://20.210.36.32:8080/prediction/knn,HTTP/1.1,contacts,,200,,,http://20.210.36.32:8080/prediction/knn,,
http_req_tls_handshaking,1678217706,0.000000,,,,true,,POST,http://20.210.36.32:8080/prediction/knn,HTTP/1.1,contacts,,200,,,http://20.210.36.32:8080/prediction/knn,,
http_req_sending,1678217706,0.067201,,,,true,,POST,http://20.210.36.32:8080/prediction/knn,HTTP/1.1,contacts,,200,,,http://20.210.36.32:8080/prediction/knn,,
http_req_waiting,1678217706,153.478166,,,,true,,POST,http://20.210.36.32:8080/prediction/knn,HTTP/1.1,contacts,,200,,,http://20.210.36.32:8080/prediction/knn,,
http_req_receiving,1678217706,0.114201,,,,true,,POST,http://20.210.36.32:8080/prediction/knn,HTTP/1.1,contacts,,200,,,http://20.210.36.32:8080/prediction/knn,,
http_req_failed,1678217706,0.000000,,,,true,,POST,http://20.210.36.32:8080/prediction/knn,HTTP/1.1,contacts,,200,,,http://20.210.36.32:8080/prediction/knn,,
responseTime,1678217706,153.659568,,,,,,,,,contacts,,,,,,,
data_sent,1678217706,2088.000000,,,,,,,,,contacts,,,,,,,
data_received,1678217706,199.000000,,,,,,,,,contacts,,,,,,,
iteration_duration,1678217706,158.376882,,,,,,,,,contacts,,,,,,,
iterations,1678217706,1.000000,,,,,,,,,contacts,,,,,,,
http_reqs,1678217706,1.000000,,,,true,,POST,http://20.210.36.32:8080/prediction/knn,HTTP/1.1,contacts,,200,,,http://20.210.36.32:8080/prediction/knn,,
http_req_duration,1678217706,108.514630,,,,true,,POST,http://20.210.36.32:8080/prediction/knn,HTTP/1.1,contacts,,200,,,http://20.210.36.32:8080/prediction/knn,,
http_req_blocked,1678217706,3.933012,,,,true,,POST,http://20.210.36.32:8080/prediction/knn,HTTP/1.1,contacts,,200,,,http://20.210.36.32:8080/prediction/knn,,
http_req_connecting,1678217706,3.868512,,,,true,,POST,http://20.210.36.32:8080/prediction/knn,HTTP/1.1,contacts,,200,,,http://20.210.36.32:8080/prediction/knn,,
http_req_tls_handshaking,1678217706,0.000000,,,,true,,POST,http://20.210.36.32:8080/prediction/knn,HTTP/1.1,contacts,,200,,,http://20.210.36.32:8080/prediction/knn,,
http_req_sending,1678217706,0.184101,,,,true,,POST,http://20.210.36.32:8080/prediction/knn,HTTP/1.1,contacts,,200,,,http://20.210.36.32:8080/prediction/knn,,
http_req_waiting,1678217706,104.687818,,,,true,,POST,http://20.210.36.32:8080/prediction/knn,HTTP/1.1,contacts,,200,,,http://20.210.36.32:8080/prediction/knn,,
http_req_receiving,1678217706,3.642711,,,,true,,POST,http://20.210.36.32:8080/prediction/knn,HTTP/1.1,contacts,,200,,,http://20.210.36.32:8080/prediction/knn,,
http_req_failed,1678217706,0.000000,,,,true,,POST,http://20.210.36.32:8080/prediction/knn,HTTP/1.1,contacts,,200,,,http://20.210.36.32:8080/prediction/knn,,
responseTime,1678217706,108.514630,,,,,,,,,contacts,,,,,,,
data_sent,1678217706,2088.000000,,,,,,,,,contacts,,,,,,,
data_received,1678217706,199.000000,,,,,,,,,contacts,,,,,,,
iteration_duration,1678217706,112.845243,,,,,,,,,contacts,,,,,,,
iterations,1678217706,1.000000,,,,,,,,,contacts,,,,,,,
http_reqs,1678217706,1.000000,,,,true,,POST,http://20.210.36.32:8080/prediction/knn,HTTP/1.1,contacts,,200,,,http://20.210.36.32:8080/prediction/knn,,
http_req_duration,1678217706,140.020725,,,,true,,POST,http://20.210.36.32:8080/prediction/knn,HTTP/1.1,contacts,,200,,,http://20.210.36.32:8080/prediction/knn,,
http_req_blocked,1678217706,5.127916,,,,true,,POST,http://20.210.36.32:8080/prediction/knn,HTTP/1.1,contacts,,200,,,http://20.210.36.32:8080/prediction/knn,,
http_req_connecting,1678217706,5.008915,,,,true,,POST,http://20.210.36.32:8080/prediction/knn,HTTP/1.1,contacts,,200,,,http://20.210.36.32:8080/prediction/knn,,
http_req_tls_handshaking,1678217706,0.000000,,,,true,,POST,http://20.210.36.32:8080/prediction/knn,HTTP/1.1,contacts,,200,,,http://20.210.36.32:8080/prediction/knn,,
http_req_sending,1678217706,0.186300,,,,true,,POST,http://20.210.36.32:8080/prediction/knn,HTTP/1.1,contacts,,200,,,http://20.210.36.32:8080/prediction/knn,,
http_req_waiting,1678217706,139.721325,,,,true,,POST,http://20.210.36.32:8080/prediction/knn,HTTP/1.1,contacts,,200,,,http://20.210.36.32:8080/prediction/knn,,
http_req_receiving,1678217706,0.113100,,,,true,,POST,http://20.210.36.32:8080/prediction/knn,HTTP/1.1,contacts,,200,,,http://20.210.36.32:8080/prediction/knn,,
http_req_failed,1678217706,0.000000,,,,true,,POST,http://20.210.36.32:8080/prediction/knn,HTTP/1.1,contacts,,200,,,http://20.210.36.32:8080/prediction/knn,,
responseTime,1678217706,140.020725,,,,,,,,,contacts,,,,,,,
data_sent,1678217706,2088.000000,,,,,,,,,contacts,,,,,,,
data_received,1678217706,199.000000,,,,,,,,,contacts,,,,,,,
iteration_duration,1678217706,145.863243,,,,,,,,,contacts,,,,,,,
iterations,1678217706,1.000000,,,,,,,,,contacts,,,,,,,
http_reqs,1678217706,1.000000,,,,true,,POST,http://20.210.36.32:8080/prediction/knn,HTTP/1.1,contacts,,200,,,http://20.210.36.32:8080/prediction/knn,,
http_req_duration,1678217706,132.552803,,,,true,,POST,http://20.210.36.32:8080/prediction/knn,HTTP/1.1,contacts,,200,,,http://20.210.36.32:8080/prediction/knn,,
http_req_blocked,1678217706,3.961012,,,,true,,POST,http://20.210.36.32:8080/prediction/knn,HTTP/1.1,contacts,,200,,,http://20.210.36.32:8080/prediction/knn,,
http_req_connecting,1678217706,3.895212,,,,true,,POST,http://20.210.36.32:8080/prediction/knn,HTTP/1.1,contacts,,200,,,http://20.210.36.32:8080/prediction/knn,,
http_req_tls_handshaking,1678217706,0.000000,,,,true,,POST,http://20.210.36.32:8080/prediction/knn,HTTP/1.1,contacts,,200,,,http://20.210.36.32:8080/prediction/knn,,
http_req_sending,1678217706,0.109200,,,,true,,POST,http://20.210.36.32:8080/prediction/knn,HTTP/1.1,contacts,,200,,,http://20.210.36.32:8080/prediction/knn,,
http_req_waiting,1678217706,132.373103,,,,true,,POST,http://20.210.36.32:8080/prediction/knn,HTTP/1.1,contacts,,200,,,http://20.210.36.32:8080/prediction/knn,,
http_req_receiving,1678217706,0.070500,,,,true,,POST,http://20.210.36.32:8080/prediction/knn,HTTP/1.1,contacts,,200,,,http://20.210.36.32:8080/prediction/knn,,
http_req_failed,1678217706,0.000000,,,,true,,POST,http://20.210.36.32:8080/prediction/knn,HTTP/1.1,contacts,,200,,,http://20.210.36.32:8080/prediction/knn,,
responseTime,1678217706,132.552803,,,,,,,,,contacts,,,,,,,
data_sent,1678217706,2088.000000,,,,,,,,,contacts,,,,,,,
data_received,1678217706,199.000000,,,,,,,,,contacts,,,,,,,
iteration_duration,1678217706,136.937117,,,,,,,,,contacts,,,,,,,
iterations,1678217706,1.000000,,,,,,,,,contacts,,,,,,,
http_reqs,1678217706,1.000000,,,,true,,POST,http://20.210.36.32:8080/prediction/knn,HTTP/1.1,contacts,,200,,,http://20.210.36.32:8080/prediction/knn,,
http_req_duration,1678217706,147.112547,,,,true,,POST,http://20.210.36.32:8080/prediction/knn,HTTP/1.1,contacts,,200,,,http://20.210.36.32:8080/prediction/knn,,
http_req_blocked,1678217706,4.357414,,,,true,,POST,http://20.210.36.32:8080/prediction/knn,HTTP/1.1,contacts,,200,,,http://20.210.36.32:8080/prediction/knn,,
http_req_connecting,1678217706,4.288313,,,,true,,POST,http://20.210.36.32:8080/prediction/knn,HTTP/1.1,contacts,,200,,,http://20.210.36.32:8080/prediction/knn,,
http_req_tls_handshaking,1678217706,0.000000,,,,true,,POST,http://20.210.36.32:8080/prediction/knn,HTTP/1.1,contacts,,200,,,http://20.210.36.32:8080/prediction/knn,,
http_req_sending,1678217706,0.096400,,,,true,,POST,http://20.210.36.32:8080/prediction/knn,HTTP/1.1,contacts,,200,,,http://20.210.36.32:8080/prediction/knn,,
http_req_waiting,1678217706,146.828446,,,,true,,POST,http://20.210.36.32:8080/prediction/knn,HTTP/1.1,contacts,,200,,,http://20.210.36.32:8080/prediction/knn,,
http_req_receiving,1678217706,0.187701,,,,true,,POST,http://20.210.36.32:8080/prediction/knn,HTTP/1.1,contacts,,200,,,http://20.210.36.32:8080/prediction/knn,,
http_req_failed,1678217706,0.000000,,,,true,,POST,http://20.210.36.32:8080/prediction/knn,HTTP/1.1,contacts,,200,,,http://20.210.36.32:8080/prediction/knn,,
responseTime,1678217706,147.112547,,,,,,,,,contacts,,,,,,,
data_sent,1678217706,2088.000000,,,,,,,,,contacts,,,,,,,
data_received,1678217706,199.000000,,,,,,,,,contacts,,,,,,,
iteration_duration,1678217706,151.902661,,,,,,,,,contacts,,,,,,,
iterations,1678217706,1.000000,,,,,,,,,contacts,,,,,,,
http_reqs,1678217706,1.000000,,,,true,,POST,http://20.210.36.32:8080/prediction/knn,HTTP/1.1,contacts,,200,,,http://20.210.36.32:8080/prediction/knn,,
http_req_duration,1678217706,122.338872,,,,true,,POST,http://20.210.36.32:8080/prediction/knn,HTTP/1.1,contacts,,200,,,http://20.210.36.32:8080/prediction/knn,,
http_req_blocked,1678217706,4.148712,,,,true,,POST,http://20.210.36.32:8080/prediction/knn,HTTP/1.1,contacts,,200,,,http://20.210.36.32:8080/prediction/knn,,
http_req_connecting,1678217706,4.045412,,,,true,,POST,http://20.210.36.32:8080/prediction/knn,HTTP/1.1,contacts,,200,,,http://20.210.36.32:8080/prediction/knn,,
http_req_tls_handshaking,1678217706,0.000000,,,,true,,POST,http://20.210.36.32:8080/prediction/knn,HTTP/1.1,contacts,,200,,,http://20.210.36.32:8080/prediction/knn,,
http_req_sending,1678217706,0.077901,,,,true,,POST,http://20.210.36.32:8080/prediction/knn,HTTP/1.1,contacts,,200,,,http://20.210.36.32:8080/prediction/knn,,
http_req_waiting,1678217706,120.376865,,,,true,,POST,http://20.210.36.32:8080/prediction/knn,HTTP/1.1,contacts,,200,,,http://20.210.36.32:8080/prediction/knn,,
http_req_receiving,1678217706,1.884106,,,,true,,POST,http://20.210.36.32:8080/prediction/knn,HTTP/1.1,contacts,,200,,,http://20.210.36.32:8080/prediction/knn,,
http_req_failed,1678217706,0.000000,,,,true,,POST,http://20.210.36.32:8080/prediction/knn,HTTP/1.1,contacts,,200,,,http://20.210.36.32:8080/prediction/knn,,
responseTime,1678217706,122.338872,,,,,,,,,contacts,,,,,,,
data_sent,1678217706,2088.000000,,,,,,,,,contacts,,,,,,,
data_received,1678217706,199.000000,,,,,,,,,contacts,,,,,,,
iteration_duration,1678217706,126.994386,,,,,,,,,contacts,,,,,,,
iterations,1678217706,1.000000,,,,,,,,,contacts,,,,,,,
http_reqs,1678217706,1.000000,,,,true,,POST,http://20.210.36.32:8080/prediction/knn,HTTP/1.1,contacts,,200,,,http://20.210.36.32:8080/prediction/knn,,
http_req_duration,1678217706,149.282154,,,,true,,POST,http://20.210.36.32:8080/prediction/knn,HTTP/1.1,contacts,,200,,,http://20.210.36.32:8080/prediction/knn,,
http_req_blocked,1678217706,4.013113,,,,true,,POST,http://20.210.36.32:8080/prediction/knn,HTTP/1.1,contacts,,200,,,http://20.210.36.32:8080/prediction/knn,,
http_req_connecting,1678217706,3.901211,,,,true,,POST,http://20.210.36.32:8080/prediction/knn,HTTP/1.1,contacts,,200,,,http://20.210.36.32:8080/prediction/knn,,
http_req_tls_handshaking,1678217706,0.000000,,,,true,,POST,http://20.210.36.32:8080/prediction/knn,HTTP/1.1,contacts,,200,,,http://20.210.36.32:8080/prediction/knn,,
http_req_sending,1678217706,0.124901,,,,true,,POST,http://20.210.36.32:8080/prediction/knn,HTTP/1.1,contacts,,200,,,http://20.210.36.32:8080/prediction/knn,,
http_req_waiting,1678217706,149.053753,,,,true,,POST,http://20.210.36.32:8080/prediction/knn,HTTP/1.1,contacts,,200,,,http://20.210.36.32:8080/prediction/knn,,
http_req_receiving,1678217706,0.103500,,,,true,,POST,http://20.210.36.32:8080/prediction/knn,HTTP/1.1,contacts,,200,,,http://20.210.36.32:8080/prediction/knn,,
http_req_failed,1678217706,0.000000,,,,true,,POST,http://20.210.36.32:8080/prediction/knn,HTTP/1.1,contacts,,200,,,http://20.210.36.32:8080/prediction/knn,,
responseTime,1678217706,149.282154,,,,,,,,,contacts,,,,,,,
data_sent,1678217706,2088.000000,,,,,,,,,contacts,,,,,,,
data_received,1678217706,199.000000,,,,,,,,,contacts,,,,,,,
iteration_duration,1678217706,153.634467,,,,,,,,,contacts,,,,,,,
iterations,1678217706,1.000000,,,,,,,,,contacts,,,,,,,
http_reqs,1678217706,1.000000,,,,true,,POST,http://20.210.36.32:8080/prediction/knn,HTTP/1.1,contacts,,200,,,http://20.210.36.32:8080/prediction/knn,,
http_req_duration,1678217706,174.457730,,,,true,,POST,http://20.210.36.32:8080/prediction/knn,HTTP/1.1,contacts,,200,,,http://20.210.36.32:8080/prediction/knn,,
http_req_blocked,1678217706,4.713114,,,,true,,POST,http://20.210.36.32:8080/prediction/knn,HTTP/1.1,contacts,,200,,,http://20.210.36.32:8080/prediction/knn,,
http_req_connecting,1678217706,4.612314,,,,true,,POST,http://20.210.36.32:8080/prediction/knn,HTTP/1.1,contacts,,200,,,http://20.210.36.32:8080/prediction/knn,,
http_req_tls_handshaking,1678217706,0.000000,,,,true,,POST,http://20.210.36.32:8080/prediction/knn,HTTP/1.1,contacts,,200,,,http://20.210.36.32:8080/prediction/knn,,
http_req_sending,1678217706,0.064100,,,,true,,POST,http://20.210.36.32:8080/prediction/knn,HTTP/1.1,contacts,,200,,,http://20.210.36.32:8080/prediction/knn,,
http_req_waiting,1678217706,166.576206,,,,true,,POST,http://20.210.36.32:8080/prediction/knn,HTTP/1.1,contacts,,200,,,http://20.210.36.32:8080/prediction/knn,,
http_req_receiving,1678217706,7.817424,,,,true,,POST,http://20.210.36.32:8080/prediction/knn,HTTP/1.1,contacts,,200,,,http://20.210.36.32:8080/prediction/knn,,
http_req_failed,1678217706,0.000000,,,,true,,POST,http://20.210.36.32:8080/prediction/knn,HTTP/1.1,contacts,,200,,,http://20.210.36.32:8080/prediction/knn,,
responseTime,1678217706,174.457730,,,,,,,,,contacts,,,,,,,
data_sent,1678217706,2088.000000,,,,,,,,,contacts,,,,,,,
data_received,1678217706,199.000000,,,,,,,,,contacts,,,,,,,
iteration_duration,1678217706,179.666647,,,,,,,,,contacts,,,,,,,
iterations,1678217706,1.000000,,,,,,,,,contacts,,,,,,,
http_reqs,1678217706,1.000000,,,,true,,POST,http://20.210.36.32:8080/prediction/knn,HTTP/1.1,contacts,,200,,,http://20.210.36.32:8080/prediction/knn,,
http_req_duration,1678217706,142.270033,,,,true,,POST,http://20.210.36.32:8080/prediction/knn,HTTP/1.1,contacts,,200,,,http://20.210.36.32:8080/prediction/knn,,
http_req_blocked,1678217706,4.375313,,,,true,,POST,http://20.210.36.32:8080/prediction/knn,HTTP/1.1,contacts,,200,,,http://20.210.36.32:8080/prediction/knn,,
http_req_connecting,1678217706,4.257413,,,,true,,POST,http://20.210.36.32:8080/prediction/knn,HTTP/1.1,contacts,,200,,,http://20.210.36.32:8080/prediction/knn,,
http_req_tls_handshaking,1678217706,0.000000,,,,true,,POST,http://20.210.36.32:8080/prediction/knn,HTTP/1.1,contacts,,200,,,http://20.210.36.32:8080/prediction/knn,,
http_req_sending,1678217706,0.083100,,,,true,,POST,http://20.210.36.32:8080/prediction/knn,HTTP/1.1,contacts,,200,,,http://20.210.36.32:8080/prediction/knn,,
http_req_waiting,1678217706,137.671319,,,,true,,POST,http://20.210.36.32:8080/prediction/knn,HTTP/1.1,contacts,,200,,,http://20.210.36.32:8080/prediction/knn,,
http_req_receiving,1678217706,4.515614,,,,true,,POST,http://20.210.36.32:8080/prediction/knn,HTTP/1.1,contacts,,200,,,http://20.210.36.32:8080/prediction/knn,,
http_req_failed,1678217706,0.000000,,,,true,,POST,http://20.210.36.32:8080/prediction/knn,HTTP/1.1,contacts,,200,,,http://20.210.36.32:8080/prediction/knn,,
responseTime,1678217706,142.270033,,,,,,,,,contacts,,,,,,,
data_sent,1678217706,2088.000000,,,,,,,,,contacts,,,,,,,
data_received,1678217706,199.000000,,,,,,,,,contacts,,,,,,,
iteration_duration,1678217706,147.114547,,,,,,,,,contacts,,,,,,,
iterations,1678217706,1.000000,,,,,,,,,contacts,,,,,,,
http_reqs,1678217706,1.000000,,,,true,,POST,http://20.210.36.32:8080/prediction/knn,HTTP/1.1,contacts,,200,,,http://20.210.36.32:8080/prediction/knn,,
http_req_duration,1678217706,120.937467,,,,true,,POST,http://20.210.36.32:8080/prediction/knn,HTTP/1.1,contacts,,200,,,http://20.210.36.32:8080/prediction/knn,,
http_req_blocked,1678217706,4.065113,,,,true,,POST,http://20.210.36.32:8080/prediction/knn,HTTP/1.1,contacts,,200,,,http://20.210.36.32:8080/prediction/knn,,
http_req_connecting,1678217706,3.965012,,,,true,,POST,http://20.210.36.32:8080/prediction/knn,HTTP/1.1,contacts,,200,,,http://20.210.36.32:8080/prediction/knn,,
http_req_tls_handshaking,1678217706,0.000000,,,,true,,POST,http://20.210.36.32:8080/prediction/knn,HTTP/1.1,contacts,,200,,,http://20.210.36.32:8080/prediction/knn,,
http_req_sending,1678217706,0.094900,,,,true,,POST,http://20.210.36.32:8080/prediction/knn,HTTP/1.1,contacts,,200,,,http://20.210.36.32:8080/prediction/knn,,
http_req_waiting,1678217706,120.769067,,,,true,,POST,http://20.210.36.32:8080/prediction/knn,HTTP/1.1,contacts,,200,,,http://20.210.36.32:8080/prediction/knn,,
http_req_receiving,1678217706,0.073500,,,,true,,POST,http://20.210.36.32:8080/prediction/knn,HTTP/1.1,contacts,,200,,,http://20.210.36.32:8080/prediction/knn,,
http_req_failed,1678217706,0.000000,,,,true,,POST,http://20.210.36.32:8080/prediction/knn,HTTP/1.1,contacts,,200,,,http://20.210.36.32:8080/prediction/knn,,
responseTime,1678217706,120.937467,,,,,,,,,contacts,,,,,,,
data_sent,1678217706,2088.000000,,,,,,,,,contacts,,,,,,,
data_received,1678217706,199.000000,,,,,,,,,contacts,,,,,,,
iteration_duration,1678217706,125.408682,,,,,,,,,contacts,,,,,,,
iterations,1678217706,1.000000,,,,,,,,,contacts,,,,,,,
http_reqs,1678217706,1.000000,,,,true,,POST,http://20.210.36.32:8080/prediction/knn,HTTP/1.1,contacts,,200,,,http://20.210.36.32:8080/prediction/knn,,
http_req_duration,1678217706,105.125119,,,,true,,POST,http://20.210.36.32:8080/prediction/knn,HTTP/1.1,contacts,,200,,,http://20.210.36.32:8080/prediction/knn,,
http_req_blocked,1678217706,4.168513,,,,true,,POST,http://20.210.36.32:8080/prediction/knn,HTTP/1.1,contacts,,200,,,http://20.210.36.32:8080/prediction/knn,,
http_req_connecting,1678217706,4.111313,,,,true,,POST,http://20.210.36.32:8080/prediction/knn,HTTP/1.1,contacts,,200,,,http://20.210.36.32:8080/prediction/knn,,
http_req_tls_handshaking,1678217706,0.000000,,,,true,,POST,http://20.210.36.32:8080/prediction/knn,HTTP/1.1,contacts,,200,,,http://20.210.36.32:8080/prediction/knn,,
http_req_sending,1678217706,0.074900,,,,true,,POST,http://20.210.36.32:8080/prediction/knn,HTTP/1.1,contacts,,200,,,http://20.210.36.32:8080/prediction/knn,,
http_req_waiting,1678217706,104.915819,,,,true,,POST,http://20.210.36.32:8080/prediction/knn,HTTP/1.1,contacts,,200,,,http://20.210.36.32:8080/prediction/knn,,
http_req_receiving,1678217706,0.134400,,,,true,,POST,http://20.210.36.32:8080/prediction/knn,HTTP/1.1,contacts,,200,,,http://20.210.36.32:8080/prediction/knn,,
http_req_failed,1678217706,0.000000,,,,true,,POST,http://20.210.36.32:8080/prediction/knn,HTTP/1.1,contacts,,200,,,http://20.210.36.32:8080/prediction/knn,,
responseTime,1678217706,105.125119,,,,,,,,,contacts,,,,,,,
data_sent,1678217706,2088.000000,,,,,,,,,contacts,,,,,,,
data_received,1678217706,199.000000,,,,,,,,,contacts,,,,,,,
iteration_duration,1678217706,109.765133,,,,,,,,,contacts,,,,,,,
iterations,1678217706,1.000000,,,,,,,,,contacts,,,,,,,
http_reqs,1678217706,1.000000,,,,true,,POST,http://20.210.36.32:8080/prediction/knn,HTTP/1.1,contacts,,200,,,http://20.210.36.32:8080/prediction/knn,,
http_req_duration,1678217706,129.137292,,,,true,,POST,http://20.210.36.32:8080/prediction/knn,HTTP/1.1,contacts,,200,,,http://20.210.36.32:8080/prediction/knn,,
http_req_blocked,1678217706,3.941412,,,,true,,POST,http://20.210.36.32:8080/prediction/knn,HTTP/1.1,contacts,,200,,,http://20.210.36.32:8080/prediction/knn,,
http_req_connecting,1678217706,3.875012,,,,true,,POST,http://20.210.36.32:8080/prediction/knn,HTTP/1.1,contacts,,200,,,http://20.210.36.32:8080/prediction/knn,,
http_req_tls_handshaking,1678217706,0.000000,,,,true,,POST,http://20.210.36.32:8080/prediction/knn,HTTP/1.1,contacts,,200,,,http://20.210.36.32:8080/prediction/knn,,
http_req_sending,1678217706,0.068200,,,,true,,POST,http://20.210.36.32:8080/prediction/knn,HTTP/1.1,contacts,,200,,,http://20.210.36.32:8080/prediction/knn,,
http_req_waiting,1678217706,121.208968,,,,true,,POST,http://20.210.36.32:8080/prediction/knn,HTTP/1.1,contacts,,200,,,http://20.210.36.32:8080/prediction/knn,,
http_req_receiving,1678217706,7.860124,,,,true,,POST,http://20.210.36.32:8080/prediction/knn,HTTP/1.1,contacts,,200,,,http://20.210.36.32:8080/prediction/knn,,
http_req_failed,1678217706,0.000000,,,,true,,POST,http://20.210.36.32:8080/prediction/knn,HTTP/1.1,contacts,,200,,,http://20.210.36.32:8080/prediction/knn,,
responseTime,1678217706,129.137292,,,,,,,,,contacts,,,,,,,
data_sent,1678217706,2088.000000,,,,,,,,,contacts,,,,,,,
data_received,1678217706,199.000000,,,,,,,,,contacts,,,,,,,
iteration_duration,1678217706,133.623006,,,,,,,,,contacts,,,,,,,
iterations,1678217706,1.000000,,,,,,,,,contacts,,,,,,,
http_reqs,1678217706,1.000000,,,,true,,POST,http://20.210.36.32:8080/prediction/knn,HTTP/1.1,contacts,,200,,,http://20.210.36.32:8080/prediction/knn,,
http_req_duration,1678217706,146.295244,,,,true,,POST,http://20.210.36.32:8080/prediction/knn,HTTP/1.1,contacts,,200,,,http://20.210.36.32:8080/prediction/knn,,
http_req_blocked,1678217706,3.865012,,,,true,,POST,http://20.210.36.32:8080/prediction/knn,HTTP/1.1,contacts,,200,,,http://20.210.36.32:8080/prediction/knn,,
http_req_connecting,1678217706,3.753112,,,,true,,POST,http://20.210.36.32:8080/prediction/knn,HTTP/1.1,contacts,,200,,,http://20.210.36.32:8080/prediction/knn,,
http_req_tls_handshaking,1678217706,0.000000,,,,true,,POST,http://20.210.36.32:8080/prediction/knn,HTTP/1.1,contacts,,200,,,http://20.210.36.32:8080/prediction/knn,,
http_req_sending,1678217706,0.062100,,,,true,,POST,http://20.210.36.32:8080/prediction/knn,HTTP/1.1,contacts,,200,,,http://20.210.36.32:8080/prediction/knn,,
http_req_waiting,1678217706,146.146144,,,,true,,POST,http://20.210.36.32:8080/prediction/knn,HTTP/1.1,contacts,,200,,,http://20.210.36.32:8080/prediction/knn,,
http_req_receiving,1678217706,0.087000,,,,true,,POST,http://20.210.36.32:8080/prediction/knn,HTTP/1.1,contacts,,200,,,http://20.210.36.32:8080/prediction/knn,,
http_req_failed,1678217706,0.000000,,,,true,,POST,http://20.210.36.32:8080/prediction/knn,HTTP/1.1,contacts,,200,,,http://20.210.36.32:8080/prediction/knn,,
responseTime,1678217706,146.295244,,,,,,,,,contacts,,,,,,,
data_sent,1678217706,2088.000000,,,,,,,,,contacts,,,,,,,
data_received,1678217706,199.000000,,,,,,,,,contacts,,,,,,,
iteration_duration,1678217706,150.468657,,,,,,,,,contacts,,,,,,,
iterations,1678217706,1.000000,,,,,,,,,contacts,,,,,,,
http_reqs,1678217706,1.000000,,,,true,,POST,http://20.210.36.32:8080/prediction/knn,HTTP/1.1,contacts,,200,,,http://20.210.36.32:8080/prediction/knn,,
http_req_duration,1678217706,128.265390,,,,true,,POST,http://20.210.36.32:8080/prediction/knn,HTTP/1.1,contacts,,200,,,http://20.210.36.32:8080/prediction/knn,,
http_req_blocked,1678217706,3.554510,,,,true,,POST,http://20.210.36.32:8080/prediction/knn,HTTP/1.1,contacts,,200,,,http://20.210.36.32:8080/prediction/knn,,
http_req_connecting,1678217706,3.500310,,,,true,,POST,http://20.210.36.32:8080/prediction/knn,HTTP/1.1,contacts,,200,,,http://20.210.36.32:8080/prediction/knn,,
http_req_tls_handshaking,1678217706,0.000000,,,,true,,POST,http://20.210.36.32:8080/prediction/knn,HTTP/1.1,contacts,,200,,,http://20.210.36.32:8080/prediction/knn,,
http_req_sending,1678217706,0.073201,,,,true,,POST,http://20.210.36.32:8080/prediction/knn,HTTP/1.1,contacts,,200,,,http://20.210.36.32:8080/prediction/knn,,
http_req_waiting,1678217706,127.261086,,,,true,,POST,http://20.210.36.32:8080/prediction/knn,HTTP/1.1,contacts,,200,,,http://20.210.36.32:8080/prediction/knn,,
http_req_receiving,1678217706,0.931103,,,,true,,POST,http://20.210.36.32:8080/prediction/knn,HTTP/1.1,contacts,,200,,,http://20.210.36.32:8080/prediction/knn,,
http_req_failed,1678217706,0.000000,,,,true,,POST,http://20.210.36.32:8080/prediction/knn,HTTP/1.1,contacts,,200,,,http://20.210.36.32:8080/prediction/knn,,
responseTime,1678217706,128.265390,,,,,,,,,contacts,,,,,,,
data_sent,1678217706,2088.000000,,,,,,,,,contacts,,,,,,,
data_received,1678217706,199.000000,,,,,,,,,contacts,,,,,,,
iteration_duration,1678217706,132.424802,,,,,,,,,contacts,,,,,,,
iterations,1678217706,1.000000,,,,,,,,,contacts,,,,,,,
http_reqs,1678217706,1.000000,,,,true,,POST,http://20.210.36.32:8080/prediction/knn,HTTP/1.1,contacts,,200,,,http://20.210.36.32:8080/prediction/knn,,
http_req_duration,1678217706,169.000314,,,,true,,POST,http://20.210.36.32:8080/prediction/knn,HTTP/1.1,contacts,,200,,,http://20.210.36.32:8080/prediction/knn,,
http_req_blocked,1678217706,2.322707,,,,true,,POST,http://20.210.36.32:8080/prediction/knn,HTTP/1.1,contacts,,200,,,http://20.210.36.32:8080/prediction/knn,,
http_req_connecting,1678217706,2.208706,,,,true,,POST,http://20.210.36.32:8080/prediction/knn,HTTP/1.1,contacts,,200,,,http://20.210.36.32:8080/prediction/knn,,
http_req_tls_handshaking,1678217706,0.000000,,,,true,,POST,http://20.210.36.32:8080/prediction/knn,HTTP/1.1,contacts,,200,,,http://20.210.36.32:8080/prediction/knn,,
http_req_sending,1678217706,0.127701,,,,true,,POST,http://20.210.36.32:8080/prediction/knn,HTTP/1.1,contacts,,200,,,http://20.210.36.32:8080/prediction/knn,,
http_req_waiting,1678217706,163.344396,,,,true,,POST,http://20.210.36.32:8080/prediction/knn,HTTP/1.1,contacts,,200,,,http://20.210.36.32:8080/prediction/knn,,
http_req_receiving,1678217706,5.528217,,,,true,,POST,http://20.210.36.32:8080/prediction/knn,HTTP/1.1,contacts,,200,,,http://20.210.36.32:8080/prediction/knn,,
http_req_failed,1678217706,0.000000,,,,true,,POST,http://20.210.36.32:8080/prediction/knn,HTTP/1.1,contacts,,200,,,http://20.210.36.32:8080/prediction/knn,,
responseTime,1678217706,169.000314,,,,,,,,,contacts,,,,,,,
data_sent,1678217706,2088.000000,,,,,,,,,contacts,,,,,,,
data_received,1678217706,199.000000,,,,,,,,,contacts,,,,,,,
iteration_duration,1678217706,171.809022,,,,,,,,,contacts,,,,,,,
iterations,1678217706,1.000000,,,,,,,,,contacts,,,,,,,
http_reqs,1678217706,1.000000,,,,true,,POST,http://20.210.36.32:8080/prediction/knn,HTTP/1.1,contacts,,200,,,http://20.210.36.32:8080/prediction/knn,,
http_req_duration,1678217706,172.705825,,,,true,,POST,http://20.210.36.32:8080/prediction/knn,HTTP/1.1,contacts,,200,,,http://20.210.36.32:8080/prediction/knn,,
http_req_blocked,1678217706,2.065606,,,,true,,POST,http://20.210.36.32:8080/prediction/knn,HTTP/1.1,contacts,,200,,,http://20.210.36.32:8080/prediction/knn,,
http_req_connecting,1678217706,1.992406,,,,true,,POST,http://20.210.36.32:8080/prediction/knn,HTTP/1.1,contacts,,200,,,http://20.210.36.32:8080/prediction/knn,,
http_req_tls_handshaking,1678217706,0.000000,,,,true,,POST,http://20.210.36.32:8080/prediction/knn,HTTP/1.1,contacts,,200,,,http://20.210.36.32:8080/prediction/knn,,
http_req_sending,1678217706,0.074800,,,,true,,POST,http://20.210.36.32:8080/prediction/knn,HTTP/1.1,contacts,,200,,,http://20.210.36.32:8080/prediction/knn,,
http_req_waiting,1678217706,172.565725,,,,true,,POST,http://20.210.36.32:8080/prediction/knn,HTTP/1.1,contacts,,200,,,http://20.210.36.32:8080/prediction/knn,,
http_req_receiving,1678217706,0.065300,,,,true,,POST,http://20.210.36.32:8080/prediction/knn,HTTP/1.1,contacts,,200,,,http://20.210.36.32:8080/prediction/knn,,
http_req_failed,1678217706,0.000000,,,,true,,POST,http://20.210.36.32:8080/prediction/knn,HTTP/1.1,contacts,,200,,,http://20.210.36.32:8080/prediction/knn,,
responseTime,1678217706,172.705825,,,,,,,,,contacts,,,,,,,
data_sent,1678217706,2088.000000,,,,,,,,,contacts,,,,,,,
data_received,1678217706,199.000000,,,,,,,,,contacts,,,,,,,
iteration_duration,1678217706,175.280833,,,,,,,,,contacts,,,,,,,
iterations,1678217706,1.000000,,,,,,,,,contacts,,,,,,,
http_reqs,1678217706,1.000000,,,,true,,POST,http://20.210.36.32:8080/prediction/knn,HTTP/1.1,contacts,,200,,,http://20.210.36.32:8080/prediction/knn,,
http_req_duration,1678217706,147.040247,,,,true,,POST,http://20.210.36.32:8080/prediction/knn,HTTP/1.1,contacts,,200,,,http://20.210.36.32:8080/prediction/knn,,
http_req_blocked,1678217706,2.273607,,,,true,,POST,http://20.210.36.32:8080/prediction/knn,HTTP/1.1,contacts,,200,,,http://20.210.36.32:8080/prediction/knn,,
http_req_connecting,1678217706,2.205106,,,,true,,POST,http://20.210.36.32:8080/prediction/knn,HTTP/1.1,contacts,,200,,,http://20.210.36.32:8080/prediction/knn,,
http_req_tls_handshaking,1678217706,0.000000,,,,true,,POST,http://20.210.36.32:8080/prediction/knn,HTTP/1.1,contacts,,200,,,http://20.210.36.32:8080/prediction/knn,,
http_req_sending,1678217706,0.071101,,,,true,,POST,http://20.210.36.32:8080/prediction/knn,HTTP/1.1,contacts,,200,,,http://20.210.36.32:8080/prediction/knn,,
http_req_waiting,1678217706,137.127617,,,,true,,POST,http://20.210.36.32:8080/prediction/knn,HTTP/1.1,contacts,,200,,,http://20.210.36.32:8080/prediction/knn,,
http_req_receiving,1678217706,9.841529,,,,true,,POST,http://20.210.36.32:8080/prediction/knn,HTTP/1.1,contacts,,200,,,http://20.210.36.32:8080/prediction/knn,,
http_req_failed,1678217706,0.000000,,,,true,,POST,http://20.210.36.32:8080/prediction/knn,HTTP/1.1,contacts,,200,,,http://20.210.36.32:8080/prediction/knn,,
responseTime,1678217706,147.040247,,,,,,,,,contacts,,,,,,,
data_sent,1678217706,2088.000000,,,,,,,,,contacts,,,,,,,
data_received,1678217706,199.000000,,,,,,,,,contacts,,,,,,,
iteration_duration,1678217706,149.853155,,,,,,,,,contacts,,,,,,,
iterations,1678217706,1.000000,,,,,,,,,contacts,,,,,,,
http_reqs,1678217706,1.000000,,,,true,,POST,http://20.210.36.32:8080/prediction/knn,HTTP/1.1,contacts,,200,,,http://20.210.36.32:8080/prediction/knn,,
http_req_duration,1678217706,221.193772,,,,true,,POST,http://20.210.36.32:8080/prediction/knn,HTTP/1.1,contacts,,200,,,http://20.210.36.32:8080/prediction/knn,,
http_req_blocked,1678217706,2.062806,,,,true,,POST,http://20.210.36.32:8080/prediction/knn,HTTP/1.1,contacts,,200,,,http://20.210.36.32:8080/prediction/knn,,
http_req_connecting,1678217706,1.970306,,,,true,,POST,http://20.210.36.32:8080/prediction/knn,HTTP/1.1,contacts,,200,,,http://20.210.36.32:8080/prediction/knn,,
http_req_tls_handshaking,1678217706,0.000000,,,,true,,POST,http://20.210.36.32:8080/prediction/knn,HTTP/1.1,contacts,,200,,,http://20.210.36.32:8080/prediction/knn,,
http_req_sending,1678217706,0.076700,,,,true,,POST,http://20.210.36.32:8080/prediction/knn,HTTP/1.1,contacts,,200,,,http://20.210.36.32:8080/prediction/knn,,
http_req_waiting,1678217706,221.052072,,,,true,,POST,http://20.210.36.32:8080/prediction/knn,HTTP/1.1,contacts,,200,,,http://20.210.36.32:8080/prediction/knn,,
http_req_receiving,1678217706,0.065000,,,,true,,POST,http://20.210.36.32:8080/prediction/knn,HTTP/1.1,contacts,,200,,,http://20.210.36.32:8080/prediction/knn,,
http_req_failed,1678217706,0.000000,,,,true,,POST,http://20.210.36.32:8080/prediction/knn,HTTP/1.1,contacts,,200,,,http://20.210.36.32:8080/prediction/knn,,
responseTime,1678217706,221.193772,,,,,,,,,contacts,,,,,,,
data_sent,1678217706,2088.000000,,,,,,,,,contacts,,,,,,,
data_received,1678217706,199.000000,,,,,,,,,contacts,,,,,,,
iteration_duration,1678217706,224.012681,,,,,,,,,contacts,,,,,,,
iterations,1678217706,1.000000,,,,,,,,,contacts,,,,,,,
http_reqs,1678217706,1.000000,,,,true,,POST,http://20.210.36.32:8080/prediction/knn,HTTP/1.1,contacts,,200,,,http://20.210.36.32:8080/prediction/knn,,
http_req_duration,1678217706,183.230657,,,,true,,POST,http://20.210.36.32:8080/prediction/knn,HTTP/1.1,contacts,,200,,,http://20.210.36.32:8080/prediction/knn,,
http_req_blocked,1678217706,2.242107,,,,true,,POST,http://20.210.36.32:8080/prediction/knn,HTTP/1.1,contacts,,200,,,http://20.210.36.32:8080/prediction/knn,,
http_req_connecting,1678217706,2.176107,,,,true,,POST,http://20.210.36.32:8080/prediction/knn,HTTP/1.1,contacts,,200,,,http://20.210.36.32:8080/prediction/knn,,
http_req_tls_handshaking,1678217706,0.000000,,,,true,,POST,http://20.210.36.32:8080/prediction/knn,HTTP/1.1,contacts,,200,,,http://20.210.36.32:8080/prediction/knn,,
http_req_sending,1678217706,0.060200,,,,true,,POST,http://20.210.36.32:8080/prediction/knn,HTTP/1.1,contacts,,200,,,http://20.210.36.32:8080/prediction/knn,,
http_req_waiting,1678217706,160.983389,,,,true,,POST,http://20.210.36.32:8080/prediction/knn,HTTP/1.1,contacts,,200,,,http://20.210.36.32:8080/prediction/knn,,
http_req_receiving,1678217706,22.187068,,,,true,,POST,http://20.210.36.32:8080/prediction/knn,HTTP/1.1,contacts,,200,,,http://20.210.36.32:8080/prediction/knn,,
http_req_failed,1678217706,0.000000,,,,true,,POST,http://20.210.36.32:8080/prediction/knn,HTTP/1.1,contacts,,200,,,http://20.210.36.32:8080/prediction/knn,,
responseTime,1678217706,183.230657,,,,,,,,,contacts,,,,,,,
data_sent,1678217706,2088.000000,,,,,,,,,contacts,,,,,,,
data_received,1678217706,199.000000,,,,,,,,,contacts,,,,,,,
iteration_duration,1678217706,185.966966,,,,,,,,,contacts,,,,,,,
iterations,1678217706,1.000000,,,,,,,,,contacts,,,,,,,
http_reqs,1678217706,1.000000,,,,true,,POST,http://20.210.36.32:8080/prediction/knn,HTTP/1.1,contacts,,200,,,http://20.210.36.32:8080/prediction/knn,,
http_req_duration,1678217706,150.791959,,,,true,,POST,http://20.210.36.32:8080/prediction/knn,HTTP/1.1,contacts,,200,,,http://20.210.36.32:8080/prediction/knn,,
http_req_blocked,1678217706,3.459310,,,,true,,POST,http://20.210.36.32:8080/prediction/knn,HTTP/1.1,contacts,,200,,,http://20.210.36.32:8080/prediction/knn,,
http_req_connecting,1678217706,3.351610,,,,true,,POST,http://20.210.36.32:8080/prediction/knn,HTTP/1.1,contacts,,200,,,http://20.210.36.32:8080/prediction/knn,,
http_req_tls_handshaking,1678217706,0.000000,,,,true,,POST,http://20.210.36.32:8080/prediction/knn,HTTP/1.1,contacts,,200,,,http://20.210.36.32:8080/prediction/knn,,
http_req_sending,1678217706,0.079500,,,,true,,POST,http://20.210.36.32:8080/prediction/knn,HTTP/1.1,contacts,,200,,,http://20.210.36.32:8080/prediction/knn,,
http_req_waiting,1678217706,150.635758,,,,true,,POST,http://20.210.36.32:8080/prediction/knn,HTTP/1.1,contacts,,200,,,http://20.210.36.32:8080/prediction/knn,,
http_req_receiving,1678217706,0.076701,,,,true,,POST,http://20.210.36.32:8080/prediction/knn,HTTP/1.1,contacts,,200,,,http://20.210.36.32:8080/prediction/knn,,
http_req_failed,1678217706,0.000000,,,,true,,POST,http://20.210.36.32:8080/prediction/knn,HTTP/1.1,contacts,,200,,,http://20.210.36.32:8080/prediction/knn,,
responseTime,1678217706,150.791959,,,,,,,,,contacts,,,,,,,
data_sent,1678217706,2088.000000,,,,,,,,,contacts,,,,,,,
data_received,1678217706,199.000000,,,,,,,,,contacts,,,,,,,
iteration_duration,1678217706,154.601070,,,,,,,,,contacts,,,,,,,
iterations,1678217706,1.000000,,,,,,,,,contacts,,,,,,,
http_reqs,1678217706,1.000000,,,,true,,POST,http://20.210.36.32:8080/prediction/knn,HTTP/1.1,contacts,,200,,,http://20.210.36.32:8080/prediction/knn,,
http_req_duration,1678217706,192.262384,,,,true,,POST,http://20.210.36.32:8080/prediction/knn,HTTP/1.1,contacts,,200,,,http://20.210.36.32:8080/prediction/knn,,
http_req_blocked,1678217706,2.214207,,,,true,,POST,http://20.210.36.32:8080/prediction/knn,HTTP/1.1,contacts,,200,,,http://20.210.36.32:8080/prediction/knn,,
http_req_connecting,1678217706,2.141207,,,,true,,POST,http://20.210.36.32:8080/prediction/knn,HTTP/1.1,contacts,,200,,,http://20.210.36.32:8080/prediction/knn,,
http_req_tls_handshaking,1678217706,0.000000,,,,true,,POST,http://20.210.36.32:8080/prediction/knn,HTTP/1.1,contacts,,200,,,http://20.210.36.32:8080/prediction/knn,,
http_req_sending,1678217706,0.078900,,,,true,,POST,http://20.210.36.32:8080/prediction/knn,HTTP/1.1,contacts,,200,,,http://20.210.36.32:8080/prediction/knn,,
http_req_waiting,1678217706,192.066784,,,,true,,POST,http://20.210.36.32:8080/prediction/knn,HTTP/1.1,contacts,,200,,,http://20.210.36.32:8080/prediction/knn,,
http_req_receiving,1678217706,0.116700,,,,true,,POST,http://20.210.36.32:8080/prediction/knn,HTTP/1.1,contacts,,200,,,http://20.210.36.32:8080/prediction/knn,,
http_req_failed,1678217706,0.000000,,,,true,,POST,http://20.210.36.32:8080/prediction/knn,HTTP/1.1,contacts,,200,,,http://20.210.36.32:8080/prediction/knn,,
responseTime,1678217706,192.262384,,,,,,,,,contacts,,,,,,,
data_sent,1678217706,2088.000000,,,,,,,,,contacts,,,,,,,
data_received,1678217706,199.000000,,,,,,,,,contacts,,,,,,,
iteration_duration,1678217706,194.954193,,,,,,,,,contacts,,,,,,,
iterations,1678217706,1.000000,,,,,,,,,contacts,,,,,,,
vus,1678217706,9.000000,,,,,,,,,,,,,,,,
vus_max,1678217706,100.000000,,,,,,,,,,,,,,,,
http_reqs,1678217706,1.000000,,,,true,,POST,http://20.210.36.32:8080/prediction/knn,HTTP/1.1,contacts,,200,,,http://20.210.36.32:8080/prediction/knn,,
http_req_duration,1678217706,201.584713,,,,true,,POST,http://20.210.36.32:8080/prediction/knn,HTTP/1.1,contacts,,200,,,http://20.210.36.32:8080/prediction/knn,,
http_req_blocked,1678217706,3.838712,,,,true,,POST,http://20.210.36.32:8080/prediction/knn,HTTP/1.1,contacts,,200,,,http://20.210.36.32:8080/prediction/knn,,
http_req_connecting,1678217706,3.737311,,,,true,,POST,http://20.210.36.32:8080/prediction/knn,HTTP/1.1,contacts,,200,,,http://20.210.36.32:8080/prediction/knn,,
http_req_tls_handshaking,1678217706,0.000000,,,,true,,POST,http://20.210.36.32:8080/prediction/knn,HTTP/1.1,contacts,,200,,,http://20.210.36.32:8080/prediction/knn,,
http_req_sending,1678217706,0.127600,,,,true,,POST,http://20.210.36.32:8080/prediction/knn,HTTP/1.1,contacts,,200,,,http://20.210.36.32:8080/prediction/knn,,
http_req_waiting,1678217706,201.387713,,,,true,,POST,http://20.210.36.32:8080/prediction/knn,HTTP/1.1,contacts,,200,,,http://20.210.36.32:8080/prediction/knn,,
http_req_receiving,1678217706,0.069400,,,,true,,POST,http://20.210.36.32:8080/prediction/knn,HTTP/1.1,contacts,,200,,,http://20.210.36.32:8080/prediction/knn,,
http_req_failed,1678217706,0.000000,,,,true,,POST,http://20.210.36.32:8080/prediction/knn,HTTP/1.1,contacts,,200,,,http://20.210.36.32:8080/prediction/knn,,
responseTime,1678217706,201.584713,,,,,,,,,contacts,,,,,,,
data_sent,1678217706,2088.000000,,,,,,,,,contacts,,,,,,,
data_received,1678217706,199.000000,,,,,,,,,contacts,,,,,,,
iteration_duration,1678217706,206.062526,,,,,,,,,contacts,,,,,,,
iterations,1678217706,1.000000,,,,,,,,,contacts,,,,,,,
http_reqs,1678217706,1.000000,,,,true,,POST,http://20.210.36.32:8080/prediction/knn,HTTP/1.1,contacts,,200,,,http://20.210.36.32:8080/prediction/knn,,
http_req_duration,1678217706,175.318933,,,,true,,POST,http://20.210.36.32:8080/prediction/knn,HTTP/1.1,contacts,,200,,,http://20.210.36.32:8080/prediction/knn,,
http_req_blocked,1678217706,2.174306,,,,true,,POST,http://20.210.36.32:8080/prediction/knn,HTTP/1.1,contacts,,200,,,http://20.210.36.32:8080/prediction/knn,,
http_req_connecting,1678217706,2.087206,,,,true,,POST,http://20.210.36.32:8080/prediction/knn,HTTP/1.1,contacts,,200,,,http://20.210.36.32:8080/prediction/knn,,
http_req_tls_handshaking,1678217706,0.000000,,,,true,,POST,http://20.210.36.32:8080/prediction/knn,HTTP/1.1,contacts,,200,,,http://20.210.36.32:8080/prediction/knn,,
http_req_sending,1678217706,0.067100,,,,true,,POST,http://20.210.36.32:8080/prediction/knn,HTTP/1.1,contacts,,200,,,http://20.210.36.32:8080/prediction/knn,,
http_req_waiting,1678217706,175.166933,,,,true,,POST,http://20.210.36.32:8080/prediction/knn,HTTP/1.1,contacts,,200,,,http://20.210.36.32:8080/prediction/knn,,
http_req_receiving,1678217706,0.084900,,,,true,,POST,http://20.210.36.32:8080/prediction/knn,HTTP/1.1,contacts,,200,,,http://20.210.36.32:8080/prediction/knn,,
http_req_failed,1678217706,0.000000,,,,true,,POST,http://20.210.36.32:8080/prediction/knn,HTTP/1.1,contacts,,200,,,http://20.210.36.32:8080/prediction/knn,,
responseTime,1678217706,175.318933,,,,,,,,,contacts,,,,,,,
data_sent,1678217706,2088.000000,,,,,,,,,contacts,,,,,,,
data_received,1678217706,199.000000,,,,,,,,,contacts,,,,,,,
iteration_duration,1678217706,177.813840,,,,,,,,,contacts,,,,,,,
iterations,1678217706,1.000000,,,,,,,,,contacts,,,,,,,
http_reqs,1678217706,1.000000,,,,true,,POST,http://20.210.36.32:8080/prediction/knn,HTTP/1.1,contacts,,200,,,http://20.210.36.32:8080/prediction/knn,,
http_req_duration,1678217706,158.017381,,,,true,,POST,http://20.210.36.32:8080/prediction/knn,HTTP/1.1,contacts,,200,,,http://20.210.36.32:8080/prediction/knn,,
http_req_blocked,1678217706,2.173606,,,,true,,POST,http://20.210.36.32:8080/prediction/knn,HTTP/1.1,contacts,,200,,,http://20.210.36.32:8080/prediction/knn,,
http_req_connecting,1678217706,2.093906,,,,true,,POST,http://20.210.36.32:8080/prediction/knn,HTTP/1.1,contacts,,200,,,http://20.210.36.32:8080/prediction/knn,,
http_req_tls_handshaking,1678217706,0.000000,,,,true,,POST,http://20.210.36.32:8080/prediction/knn,HTTP/1.1,contacts,,200,,,http://20.210.36.32:8080/prediction/knn,,
http_req_sending,1678217706,0.073301,,,,true,,POST,http://20.210.36.32:8080/prediction/knn,HTTP/1.1,contacts,,200,,,http://20.210.36.32:8080/prediction/knn,,
http_req_waiting,1678217706,157.826179,,,,true,,POST,http://20.210.36.32:8080/prediction/knn,HTTP/1.1,contacts,,200,,,http://20.210.36.32:8080/prediction/knn,,
http_req_receiving,1678217706,0.117901,,,,true,,POST,http://20.210.36.32:8080/prediction/knn,HTTP/1.1,contacts,,200,,,http://20.210.36.32:8080/prediction/knn,,
http_req_failed,1678217706,0.000000,,,,true,,POST,http://20.210.36.32:8080/prediction/knn,HTTP/1.1,contacts,,200,,,http://20.210.36.32:8080/prediction/knn,,
responseTime,1678217706,158.017381,,,,,,,,,contacts,,,,,,,
data_sent,1678217706,2088.000000,,,,,,,,,contacts,,,,,,,
data_received,1678217706,199.000000,,,,,,,,,contacts,,,,,,,
iteration_duration,1678217706,160.844689,,,,,,,,,contacts,,,,,,,
iterations,1678217706,1.000000,,,,,,,,,contacts,,,,,,,
http_reqs,1678217706,1.000000,,,,true,,POST,http://20.210.36.32:8080/prediction/knn,HTTP/1.1,contacts,,200,,,http://20.210.36.32:8080/prediction/knn,,
http_req_duration,1678217706,135.436111,,,,true,,POST,http://20.210.36.32:8080/prediction/knn,HTTP/1.1,contacts,,200,,,http://20.210.36.32:8080/prediction/knn,,
http_req_blocked,1678217706,2.282207,,,,true,,POST,http://20.210.36.32:8080/prediction/knn,HTTP/1.1,contacts,,200,,,http://20.210.36.32:8080/prediction/knn,,
http_req_connecting,1678217706,2.219507,,,,true,,POST,http://20.210.36.32:8080/prediction/knn,HTTP/1.1,contacts,,200,,,http://20.210.36.32:8080/prediction/knn,,
http_req_tls_handshaking,1678217706,0.000000,,,,true,,POST,http://20.210.36.32:8080/prediction/knn,HTTP/1.1,contacts,,200,,,http://20.210.36.32:8080/prediction/knn,,
http_req_sending,1678217706,0.080200,,,,true,,POST,http://20.210.36.32:8080/prediction/knn,HTTP/1.1,contacts,,200,,,http://20.210.36.32:8080/prediction/knn,,
http_req_waiting,1678217706,135.299711,,,,true,,POST,http://20.210.36.32:8080/prediction/knn,HTTP/1.1,contacts,,200,,,http://20.210.36.32:8080/prediction/knn,,
http_req_receiving,1678217706,0.056200,,,,true,,POST,http://20.210.36.32:8080/prediction/knn,HTTP/1.1,contacts,,200,,,http://20.210.36.32:8080/prediction/knn,,
http_req_failed,1678217706,0.000000,,,,true,,POST,http://20.210.36.32:8080/prediction/knn,HTTP/1.1,contacts,,200,,,http://20.210.36.32:8080/prediction/knn,,
responseTime,1678217706,135.436111,,,,,,,,,contacts,,,,,,,
data_sent,1678217706,2088.000000,,,,,,,,,contacts,,,,,,,
data_received,1678217706,199.000000,,,,,,,,,contacts,,,,,,,
iteration_duration,1678217706,138.080120,,,,,,,,,contacts,,,,,,,
iterations,1678217706,1.000000,,,,,,,,,contacts,,,,,,,
http_reqs,1678217706,1.000000,,,,true,,POST,http://20.210.36.32:8080/prediction/knn,HTTP/1.1,contacts,,200,,,http://20.210.36.32:8080/prediction/knn,,
http_req_duration,1678217706,228.042093,,,,true,,POST,http://20.210.36.32:8080/prediction/knn,HTTP/1.1,contacts,,200,,,http://20.210.36.32:8080/prediction/knn,,
http_req_blocked,1678217706,2.074806,,,,true,,POST,http://20.210.36.32:8080/prediction/knn,HTTP/1.1,contacts,,200,,,http://20.210.36.32:8080/prediction/knn,,
http_req_connecting,1678217706,1.989206,,,,true,,POST,http://20.210.36.32:8080/prediction/knn,HTTP/1.1,contacts,,200,,,http://20.210.36.32:8080/prediction/knn,,
http_req_tls_handshaking,1678217706,0.000000,,,,true,,POST,http://20.210.36.32:8080/prediction/knn,HTTP/1.1,contacts,,200,,,http://20.210.36.32:8080/prediction/knn,,
http_req_sending,1678217706,0.068300,,,,true,,POST,http://20.210.36.32:8080/prediction/knn,HTTP/1.1,contacts,,200,,,http://20.210.36.32:8080/prediction/knn,,
http_req_waiting,1678217706,227.839093,,,,true,,POST,http://20.210.36.32:8080/prediction/knn,HTTP/1.1,contacts,,200,,,http://20.210.36.32:8080/prediction/knn,,
http_req_receiving,1678217706,0.134700,,,,true,,POST,http://20.210.36.32:8080/prediction/knn,HTTP/1.1,contacts,,200,,,http://20.210.36.32:8080/prediction/knn,,
http_req_failed,1678217706,0.000000,,,,true,,POST,http://20.210.36.32:8080/prediction/knn,HTTP/1.1,contacts,,200,,,http://20.210.36.32:8080/prediction/knn,,
responseTime,1678217706,228.042093,,,,,,,,,contacts,,,,,,,
data_sent,1678217706,2088.000000,,,,,,,,,contacts,,,,,,,
data_received,1678217706,199.000000,,,,,,,,,contacts,,,,,,,
iteration_duration,1678217706,230.505401,,,,,,,,,contacts,,,,,,,
iterations,1678217706,1.000000,,,,,,,,,contacts,,,,,,,
http_reqs,1678217706,1.000000,,,,true,,POST,http://20.210.36.32:8080/prediction/knn,HTTP/1.1,contacts,,200,,,http://20.210.36.32:8080/prediction/knn,,
http_req_duration,1678217706,212.557146,,,,true,,POST,http://20.210.36.32:8080/prediction/knn,HTTP/1.1,contacts,,200,,,http://20.210.36.32:8080/prediction/knn,,
http_req_blocked,1678217706,2.009206,,,,true,,POST,http://20.210.36.32:8080/prediction/knn,HTTP/1.1,contacts,,200,,,http://20.210.36.32:8080/prediction/knn,,
http_req_connecting,1678217706,1.894905,,,,true,,POST,http://20.210.36.32:8080/prediction/knn,HTTP/1.1,contacts,,200,,,http://20.210.36.32:8080/prediction/knn,,
http_req_tls_handshaking,1678217706,0.000000,,,,true,,POST,http://20.210.36.32:8080/prediction/knn,HTTP/1.1,contacts,,200,,,http://20.210.36.32:8080/prediction/knn,,
http_req_sending,1678217706,0.090001,,,,true,,POST,http://20.210.36.32:8080/prediction/knn,HTTP/1.1,contacts,,200,,,http://20.210.36.32:8080/prediction/knn,,
http_req_waiting,1678217706,212.391045,,,,true,,POST,http://20.210.36.32:8080/prediction/knn,HTTP/1.1,contacts,,200,,,http://20.210.36.32:8080/prediction/knn,,
http_req_receiving,1678217706,0.076100,,,,true,,POST,http://20.210.36.32:8080/prediction/knn,HTTP/1.1,contacts,,200,,,http://20.210.36.32:8080/prediction/knn,,
http_req_failed,1678217706,0.000000,,,,true,,POST,http://20.210.36.32:8080/prediction/knn,HTTP/1.1,contacts,,200,,,http://20.210.36.32:8080/prediction/knn,,
responseTime,1678217706,212.557146,,,,,,,,,contacts,,,,,,,
data_sent,1678217706,2088.000000,,,,,,,,,contacts,,,,,,,
data_received,1678217706,199.000000,,,,,,,,,contacts,,,,,,,
iteration_duration,1678217706,215.109254,,,,,,,,,contacts,,,,,,,
iterations,1678217706,1.000000,,,,,,,,,contacts,,,,,,,
http_reqs,1678217706,1.000000,,,,true,,POST,http://20.210.36.32:8080/prediction/knn,HTTP/1.1,contacts,,200,,,http://20.210.36.32:8080/prediction/knn,,
http_req_duration,1678217706,153.013765,,,,true,,POST,http://20.210.36.32:8080/prediction/knn,HTTP/1.1,contacts,,200,,,http://20.210.36.32:8080/prediction/knn,,
http_req_blocked,1678217706,2.559008,,,,true,,POST,http://20.210.36.32:8080/prediction/knn,HTTP/1.1,contacts,,200,,,http://20.210.36.32:8080/prediction/knn,,
http_req_connecting,1678217706,2.488008,,,,true,,POST,http://20.210.36.32:8080/prediction/knn,HTTP/1.1,contacts,,200,,,http://20.210.36.32:8080/prediction/knn,,
http_req_tls_handshaking,1678217706,0.000000,,,,true,,POST,http://20.210.36.32:8080/prediction/knn,HTTP/1.1,contacts,,200,,,http://20.210.36.32:8080/prediction/knn,,
http_req_sending,1678217706,0.091300,,,,true,,POST,http://20.210.36.32:8080/prediction/knn,HTTP/1.1,contacts,,200,,,http://20.210.36.32:8080/prediction/knn,,
http_req_waiting,1678217706,150.663258,,,,true,,POST,http://20.210.36.32:8080/prediction/knn,HTTP/1.1,contacts,,200,,,http://20.210.36.32:8080/prediction/knn,,
http_req_receiving,1678217706,2.259207,,,,true,,POST,http://20.210.36.32:8080/prediction/knn,HTTP/1.1,contacts,,200,,,http://20.210.36.32:8080/prediction/knn,,
http_req_failed,1678217706,0.000000,,,,true,,POST,http://20.210.36.32:8080/prediction/knn,HTTP/1.1,contacts,,200,,,http://20.210.36.32:8080/prediction/knn,,
responseTime,1678217706,153.013765,,,,,,,,,contacts,,,,,,,
data_sent,1678217706,2088.000000,,,,,,,,,contacts,,,,,,,
data_received,1678217706,199.000000,,,,,,,,,contacts,,,,,,,
iteration_duration,1678217706,156.077574,,,,,,,,,contacts,,,,,,,
iterations,1678217706,1.000000,,,,,,,,,contacts,,,,,,,
http_reqs,1678217706,1.000000,,,,true,,POST,http://20.210.36.32:8080/prediction/knn,HTTP/1.1,contacts,,200,,,http://20.210.36.32:8080/prediction/knn,,
http_req_duration,1678217706,209.229736,,,,true,,POST,http://20.210.36.32:8080/prediction/knn,HTTP/1.1,contacts,,200,,,http://20.210.36.32:8080/prediction/knn,,
http_req_blocked,1678217706,2.029206,,,,true,,POST,http://20.210.36.32:8080/prediction/knn,HTTP/1.1,contacts,,200,,,http://20.210.36.32:8080/prediction/knn,,
http_req_connecting,1678217706,1.947906,,,,true,,POST,http://20.210.36.32:8080/prediction/knn,HTTP/1.1,contacts,,200,,,http://20.210.36.32:8080/prediction/knn,,
http_req_tls_handshaking,1678217706,0.000000,,,,true,,POST,http://20.210.36.32:8080/prediction/knn,HTTP/1.1,contacts,,200,,,http://20.210.36.32:8080/prediction/knn,,
http_req_sending,1678217706,0.096101,,,,true,,POST,http://20.210.36.32:8080/prediction/knn,HTTP/1.1,contacts,,200,,,http://20.210.36.32:8080/prediction/knn,,
http_req_waiting,1678217706,208.882335,,,,true,,POST,http://20.210.36.32:8080/prediction/knn,HTTP/1.1,contacts,,200,,,http://20.210.36.32:8080/prediction/knn,,
http_req_receiving,1678217706,0.251300,,,,true,,POST,http://20.210.36.32:8080/prediction/knn,HTTP/1.1,contacts,,200,,,http://20.210.36.32:8080/prediction/knn,,
http_req_failed,1678217706,0.000000,,,,true,,POST,http://20.210.36.32:8080/prediction/knn,HTTP/1.1,contacts,,200,,,http://20.210.36.32:8080/prediction/knn,,
responseTime,1678217706,209.229736,,,,,,,,,contacts,,,,,,,
data_sent,1678217706,2088.000000,,,,,,,,,contacts,,,,,,,
data_received,1678217706,199.000000,,,,,,,,,contacts,,,,,,,
iteration_duration,1678217706,211.643343,,,,,,,,,contacts,,,,,,,
iterations,1678217706,1.000000,,,,,,,,,contacts,,,,,,,
http_reqs,1678217706,1.000000,,,,true,,POST,http://20.210.36.32:8080/prediction/knn,HTTP/1.1,contacts,,200,,,http://20.210.36.32:8080/prediction/knn,,
http_req_duration,1678217706,156.714077,,,,true,,POST,http://20.210.36.32:8080/prediction/knn,HTTP/1.1,contacts,,200,,,http://20.210.36.32:8080/prediction/knn,,
http_req_blocked,1678217706,2.310607,,,,true,,POST,http://20.210.36.32:8080/prediction/knn,HTTP/1.1,contacts,,200,,,http://20.210.36.32:8080/prediction/knn,,
http_req_connecting,1678217706,2.221806,,,,true,,POST,http://20.210.36.32:8080/prediction/knn,HTTP/1.1,contacts,,200,,,http://20.210.36.32:8080/prediction/knn,,
http_req_tls_handshaking,1678217706,0.000000,,,,true,,POST,http://20.210.36.32:8080/prediction/knn,HTTP/1.1,contacts,,200,,,http://20.210.36.32:8080/prediction/knn,,
http_req_sending,1678217706,0.110401,,,,true,,POST,http://20.210.36.32:8080/prediction/knn,HTTP/1.1,contacts,,200,,,http://20.210.36.32:8080/prediction/knn,,
http_req_waiting,1678217706,151.077659,,,,true,,POST,http://20.210.36.32:8080/prediction/knn,HTTP/1.1,contacts,,200,,,http://20.210.36.32:8080/prediction/knn,,
http_req_receiving,1678217706,5.526017,,,,true,,POST,http://20.210.36.32:8080/prediction/knn,HTTP/1.1,contacts,,200,,,http://20.210.36.32:8080/prediction/knn,,
http_req_failed,1678217706,0.000000,,,,true,,POST,http://20.210.36.32:8080/prediction/knn,HTTP/1.1,contacts,,200,,,http://20.210.36.32:8080/prediction/knn,,
responseTime,1678217706,156.714077,,,,,,,,,contacts,,,,,,,
data_sent,1678217706,2088.000000,,,,,,,,,contacts,,,,,,,
data_received,1678217706,199.000000,,,,,,,,,contacts,,,,,,,
iteration_duration,1678217706,159.508284,,,,,,,,,contacts,,,,,,,
iterations,1678217706,1.000000,,,,,,,,,contacts,,,,,,,
http_reqs,1678217706,1.000000,,,,true,,POST,http://20.210.36.32:8080/prediction/knn,HTTP/1.1,contacts,,200,,,http://20.210.36.32:8080/prediction/knn,,
http_req_duration,1678217706,234.669214,,,,true,,POST,http://20.210.36.32:8080/prediction/knn,HTTP/1.1,contacts,,200,,,http://20.210.36.32:8080/prediction/knn,,
http_req_blocked,1678217706,2.215607,,,,true,,POST,http://20.210.36.32:8080/prediction/knn,HTTP/1.1,contacts,,200,,,http://20.210.36.32:8080/prediction/knn,,
http_req_connecting,1678217706,2.129206,,,,true,,POST,http://20.210.36.32:8080/prediction/knn,HTTP/1.1,contacts,,200,,,http://20.210.36.32:8080/prediction/knn,,
http_req_tls_handshaking,1678217706,0.000000,,,,true,,POST,http://20.210.36.32:8080/prediction/knn,HTTP/1.1,contacts,,200,,,http://20.210.36.32:8080/prediction/knn,,
http_req_sending,1678217706,0.093801,,,,true,,POST,http://20.210.36.32:8080/prediction/knn,HTTP/1.1,contacts,,200,,,http://20.210.36.32:8080/prediction/knn,,
http_req_waiting,1678217706,234.433112,,,,true,,POST,http://20.210.36.32:8080/prediction/knn,HTTP/1.1,contacts,,200,,,http://20.210.36.32:8080/prediction/knn,,
http_req_receiving,1678217706,0.142301,,,,true,,POST,http://20.210.36.32:8080/prediction/knn,HTTP/1.1,contacts,,200,,,http://20.210.36.32:8080/prediction/knn,,
http_req_failed,1678217706,0.000000,,,,true,,POST,http://20.210.36.32:8080/prediction/knn,HTTP/1.1,contacts,,200,,,http://20.210.36.32:8080/prediction/knn,,
responseTime,1678217706,234.669214,,,,,,,,,contacts,,,,,,,
data_sent,1678217706,2088.000000,,,,,,,,,contacts,,,,,,,
data_received,1678217706,199.000000,,,,,,,,,contacts,,,,,,,
iteration_duration,1678217706,237.224221,,,,,,,,,contacts,,,,,,,
iterations,1678217706,1.000000,,,,,,,,,contacts,,,,,,,
http_reqs,1678217706,1.000000,,,,true,,POST,http://20.210.36.32:8080/prediction/knn,HTTP/1.1,contacts,,200,,,http://20.210.36.32:8080/prediction/knn,,
http_req_duration,1678217706,143.139835,,,,true,,POST,http://20.210.36.32:8080/prediction/knn,HTTP/1.1,contacts,,200,,,http://20.210.36.32:8080/prediction/knn,,
http_req_blocked,1678217706,2.272407,,,,true,,POST,http://20.210.36.32:8080/prediction/knn,HTTP/1.1,contacts,,200,,,http://20.210.36.32:8080/prediction/knn,,
http_req_connecting,1678217706,2.175806,,,,true,,POST,http://20.210.36.32:8080/prediction/knn,HTTP/1.1,contacts,,200,,,http://20.210.36.32:8080/prediction/knn,,
http_req_tls_handshaking,1678217706,0.000000,,,,true,,POST,http://20.210.36.32:8080/prediction/knn,HTTP/1.1,contacts,,200,,,http://20.210.36.32:8080/prediction/knn,,
http_req_sending,1678217706,0.108900,,,,true,,POST,http://20.210.36.32:8080/prediction/knn,HTTP/1.1,contacts,,200,,,http://20.210.36.32:8080/prediction/knn,,
http_req_waiting,1678217706,142.919635,,,,true,,POST,http://20.210.36.32:8080/prediction/knn,HTTP/1.1,contacts,,200,,,http://20.210.36.32:8080/prediction/knn,,
http_req_receiving,1678217706,0.111300,,,,true,,POST,http://20.210.36.32:8080/prediction/knn,HTTP/1.1,contacts,,200,,,http://20.210.36.32:8080/prediction/knn,,
http_req_failed,1678217706,0.000000,,,,true,,POST,http://20.210.36.32:8080/prediction/knn,HTTP/1.1,contacts,,200,,,http://20.210.36.32:8080/prediction/knn,,
responseTime,1678217706,143.139835,,,,,,,,,contacts,,,,,,,
data_sent,1678217706,2088.000000,,,,,,,,,contacts,,,,,,,
data_received,1678217706,199.000000,,,,,,,,,contacts,,,,,,,
iteration_duration,1678217706,145.972144,,,,,,,,,contacts,,,,,,,
iterations,1678217706,1.000000,,,,,,,,,contacts,,,,,,,
http_reqs,1678217706,1.000000,,,,true,,POST,http://20.210.36.32:8080/prediction/knn,HTTP/1.1,contacts,,200,,,http://20.210.36.32:8080/prediction/knn,,
http_req_duration,1678217706,229.661698,,,,true,,POST,http://20.210.36.32:8080/prediction/knn,HTTP/1.1,contacts,,200,,,http://20.210.36.32:8080/prediction/knn,,
http_req_blocked,1678217706,2.205107,,,,true,,POST,http://20.210.36.32:8080/prediction/knn,HTTP/1.1,contacts,,200,,,http://20.210.36.32:8080/prediction/knn,,
http_req_connecting,1678217706,2.088007,,,,true,,POST,http://20.210.36.32:8080/prediction/knn,HTTP/1.1,contacts,,200,,,http://20.210.36.32:8080/prediction/knn,,
http_req_tls_handshaking,1678217706,0.000000,,,,true,,POST,http://20.210.36.32:8080/prediction/knn,HTTP/1.1,contacts,,200,,,http://20.210.36.32:8080/prediction/knn,,
http_req_sending,1678217706,0.086400,,,,true,,POST,http://20.210.36.32:8080/prediction/knn,HTTP/1.1,contacts,,200,,,http://20.210.36.32:8080/prediction/knn,,
http_req_waiting,1678217706,229.465698,,,,true,,POST,http://20.210.36.32:8080/prediction/knn,HTTP/1.1,contacts,,200,,,http://20.210.36.32:8080/prediction/knn,,
http_req_receiving,1678217706,0.109600,,,,true,,POST,http://20.210.36.32:8080/prediction/knn,HTTP/1.1,contacts,,200,,,http://20.210.36.32:8080/prediction/knn,,
http_req_failed,1678217706,0.000000,,,,true,,POST,http://20.210.36.32:8080/prediction/knn,HTTP/1.1,contacts,,200,,,http://20.210.36.32:8080/prediction/knn,,
responseTime,1678217706,229.661698,,,,,,,,,contacts,,,,,,,
data_sent,1678217706,2088.000000,,,,,,,,,contacts,,,,,,,
data_received,1678217706,199.000000,,,,,,,,,contacts,,,,,,,
iteration_duration,1678217706,232.298706,,,,,,,,,contacts,,,,,,,
iterations,1678217706,1.000000,,,,,,,,,contacts,,,,,,,
http_reqs,1678217706,1.000000,,,,true,,POST,http://20.210.36.32:8080/prediction/knn,HTTP/1.1,contacts,,200,,,http://20.210.36.32:8080/prediction/knn,,
http_req_duration,1678217706,128.367090,,,,true,,POST,http://20.210.36.32:8080/prediction/knn,HTTP/1.1,contacts,,200,,,http://20.210.36.32:8080/prediction/knn,,
http_req_blocked,1678217706,2.297507,,,,true,,POST,http://20.210.36.32:8080/prediction/knn,HTTP/1.1,contacts,,200,,,http://20.210.36.32:8080/prediction/knn,,
http_req_connecting,1678217706,2.218307,,,,true,,POST,http://20.210.36.32:8080/prediction/knn,HTTP/1.1,contacts,,200,,,http://20.210.36.32:8080/prediction/knn,,
http_req_tls_handshaking,1678217706,0.000000,,,,true,,POST,http://20.210.36.32:8080/prediction/knn,HTTP/1.1,contacts,,200,,,http://20.210.36.32:8080/prediction/knn,,
http_req_sending,1678217706,0.080100,,,,true,,POST,http://20.210.36.32:8080/prediction/knn,HTTP/1.1,contacts,,200,,,http://20.210.36.32:8080/prediction/knn,,
http_req_waiting,1678217706,128.213190,,,,true,,POST,http://20.210.36.32:8080/prediction/knn,HTTP/1.1,contacts,,200,,,http://20.210.36.32:8080/prediction/knn,,
http_req_receiving,1678217706,0.073800,,,,true,,POST,http://20.210.36.32:8080/prediction/knn,HTTP/1.1,contacts,,200,,,http://20.210.36.32:8080/prediction/knn,,
http_req_failed,1678217706,0.000000,,,,true,,POST,http://20.210.36.32:8080/prediction/knn,HTTP/1.1,contacts,,200,,,http://20.210.36.32:8080/prediction/knn,,
responseTime,1678217706,128.367090,,,,,,,,,contacts,,,,,,,
data_sent,1678217706,2088.000000,,,,,,,,,contacts,,,,,,,
data_received,1678217706,199.000000,,,,,,,,,contacts,,,,,,,
iteration_duration,1678217706,131.036598,,,,,,,,,contacts,,,,,,,
iterations,1678217706,1.000000,,,,,,,,,contacts,,,,,,,
http_reqs,1678217706,1.000000,,,,true,,POST,http://20.210.36.32:8080/prediction/knn,HTTP/1.1,contacts,,200,,,http://20.210.36.32:8080/prediction/knn,,
http_req_duration,1678217706,228.862796,,,,true,,POST,http://20.210.36.32:8080/prediction/knn,HTTP/1.1,contacts,,200,,,http://20.210.36.32:8080/prediction/knn,,
http_req_blocked,1678217706,2.199506,,,,true,,POST,http://20.210.36.32:8080/prediction/knn,HTTP/1.1,contacts,,200,,,http://20.210.36.32:8080/prediction/knn,,
http_req_connecting,1678217706,2.105706,,,,true,,POST,http://20.210.36.32:8080/prediction/knn,HTTP/1.1,contacts,,200,,,http://20.210.36.32:8080/prediction/knn,,
http_req_tls_handshaking,1678217706,0.000000,,,,true,,POST,http://20.210.36.32:8080/prediction/knn,HTTP/1.1,contacts,,200,,,http://20.210.36.32:8080/prediction/knn,,
http_req_sending,1678217706,0.157501,,,,true,,POST,http://20.210.36.32:8080/prediction/knn,HTTP/1.1,contacts,,200,,,http://20.210.36.32:8080/prediction/knn,,
http_req_waiting,1678217706,228.613994,,,,true,,POST,http://20.210.36.32:8080/prediction/knn,HTTP/1.1,contacts,,200,,,http://20.210.36.32:8080/prediction/knn,,
http_req_receiving,1678217706,0.091301,,,,true,,POST,http://20.210.36.32:8080/prediction/knn,HTTP/1.1,contacts,,200,,,http://20.210.36.32:8080/prediction/knn,,
http_req_failed,1678217706,0.000000,,,,true,,POST,http://20.210.36.32:8080/prediction/knn,HTTP/1.1,contacts,,200,,,http://20.210.36.32:8080/prediction/knn,,
responseTime,1678217706,228.862796,,,,,,,,,contacts,,,,,,,
data_sent,1678217706,2088.000000,,,,,,,,,contacts,,,,,,,
data_received,1678217706,199.000000,,,,,,,,,contacts,,,,,,,
iteration_duration,1678217706,231.391803,,,,,,,,,contacts,,,,,,,
iterations,1678217706,1.000000,,,,,,,,,contacts,,,,,,,
http_reqs,1678217706,1.000000,,,,true,,POST,http://20.210.36.32:8080/prediction/knn,HTTP/1.1,contacts,,200,,,http://20.210.36.32:8080/prediction/knn,,
http_req_duration,1678217706,235.567216,,,,true,,POST,http://20.210.36.32:8080/prediction/knn,HTTP/1.1,contacts,,200,,,http://20.210.36.32:8080/prediction/knn,,
http_req_blocked,1678217706,2.155407,,,,true,,POST,http://20.210.36.32:8080/prediction/knn,HTTP/1.1,contacts,,200,,,http://20.210.36.32:8080/prediction/knn,,
http_req_connecting,1678217706,2.064407,,,,true,,POST,http://20.210.36.32:8080/prediction/knn,HTTP/1.1,contacts,,200,,,http://20.210.36.32:8080/prediction/knn,,
http_req_tls_handshaking,1678217706,0.000000,,,,true,,POST,http://20.210.36.32:8080/prediction/knn,HTTP/1.1,contacts,,200,,,http://20.210.36.32:8080/prediction/knn,,
http_req_sending,1678217706,0.056400,,,,true,,POST,http://20.210.36.32:8080/prediction/knn,HTTP/1.1,contacts,,200,,,http://20.210.36.32:8080/prediction/knn,,
http_req_waiting,1678217706,235.359715,,,,true,,POST,http://20.210.36.32:8080/prediction/knn,HTTP/1.1,contacts,,200,,,http://20.210.36.32:8080/prediction/knn,,
http_req_receiving,1678217706,0.151101,,,,true,,POST,http://20.210.36.32:8080/prediction/knn,HTTP/1.1,contacts,,200,,,http://20.210.36.32:8080/prediction/knn,,
http_req_failed,1678217706,0.000000,,,,true,,POST,http://20.210.36.32:8080/prediction/knn,HTTP/1.1,contacts,,200,,,http://20.210.36.32:8080/prediction/knn,,
responseTime,1678217706,235.567216,,,,,,,,,contacts,,,,,,,
data_sent,1678217706,2088.000000,,,,,,,,,contacts,,,,,,,
data_received,1678217706,199.000000,,,,,,,,,contacts,,,,,,,
iteration_duration,1678217706,239.172527,,,,,,,,,contacts,,,,,,,
iterations,1678217706,1.000000,,,,,,,,,contacts,,,,,,,
http_reqs,1678217706,1.000000,,,,true,,POST,http://20.210.36.32:8080/prediction/knn,HTTP/1.1,contacts,,200,,,http://20.210.36.32:8080/prediction/knn,,
http_req_duration,1678217706,193.607189,,,,true,,POST,http://20.210.36.32:8080/prediction/knn,HTTP/1.1,contacts,,200,,,http://20.210.36.32:8080/prediction/knn,,
http_req_blocked,1678217706,2.316007,,,,true,,POST,http://20.210.36.32:8080/prediction/knn,HTTP/1.1,contacts,,200,,,http://20.210.36.32:8080/prediction/knn,,
http_req_connecting,1678217706,2.244607,,,,true,,POST,http://20.210.36.32:8080/prediction/knn,HTTP/1.1,contacts,,200,,,http://20.210.36.32:8080/prediction/knn,,
http_req_tls_handshaking,1678217706,0.000000,,,,true,,POST,http://20.210.36.32:8080/prediction/knn,HTTP/1.1,contacts,,200,,,http://20.210.36.32:8080/prediction/knn,,
http_req_sending,1678217706,0.068900,,,,true,,POST,http://20.210.36.32:8080/prediction/knn,HTTP/1.1,contacts,,200,,,http://20.210.36.32:8080/prediction/knn,,
http_req_waiting,1678217706,193.423988,,,,true,,POST,http://20.210.36.32:8080/prediction/knn,HTTP/1.1,contacts,,200,,,http://20.210.36.32:8080/prediction/knn,,
http_req_receiving,1678217706,0.114301,,,,true,,POST,http://20.210.36.32:8080/prediction/knn,HTTP/1.1,contacts,,200,,,http://20.210.36.32:8080/prediction/knn,,
http_req_failed,1678217706,0.000000,,,,true,,POST,http://20.210.36.32:8080/prediction/knn,HTTP/1.1,contacts,,200,,,http://20.210.36.32:8080/prediction/knn,,
responseTime,1678217706,193.607189,,,,,,,,,contacts,,,,,,,
data_sent,1678217706,2088.000000,,,,,,,,,contacts,,,,,,,
data_received,1678217706,199.000000,,,,,,,,,contacts,,,,,,,
iteration_duration,1678217706,196.223196,,,,,,,,,contacts,,,,,,,
iterations,1678217706,1.000000,,,,,,,,,contacts,,,,,,,
http_reqs,1678217706,1.000000,,,,true,,POST,http://20.210.36.32:8080/prediction/knn,HTTP/1.1,contacts,,200,,,http://20.210.36.32:8080/prediction/knn,,
http_req_duration,1678217706,147.740949,,,,true,,POST,http://20.210.36.32:8080/prediction/knn,HTTP/1.1,contacts,,200,,,http://20.210.36.32:8080/prediction/knn,,
http_req_blocked,1678217706,2.298407,,,,true,,POST,http://20.210.36.32:8080/prediction/knn,HTTP/1.1,contacts,,200,,,http://20.210.36.32:8080/prediction/knn,,
http_req_connecting,1678217706,2.221407,,,,true,,POST,http://20.210.36.32:8080/prediction/knn,HTTP/1.1,contacts,,200,,,http://20.210.36.32:8080/prediction/knn,,
http_req_tls_handshaking,1678217706,0.000000,,,,true,,POST,http://20.210.36.32:8080/prediction/knn,HTTP/1.1,contacts,,200,,,http://20.210.36.32:8080/prediction/knn,,
http_req_sending,1678217706,0.061600,,,,true,,POST,http://20.210.36.32:8080/prediction/knn,HTTP/1.1,contacts,,200,,,http://20.210.36.32:8080/prediction/knn,,
http_req_waiting,1678217706,147.593249,,,,true,,POST,http://20.210.36.32:8080/prediction/knn,HTTP/1.1,contacts,,200,,,http://20.210.36.32:8080/prediction/knn,,
http_req_receiving,1678217706,0.086100,,,,true,,POST,http://20.210.36.32:8080/prediction/knn,HTTP/1.1,contacts,,200,,,http://20.210.36.32:8080/prediction/knn,,
http_req_failed,1678217706,0.000000,,,,true,,POST,http://20.210.36.32:8080/prediction/knn,HTTP/1.1,contacts,,200,,,http://20.210.36.32:8080/prediction/knn,,
http_reqs,1678217706,1.000000,,,,true,,POST,http://20.210.36.32:8080/prediction/knn,HTTP/1.1,contacts,,200,,,http://20.210.36.32:8080/prediction/knn,,
http_req_duration,1678217706,146.827646,,,,true,,POST,http://20.210.36.32:8080/prediction/knn,HTTP/1.1,contacts,,200,,,http://20.210.36.32:8080/prediction/knn,,
http_req_blocked,1678217706,2.100406,,,,true,,POST,http://20.210.36.32:8080/prediction/knn,HTTP/1.1,contacts,,200,,,http://20.210.36.32:8080/prediction/knn,,
http_req_connecting,1678217706,2.047006,,,,true,,POST,http://20.210.36.32:8080/prediction/knn,HTTP/1.1,contacts,,200,,,http://20.210.36.32:8080/prediction/knn,,
http_req_tls_handshaking,1678217706,0.000000,,,,true,,POST,http://20.210.36.32:8080/prediction/knn,HTTP/1.1,contacts,,200,,,http://20.210.36.32:8080/prediction/knn,,
http_req_sending,1678217706,0.063400,,,,true,,POST,http://20.210.36.32:8080/prediction/knn,HTTP/1.1,contacts,,200,,,http://20.210.36.32:8080/prediction/knn,,
http_req_waiting,1678217706,146.687046,,,,true,,POST,http://20.210.36.32:8080/prediction/knn,HTTP/1.1,contacts,,200,,,http://20.210.36.32:8080/prediction/knn,,
http_req_receiving,1678217706,0.077200,,,,true,,POST,http://20.210.36.32:8080/prediction/knn,HTTP/1.1,contacts,,200,,,http://20.210.36.32:8080/prediction/knn,,
http_req_failed,1678217706,0.000000,,,,true,,POST,http://20.210.36.32:8080/prediction/knn,HTTP/1.1,contacts,,200,,,http://20.210.36.32:8080/prediction/knn,,
responseTime,1678217706,147.740949,,,,,,,,,contacts,,,,,,,
data_sent,1678217706,2088.000000,,,,,,,,,contacts,,,,,,,
data_received,1678217706,199.000000,,,,,,,,,contacts,,,,,,,
iteration_duration,1678217706,150.584858,,,,,,,,,contacts,,,,,,,
iterations,1678217706,1.000000,,,,,,,,,contacts,,,,,,,
responseTime,1678217706,146.827646,,,,,,,,,contacts,,,,,,,
data_sent,1678217706,2088.000000,,,,,,,,,contacts,,,,,,,
data_received,1678217706,199.000000,,,,,,,,,contacts,,,,,,,
iteration_duration,1678217706,149.781255,,,,,,,,,contacts,,,,,,,
iterations,1678217706,1.000000,,,,,,,,,contacts,,,,,,,
http_reqs,1678217706,1.000000,,,,true,,POST,http://20.210.36.32:8080/prediction/knn,HTTP/1.1,contacts,,200,,,http://20.210.36.32:8080/prediction/knn,,
http_req_duration,1678217706,125.761983,,,,true,,POST,http://20.210.36.32:8080/prediction/knn,HTTP/1.1,contacts,,200,,,http://20.210.36.32:8080/prediction/knn,,
http_req_blocked,1678217706,2.704909,,,,true,,POST,http://20.210.36.32:8080/prediction/knn,HTTP/1.1,contacts,,200,,,http://20.210.36.32:8080/prediction/knn,,
http_req_connecting,1678217706,2.630908,,,,true,,POST,http://20.210.36.32:8080/prediction/knn,HTTP/1.1,contacts,,200,,,http://20.210.36.32:8080/prediction/knn,,
http_req_tls_handshaking,1678217706,0.000000,,,,true,,POST,http://20.210.36.32:8080/prediction/knn,HTTP/1.1,contacts,,200,,,http://20.210.36.32:8080/prediction/knn,,
http_req_sending,1678217706,0.086401,,,,true,,POST,http://20.210.36.32:8080/prediction/knn,HTTP/1.1,contacts,,200,,,http://20.210.36.32:8080/prediction/knn,,
http_req_waiting,1678217706,125.549381,,,,true,,POST,http://20.210.36.32:8080/prediction/knn,HTTP/1.1,contacts,,200,,,http://20.210.36.32:8080/prediction/knn,,
http_req_receiving,1678217706,0.126201,,,,true,,POST,http://20.210.36.32:8080/prediction/knn,HTTP/1.1,contacts,,200,,,http://20.210.36.32:8080/prediction/knn,,
http_req_failed,1678217706,0.000000,,,,true,,POST,http://20.210.36.32:8080/prediction/knn,HTTP/1.1,contacts,,200,,,http://20.210.36.32:8080/prediction/knn,,
responseTime,1678217706,125.761983,,,,,,,,,contacts,,,,,,,
data_sent,1678217706,2088.000000,,,,,,,,,contacts,,,,,,,
data_received,1678217706,199.000000,,,,,,,,,contacts,,,,,,,
iteration_duration,1678217706,128.896692,,,,,,,,,contacts,,,,,,,
iterations,1678217706,1.000000,,,,,,,,,contacts,,,,,,,
http_reqs,1678217706,1.000000,,,,true,,POST,http://20.210.36.32:8080/prediction/knn,HTTP/1.1,contacts,,200,,,http://20.210.36.32:8080/prediction/knn,,
http_req_duration,1678217706,198.431331,,,,true,,POST,http://20.210.36.32:8080/prediction/knn,HTTP/1.1,contacts,,200,,,http://20.210.36.32:8080/prediction/knn,,
http_req_blocked,1678217706,2.246007,,,,true,,POST,http://20.210.36.32:8080/prediction/knn,HTTP/1.1,contacts,,200,,,http://20.210.36.32:8080/prediction/knn,,
http_req_connecting,1678217706,2.165506,,,,true,,POST,http://20.210.36.32:8080/prediction/knn,HTTP/1.1,contacts,,200,,,http://20.210.36.32:8080/prediction/knn,,
http_req_tls_handshaking,1678217706,0.000000,,,,true,,POST,http://20.210.36.32:8080/prediction/knn,HTTP/1.1,contacts,,200,,,http://20.210.36.32:8080/prediction/knn,,
http_req_sending,1678217706,0.117201,,,,true,,POST,http://20.210.36.32:8080/prediction/knn,HTTP/1.1,contacts,,200,,,http://20.210.36.32:8080/prediction/knn,,
http_req_waiting,1678217706,198.209530,,,,true,,POST,http://20.210.36.32:8080/prediction/knn,HTTP/1.1,contacts,,200,,,http://20.210.36.32:8080/prediction/knn,,
http_req_receiving,1678217706,0.104600,,,,true,,POST,http://20.210.36.32:8080/prediction/knn,HTTP/1.1,contacts,,200,,,http://20.210.36.32:8080/prediction/knn,,
http_req_failed,1678217706,0.000000,,,,true,,POST,http://20.210.36.32:8080/prediction/knn,HTTP/1.1,contacts,,200,,,http://20.210.36.32:8080/prediction/knn,,
responseTime,1678217706,198.431331,,,,,,,,,contacts,,,,,,,
data_sent,1678217706,2088.000000,,,,,,,,,contacts,,,,,,,
data_received,1678217706,199.000000,,,,,,,,,contacts,,,,,,,
iteration_duration,1678217706,201.093040,,,,,,,,,contacts,,,,,,,
iterations,1678217706,1.000000,,,,,,,,,contacts,,,,,,,
http_reqs,1678217706,1.000000,,,,true,,POST,http://20.210.36.32:8080/prediction/knn,HTTP/1.1,contacts,,200,,,http://20.210.36.32:8080/prediction/knn,,
http_req_duration,1678217706,161.883721,,,,true,,POST,http://20.210.36.32:8080/prediction/knn,HTTP/1.1,contacts,,200,,,http://20.210.36.32:8080/prediction/knn,,
http_req_blocked,1678217706,3.016909,,,,true,,POST,http://20.210.36.32:8080/prediction/knn,HTTP/1.1,contacts,,200,,,http://20.210.36.32:8080/prediction/knn,,
http_req_connecting,1678217706,2.954609,,,,true,,POST,http://20.210.36.32:8080/prediction/knn,HTTP/1.1,contacts,,200,,,http://20.210.36.32:8080/prediction/knn,,
http_req_tls_handshaking,1678217706,0.000000,,,,true,,POST,http://20.210.36.32:8080/prediction/knn,HTTP/1.1,contacts,,200,,,http://20.210.36.32:8080/prediction/knn,,
http_req_sending,1678217706,0.106500,,,,true,,POST,http://20.210.36.32:8080/prediction/knn,HTTP/1.1,contacts,,200,,,http://20.210.36.32:8080/prediction/knn,,
http_req_waiting,1678217706,161.695721,,,,true,,POST,http://20.210.36.32:8080/prediction/knn,HTTP/1.1,contacts,,200,,,http://20.210.36.32:8080/prediction/knn,,
http_req_receiving,1678217706,0.081500,,,,true,,POST,http://20.210.36.32:8080/prediction/knn,HTTP/1.1,contacts,,200,,,http://20.210.36.32:8080/prediction/knn,,
http_req_failed,1678217706,0.000000,,,,true,,POST,http://20.210.36.32:8080/prediction/knn,HTTP/1.1,contacts,,200,,,http://20.210.36.32:8080/prediction/knn,,
responseTime,1678217706,161.883721,,,,,,,,,contacts,,,,,,,
data_sent,1678217706,2088.000000,,,,,,,,,contacts,,,,,,,
data_received,1678217706,199.000000,,,,,,,,,contacts,,,,,,,
iteration_duration,1678217706,165.311632,,,,,,,,,contacts,,,,,,,
iterations,1678217706,1.000000,,,,,,,,,contacts,,,,,,,
http_reqs,1678217706,1.000000,,,,true,,POST,http://20.210.36.32:8080/prediction/knn,HTTP/1.1,contacts,,200,,,http://20.210.36.32:8080/prediction/knn,,
http_req_duration,1678217706,159.568395,,,,true,,POST,http://20.210.36.32:8080/prediction/knn,HTTP/1.1,contacts,,200,,,http://20.210.36.32:8080/prediction/knn,,
http_req_blocked,1678217706,4.351913,,,,true,,POST,http://20.210.36.32:8080/prediction/knn,HTTP/1.1,contacts,,200,,,http://20.210.36.32:8080/prediction/knn,,
http_req_connecting,1678217706,4.257913,,,,true,,POST,http://20.210.36.32:8080/prediction/knn,HTTP/1.1,contacts,,200,,,http://20.210.36.32:8080/prediction/knn,,
http_req_tls_handshaking,1678217706,0.000000,,,,true,,POST,http://20.210.36.32:8080/prediction/knn,HTTP/1.1,contacts,,200,,,http://20.210.36.32:8080/prediction/knn,,
http_req_sending,1678217706,0.090800,,,,true,,POST,http://20.210.36.32:8080/prediction/knn,HTTP/1.1,contacts,,200,,,http://20.210.36.32:8080/prediction/knn,,
http_req_waiting,1678217706,154.090169,,,,true,,POST,http://20.210.36.32:8080/prediction/knn,HTTP/1.1,contacts,,200,,,http://20.210.36.32:8080/prediction/knn,,
http_req_receiving,1678217706,5.387426,,,,true,,POST,http://20.210.36.32:8080/prediction/knn,HTTP/1.1,contacts,,200,,,http://20.210.36.32:8080/prediction/knn,,
http_req_failed,1678217706,0.000000,,,,true,,POST,http://20.210.36.32:8080/prediction/knn,HTTP/1.1,contacts,,200,,,http://20.210.36.32:8080/prediction/knn,,
responseTime,1678217706,159.568395,,,,,,,,,contacts,,,,,,,
data_sent,1678217706,2088.000000,,,,,,,,,contacts,,,,,,,
data_received,1678217706,199.000000,,,,,,,,,contacts,,,,,,,
iteration_duration,1678217706,164.271509,,,,,,,,,contacts,,,,,,,
iterations,1678217706,1.000000,,,,,,,,,contacts,,,,,,,
http_reqs,1678217706,1.000000,,,,true,,POST,http://20.210.36.32:8080/prediction/knn,HTTP/1.1,contacts,,200,,,http://20.210.36.32:8080/prediction/knn,,
http_req_duration,1678217706,202.989635,,,,true,,POST,http://20.210.36.32:8080/prediction/knn,HTTP/1.1,contacts,,200,,,http://20.210.36.32:8080/prediction/knn,,
http_req_blocked,1678217706,2.239807,,,,true,,POST,http://20.210.36.32:8080/prediction/knn,HTTP/1.1,contacts,,200,,,http://20.210.36.32:8080/prediction/knn,,
http_req_connecting,1678217706,2.152307,,,,true,,POST,http://20.210.36.32:8080/prediction/knn,HTTP/1.1,contacts,,200,,,http://20.210.36.32:8080/prediction/knn,,
http_req_tls_handshaking,1678217706,0.000000,,,,true,,POST,http://20.210.36.32:8080/prediction/knn,HTTP/1.1,contacts,,200,,,http://20.210.36.32:8080/prediction/knn,,
http_req_sending,1678217706,0.082300,,,,true,,POST,http://20.210.36.32:8080/prediction/knn,HTTP/1.1,contacts,,200,,,http://20.210.36.32:8080/prediction/knn,,
http_req_waiting,1678217706,198.895116,,,,true,,POST,http://20.210.36.32:8080/prediction/knn,HTTP/1.1,contacts,,200,,,http://20.210.36.32:8080/prediction/knn,,
http_req_receiving,1678217706,4.012219,,,,true,,POST,http://20.210.36.32:8080/prediction/knn,HTTP/1.1,contacts,,200,,,http://20.210.36.32:8080/prediction/knn,,
http_req_failed,1678217706,0.000000,,,,true,,POST,http://20.210.36.32:8080/prediction/knn,HTTP/1.1,contacts,,200,,,http://20.210.36.32:8080/prediction/knn,,
responseTime,1678217706,202.989635,,,,,,,,,contacts,,,,,,,
data_sent,1678217706,2088.000000,,,,,,,,,contacts,,,,,,,
data_received,1678217706,199.000000,,,,,,,,,contacts,,,,,,,
iteration_duration,1678217706,205.534844,,,,,,,,,contacts,,,,,,,
iterations,1678217706,1.000000,,,,,,,,,contacts,,,,,,,
http_reqs,1678217706,1.000000,,,,true,,POST,http://20.210.36.32:8080/prediction/knn,HTTP/1.1,contacts,,200,,,http://20.210.36.32:8080/prediction/knn,,
http_req_duration,1678217706,191.657505,,,,true,,POST,http://20.210.36.32:8080/prediction/knn,HTTP/1.1,contacts,,200,,,http://20.210.36.32:8080/prediction/knn,,
http_req_blocked,1678217706,4.533414,,,,true,,POST,http://20.210.36.32:8080/prediction/knn,HTTP/1.1,contacts,,200,,,http://20.210.36.32:8080/prediction/knn,,
http_req_connecting,1678217706,4.437413,,,,true,,POST,http://20.210.36.32:8080/prediction/knn,HTTP/1.1,contacts,,200,,,http://20.210.36.32:8080/prediction/knn,,
http_req_tls_handshaking,1678217706,0.000000,,,,true,,POST,http://20.210.36.32:8080/prediction/knn,HTTP/1.1,contacts,,200,,,http://20.210.36.32:8080/prediction/knn,,
http_req_sending,1678217706,0.089100,,,,true,,POST,http://20.210.36.32:8080/prediction/knn,HTTP/1.1,contacts,,200,,,http://20.210.36.32:8080/prediction/knn,,
http_req_waiting,1678217706,191.465804,,,,true,,POST,http://20.210.36.32:8080/prediction/knn,HTTP/1.1,contacts,,200,,,http://20.210.36.32:8080/prediction/knn,,
http_req_receiving,1678217706,0.102601,,,,true,,POST,http://20.210.36.32:8080/prediction/knn,HTTP/1.1,contacts,,200,,,http://20.210.36.32:8080/prediction/knn,,
http_req_failed,1678217706,0.000000,,,,true,,POST,http://20.210.36.32:8080/prediction/knn,HTTP/1.1,contacts,,200,,,http://20.210.36.32:8080/prediction/knn,,
responseTime,1678217706,191.657505,,,,,,,,,contacts,,,,,,,
data_sent,1678217706,2088.000000,,,,,,,,,contacts,,,,,,,
data_received,1678217706,199.000000,,,,,,,,,contacts,,,,,,,
iteration_duration,1678217706,196.630520,,,,,,,,,contacts,,,,,,,
iterations,1678217706,1.000000,,,,,,,,,contacts,,,,,,,
http_reqs,1678217707,1.000000,,,,true,,POST,http://20.210.36.32:8080/prediction/knn,HTTP/1.1,contacts,,200,,,http://20.210.36.32:8080/prediction/knn,,
http_req_duration,1678217707,213.168930,,,,true,,POST,http://20.210.36.32:8080/prediction/knn,HTTP/1.1,contacts,,200,,,http://20.210.36.32:8080/prediction/knn,,
http_req_blocked,1678217707,4.284813,,,,true,,POST,http://20.210.36.32:8080/prediction/knn,HTTP/1.1,contacts,,200,,,http://20.210.36.32:8080/prediction/knn,,
http_req_connecting,1678217707,4.178813,,,,true,,POST,http://20.210.36.32:8080/prediction/knn,HTTP/1.1,contacts,,200,,,http://20.210.36.32:8080/prediction/knn,,
http_req_tls_handshaking,1678217707,0.000000,,,,true,,POST,http://20.210.36.32:8080/prediction/knn,HTTP/1.1,contacts,,200,,,http://20.210.36.32:8080/prediction/knn,,
http_req_sending,1678217707,0.067000,,,,true,,POST,http://20.210.36.32:8080/prediction/knn,HTTP/1.1,contacts,,200,,,http://20.210.36.32:8080/prediction/knn,,
http_req_waiting,1678217707,205.720875,,,,true,,POST,http://20.210.36.32:8080/prediction/knn,HTTP/1.1,contacts,,200,,,http://20.210.36.32:8080/prediction/knn,,
http_req_receiving,1678217707,7.381055,,,,true,,POST,http://20.210.36.32:8080/prediction/knn,HTTP/1.1,contacts,,200,,,http://20.210.36.32:8080/prediction/knn,,
http_req_failed,1678217707,0.000000,,,,true,,POST,http://20.210.36.32:8080/prediction/knn,HTTP/1.1,contacts,,200,,,http://20.210.36.32:8080/prediction/knn,,
responseTime,1678217707,213.168930,,,,,,,,,contacts,,,,,,,
data_sent,1678217707,2088.000000,,,,,,,,,contacts,,,,,,,
data_received,1678217707,199.000000,,,,,,,,,contacts,,,,,,,
iteration_duration,1678217707,217.824741,,,,,,,,,contacts,,,,,,,
iterations,1678217707,1.000000,,,,,,,,,contacts,,,,,,,
http_reqs,1678217707,1.000000,,,,true,,POST,http://20.210.36.32:8080/prediction/knn,HTTP/1.1,contacts,,200,,,http://20.210.36.32:8080/prediction/knn,,
http_req_duration,1678217707,234.678975,,,,true,,POST,http://20.210.36.32:8080/prediction/knn,HTTP/1.1,contacts,,200,,,http://20.210.36.32:8080/prediction/knn,,
http_req_blocked,1678217707,4.105912,,,,true,,POST,http://20.210.36.32:8080/prediction/knn,HTTP/1.1,contacts,,200,,,http://20.210.36.32:8080/prediction/knn,,
http_req_connecting,1678217707,4.045712,,,,true,,POST,http://20.210.36.32:8080/prediction/knn,HTTP/1.1,contacts,,200,,,http://20.210.36.32:8080/prediction/knn,,
http_req_tls_handshaking,1678217707,0.000000,,,,true,,POST,http://20.210.36.32:8080/prediction/knn,HTTP/1.1,contacts,,200,,,http://20.210.36.32:8080/prediction/knn,,
http_req_sending,1678217707,0.083000,,,,true,,POST,http://20.210.36.32:8080/prediction/knn,HTTP/1.1,contacts,,200,,,http://20.210.36.32:8080/prediction/knn,,
http_req_waiting,1678217707,233.859590,,,,true,,POST,http://20.210.36.32:8080/prediction/knn,HTTP/1.1,contacts,,200,,,http://20.210.36.32:8080/prediction/knn,,
http_req_receiving,1678217707,0.736385,,,,true,,POST,http://20.210.36.32:8080/prediction/knn,HTTP/1.1,contacts,,200,,,http://20.210.36.32:8080/prediction/knn,,
http_req_failed,1678217707,0.000000,,,,true,,POST,http://20.210.36.32:8080/prediction/knn,HTTP/1.1,contacts,,200,,,http://20.210.36.32:8080/prediction/knn,,
responseTime,1678217707,234.678975,,,,,,,,,contacts,,,,,,,
data_sent,1678217707,2088.000000,,,,,,,,,contacts,,,,,,,
data_received,1678217707,199.000000,,,,,,,,,contacts,,,,,,,
iteration_duration,1678217707,239.752684,,,,,,,,,contacts,,,,,,,
iterations,1678217707,1.000000,,,,,,,,,contacts,,,,,,,
http_reqs,1678217707,1.000000,,,,true,,POST,http://20.210.36.32:8080/prediction/knn,HTTP/1.1,contacts,,200,,,http://20.210.36.32:8080/prediction/knn,,
http_req_duration,1678217707,248.062499,,,,true,,POST,http://20.210.36.32:8080/prediction/knn,HTTP/1.1,contacts,,200,,,http://20.210.36.32:8080/prediction/knn,,
http_req_blocked,1678217707,3.414910,,,,true,,POST,http://20.210.36.32:8080/prediction/knn,HTTP/1.1,contacts,,200,,,http://20.210.36.32:8080/prediction/knn,,
http_req_connecting,1678217707,3.358310,,,,true,,POST,http://20.210.36.32:8080/prediction/knn,HTTP/1.1,contacts,,200,,,http://20.210.36.32:8080/prediction/knn,,
http_req_tls_handshaking,1678217707,0.000000,,,,true,,POST,http://20.210.36.32:8080/prediction/knn,HTTP/1.1,contacts,,200,,,http://20.210.36.32:8080/prediction/knn,,
http_req_sending,1678217707,0.059400,,,,true,,POST,http://20.210.36.32:8080/prediction/knn,HTTP/1.1,contacts,,200,,,http://20.210.36.32:8080/prediction/knn,,
http_req_waiting,1678217707,247.930600,,,,true,,POST,http://20.210.36.32:8080/prediction/knn,HTTP/1.1,contacts,,200,,,http://20.210.36.32:8080/prediction/knn,,
http_req_receiving,1678217707,0.072499,,,,true,,POST,http://20.210.36.32:8080/prediction/knn,HTTP/1.1,contacts,,200,,,http://20.210.36.32:8080/prediction/knn,,
http_req_failed,1678217707,0.000000,,,,true,,POST,http://20.210.36.32:8080/prediction/knn,HTTP/1.1,contacts,,200,,,http://20.210.36.32:8080/prediction/knn,,
responseTime,1678217707,248.062499,,,,,,,,,contacts,,,,,,,
data_sent,1678217707,2088.000000,,,,,,,,,contacts,,,,,,,
data_received,1678217707,199.000000,,,,,,,,,contacts,,,,,,,
iteration_duration,1678217707,251.855106,,,,,,,,,contacts,,,,,,,
iterations,1678217707,1.000000,,,,,,,,,contacts,,,,,,,
http_reqs,1678217707,1.000000,,,,true,,POST,http://20.210.36.32:8080/prediction/knn,HTTP/1.1,contacts,,200,,,http://20.210.36.32:8080/prediction/knn,,
http_req_duration,1678217707,257.271032,,,,true,,POST,http://20.210.36.32:8080/prediction/knn,HTTP/1.1,contacts,,200,,,http://20.210.36.32:8080/prediction/knn,,
http_req_blocked,1678217707,3.848211,,,,true,,POST,http://20.210.36.32:8080/prediction/knn,HTTP/1.1,contacts,,200,,,http://20.210.36.32:8080/prediction/knn,,
http_req_connecting,1678217707,3.784711,,,,true,,POST,http://20.210.36.32:8080/prediction/knn,HTTP/1.1,contacts,,200,,,http://20.210.36.32:8080/prediction/knn,,
http_req_tls_handshaking,1678217707,0.000000,,,,true,,POST,http://20.210.36.32:8080/prediction/knn,HTTP/1.1,contacts,,200,,,http://20.210.36.32:8080/prediction/knn,,
http_req_sending,1678217707,0.083200,,,,true,,POST,http://20.210.36.32:8080/prediction/knn,HTTP/1.1,contacts,,200,,,http://20.210.36.32:8080/prediction/knn,,
http_req_waiting,1678217707,247.776917,,,,true,,POST,http://20.210.36.32:8080/prediction/knn,HTTP/1.1,contacts,,200,,,http://20.210.36.32:8080/prediction/knn,,
http_req_receiving,1678217707,9.410915,,,,true,,POST,http://20.210.36.32:8080/prediction/knn,HTTP/1.1,contacts,,200,,,http://20.210.36.32:8080/prediction/knn,,
http_req_failed,1678217707,0.000000,,,,true,,POST,http://20.210.36.32:8080/prediction/knn,HTTP/1.1,contacts,,200,,,http://20.210.36.32:8080/prediction/knn,,
responseTime,1678217707,257.271032,,,,,,,,,contacts,,,,,,,
data_sent,1678217707,2088.000000,,,,,,,,,contacts,,,,,,,
data_received,1678217707,199.000000,,,,,,,,,contacts,,,,,,,
iteration_duration,1678217707,261.519541,,,,,,,,,contacts,,,,,,,
iterations,1678217707,1.000000,,,,,,,,,contacts,,,,,,,
http_reqs,1678217707,1.000000,,,,true,,POST,http://20.210.36.32:8080/prediction/knn,HTTP/1.1,contacts,,200,,,http://20.210.36.32:8080/prediction/knn,,
http_req_duration,1678217707,198.895553,,,,true,,POST,http://20.210.36.32:8080/prediction/knn,HTTP/1.1,contacts,,200,,,http://20.210.36.32:8080/prediction/knn,,
http_req_blocked,1678217707,3.804818,,,,true,,POST,http://20.210.36.32:8080/prediction/knn,HTTP/1.1,contacts,,200,,,http://20.210.36.32:8080/prediction/knn,,
http_req_connecting,1678217707,3.729018,,,,true,,POST,http://20.210.36.32:8080/prediction/knn,HTTP/1.1,contacts,,200,,,http://20.210.36.32:8080/prediction/knn,,
http_req_tls_handshaking,1678217707,0.000000,,,,true,,POST,http://20.210.36.32:8080/prediction/knn,HTTP/1.1,contacts,,200,,,http://20.210.36.32:8080/prediction/knn,,
http_req_sending,1678217707,0.064100,,,,true,,POST,http://20.210.36.32:8080/prediction/knn,HTTP/1.1,contacts,,200,,,http://20.210.36.32:8080/prediction/knn,,
http_req_waiting,1678217707,198.733455,,,,true,,POST,http://20.210.36.32:8080/prediction/knn,HTTP/1.1,contacts,,200,,,http://20.210.36.32:8080/prediction/knn,,
http_req_receiving,1678217707,0.097998,,,,true,,POST,http://20.210.36.32:8080/prediction/knn,HTTP/1.1,contacts,,200,,,http://20.210.36.32:8080/prediction/knn,,
http_req_failed,1678217707,0.000000,,,,true,,POST,http://20.210.36.32:8080/prediction/knn,HTTP/1.1,contacts,,200,,,http://20.210.36.32:8080/prediction/knn,,
responseTime,1678217707,198.895553,,,,,,,,,contacts,,,,,,,
data_sent,1678217707,2088.000000,,,,,,,,,contacts,,,,,,,
data_received,1678217707,199.000000,,,,,,,,,contacts,,,,,,,
iteration_duration,1678217707,203.245769,,,,,,,,,contacts,,,,,,,
iterations,1678217707,1.000000,,,,,,,,,contacts,,,,,,,
http_reqs,1678217707,1.000000,,,,true,,POST,http://20.210.36.32:8080/prediction/knn,HTTP/1.1,contacts,,200,,,http://20.210.36.32:8080/prediction/knn,,
http_req_duration,1678217707,184.819979,,,,true,,POST,http://20.210.36.32:8080/prediction/knn,HTTP/1.1,contacts,,200,,,http://20.210.36.32:8080/prediction/knn,,
http_req_blocked,1678217707,3.957619,,,,true,,POST,http://20.210.36.32:8080/prediction/knn,HTTP/1.1,contacts,,200,,,http://20.210.36.32:8080/prediction/knn,,
http_req_connecting,1678217707,3.863619,,,,true,,POST,http://20.210.36.32:8080/prediction/knn,HTTP/1.1,contacts,,200,,,http://20.210.36.32:8080/prediction/knn,,
http_req_tls_handshaking,1678217707,0.000000,,,,true,,POST,http://20.210.36.32:8080/prediction/knn,HTTP/1.1,contacts,,200,,,http://20.210.36.32:8080/prediction/knn,,
http_req_sending,1678217707,0.075800,,,,true,,POST,http://20.210.36.32:8080/prediction/knn,HTTP/1.1,contacts,,200,,,http://20.210.36.32:8080/prediction/knn,,
http_req_waiting,1678217707,180.542662,,,,true,,POST,http://20.210.36.32:8080/prediction/knn,HTTP/1.1,contacts,,200,,,http://20.210.36.32:8080/prediction/knn,,
http_req_receiving,1678217707,4.201517,,,,true,,POST,http://20.210.36.32:8080/prediction/knn,HTTP/1.1,contacts,,200,,,http://20.210.36.32:8080/prediction/knn,,
http_req_failed,1678217707,0.000000,,,,true,,POST,http://20.210.36.32:8080/prediction/knn,HTTP/1.1,contacts,,200,,,http://20.210.36.32:8080/prediction/knn,,
responseTime,1678217707,184.819979,,,,,,,,,contacts,,,,,,,
data_sent,1678217707,2088.000000,,,,,,,,,contacts,,,,,,,
data_received,1678217707,199.000000,,,,,,,,,contacts,,,,,,,
iteration_duration,1678217707,189.326095,,,,,,,,,contacts,,,,,,,
iterations,1678217707,1.000000,,,,,,,,,contacts,,,,,,,
http_reqs,1678217707,1.000000,,,,true,,POST,http://20.210.36.32:8080/prediction/knn,HTTP/1.1,contacts,,200,,,http://20.210.36.32:8080/prediction/knn,,
http_req_duration,1678217707,330.220134,,,,true,,POST,http://20.210.36.32:8080/prediction/knn,HTTP/1.1,contacts,,200,,,http://20.210.36.32:8080/prediction/knn,,
http_req_blocked,1678217707,3.983512,,,,true,,POST,http://20.210.36.32:8080/prediction/knn,HTTP/1.1,contacts,,200,,,http://20.210.36.32:8080/prediction/knn,,
http_req_connecting,1678217707,3.920912,,,,true,,POST,http://20.210.36.32:8080/prediction/knn,HTTP/1.1,contacts,,200,,,http://20.210.36.32:8080/prediction/knn,,
http_req_tls_handshaking,1678217707,0.000000,,,,true,,POST,http://20.210.36.32:8080/prediction/knn,HTTP/1.1,contacts,,200,,,http://20.210.36.32:8080/prediction/knn,,
http_req_sending,1678217707,0.066900,,,,true,,POST,http://20.210.36.32:8080/prediction/knn,HTTP/1.1,contacts,,200,,,http://20.210.36.32:8080/prediction/knn,,
http_req_waiting,1678217707,329.951338,,,,true,,POST,http://20.210.36.32:8080/prediction/knn,HTTP/1.1,contacts,,200,,,http://20.210.36.32:8080/prediction/knn,,
http_req_receiving,1678217707,0.201896,,,,true,,POST,http://20.210.36.32:8080/prediction/knn,HTTP/1.1,contacts,,200,,,http://20.210.36.32:8080/prediction/knn,,
http_req_failed,1678217707,0.000000,,,,true,,POST,http://20.210.36.32:8080/prediction/knn,HTTP/1.1,contacts,,200,,,http://20.210.36.32:8080/prediction/knn,,
responseTime,1678217707,330.220134,,,,,,,,,contacts,,,,,,,
data_sent,1678217707,2088.000000,,,,,,,,,contacts,,,,,,,
data_received,1678217707,199.000000,,,,,,,,,contacts,,,,,,,
iteration_duration,1678217707,334.541244,,,,,,,,,contacts,,,,,,,
iterations,1678217707,1.000000,,,,,,,,,contacts,,,,,,,
http_reqs,1678217707,1.000000,,,,true,,POST,http://20.210.36.32:8080/prediction/knn,HTTP/1.1,contacts,,200,,,http://20.210.36.32:8080/prediction/knn,,
http_req_duration,1678217707,326.512900,,,,true,,POST,http://20.210.36.32:8080/prediction/knn,HTTP/1.1,contacts,,200,,,http://20.210.36.32:8080/prediction/knn,,
http_req_blocked,1678217707,4.302113,,,,true,,POST,http://20.210.36.32:8080/prediction/knn,HTTP/1.1,contacts,,200,,,http://20.210.36.32:8080/prediction/knn,,
http_req_connecting,1678217707,4.224913,,,,true,,POST,http://20.210.36.32:8080/prediction/knn,HTTP/1.1,contacts,,200,,,http://20.210.36.32:8080/prediction/knn,,
http_req_tls_handshaking,1678217707,0.000000,,,,true,,POST,http://20.210.36.32:8080/prediction/knn,HTTP/1.1,contacts,,200,,,http://20.210.36.32:8080/prediction/knn,,
http_req_sending,1678217707,0.051900,,,,true,,POST,http://20.210.36.32:8080/prediction/knn,HTTP/1.1,contacts,,200,,,http://20.210.36.32:8080/prediction/knn,,
http_req_waiting,1678217707,324.453939,,,,true,,POST,http://20.210.36.32:8080/prediction/knn,HTTP/1.1,contacts,,200,,,http://20.210.36.32:8080/prediction/knn,,
http_req_receiving,1678217707,2.007061,,,,true,,POST,http://20.210.36.32:8080/prediction/knn,HTTP/1.1,contacts,,200,,,http://20.210.36.32:8080/prediction/knn,,
http_req_failed,1678217707,0.000000,,,,true,,POST,http://20.210.36.32:8080/prediction/knn,HTTP/1.1,contacts,,200,,,http://20.210.36.32:8080/prediction/knn,,
responseTime,1678217707,326.512900,,,,,,,,,contacts,,,,,,,
data_sent,1678217707,2088.000000,,,,,,,,,contacts,,,,,,,
data_received,1678217707,199.000000,,,,,,,,,contacts,,,,,,,
iteration_duration,1678217707,331.365412,,,,,,,,,contacts,,,,,,,
iterations,1678217707,1.000000,,,,,,,,,contacts,,,,,,,
http_reqs,1678217707,1.000000,,,,true,,POST,http://20.210.36.32:8080/prediction/knn,HTTP/1.1,contacts,,200,,,http://20.210.36.32:8080/prediction/knn,,
http_req_duration,1678217707,196.360587,,,,true,,POST,http://20.210.36.32:8080/prediction/knn,HTTP/1.1,contacts,,200,,,http://20.210.36.32:8080/prediction/knn,,
http_req_blocked,1678217707,3.746018,,,,true,,POST,http://20.210.36.32:8080/prediction/knn,HTTP/1.1,contacts,,200,,,http://20.210.36.32:8080/prediction/knn,,
http_req_connecting,1678217707,3.608317,,,,true,,POST,http://20.210.36.32:8080/prediction/knn,HTTP/1.1,contacts,,200,,,http://20.210.36.32:8080/prediction/knn,,
http_req_tls_handshaking,1678217707,0.000000,,,,true,,POST,http://20.210.36.32:8080/prediction/knn,HTTP/1.1,contacts,,200,,,http://20.210.36.32:8080/prediction/knn,,
http_req_sending,1678217707,0.063400,,,,true,,POST,http://20.210.36.32:8080/prediction/knn,HTTP/1.1,contacts,,200,,,http://20.210.36.32:8080/prediction/knn,,
http_req_waiting,1678217707,195.879796,,,,true,,POST,http://20.210.36.32:8080/prediction/knn,HTTP/1.1,contacts,,200,,,http://20.210.36.32:8080/prediction/knn,,
http_req_receiving,1678217707,0.417391,,,,true,,POST,http://20.210.36.32:8080/prediction/knn,HTTP/1.1,contacts,,200,,,http://20.210.36.32:8080/prediction/knn,,
http_req_failed,1678217707,0.000000,,,,true,,POST,http://20.210.36.32:8080/prediction/knn,HTTP/1.1,contacts,,200,,,http://20.210.36.32:8080/prediction/knn,,
responseTime,1678217707,196.360587,,,,,,,,,contacts,,,,,,,
data_sent,1678217707,2088.000000,,,,,,,,,contacts,,,,,,,
data_received,1678217707,199.000000,,,,,,,,,contacts,,,,,,,
iteration_duration,1678217707,201.184189,,,,,,,,,contacts,,,,,,,
iterations,1678217707,1.000000,,,,,,,,,contacts,,,,,,,
http_reqs,1678217707,1.000000,,,,true,,POST,http://20.210.36.32:8080/prediction/knn,HTTP/1.1,contacts,,200,,,http://20.210.36.32:8080/prediction/knn,,
http_req_duration,1678217707,260.598121,,,,true,,POST,http://20.210.36.32:8080/prediction/knn,HTTP/1.1,contacts,,200,,,http://20.210.36.32:8080/prediction/knn,,
http_req_blocked,1678217707,4.056319,,,,true,,POST,http://20.210.36.32:8080/prediction/knn,HTTP/1.1,contacts,,200,,,http://20.210.36.32:8080/prediction/knn,,
http_req_connecting,1678217707,3.977719,,,,true,,POST,http://20.210.36.32:8080/prediction/knn,HTTP/1.1,contacts,,200,,,http://20.210.36.32:8080/prediction/knn,,
http_req_tls_handshaking,1678217707,0.000000,,,,true,,POST,http://20.210.36.32:8080/prediction/knn,HTTP/1.1,contacts,,200,,,http://20.210.36.32:8080/prediction/knn,,
http_req_sending,1678217707,0.075900,,,,true,,POST,http://20.210.36.32:8080/prediction/knn,HTTP/1.1,contacts,,200,,,http://20.210.36.32:8080/prediction/knn,,
http_req_waiting,1678217707,260.403523,,,,true,,POST,http://20.210.36.32:8080/prediction/knn,HTTP/1.1,contacts,,200,,,http://20.210.36.32:8080/prediction/knn,,
http_req_receiving,1678217707,0.118698,,,,true,,POST,http://20.210.36.32:8080/prediction/knn,HTTP/1.1,contacts,,200,,,http://20.210.36.32:8080/prediction/knn,,
http_req_failed,1678217707,0.000000,,,,true,,POST,http://20.210.36.32:8080/prediction/knn,HTTP/1.1,contacts,,200,,,http://20.210.36.32:8080/prediction/knn,,
responseTime,1678217707,260.598121,,,,,,,,,contacts,,,,,,,
data_sent,1678217707,2088.000000,,,,,,,,,contacts,,,,,,,
data_received,1678217707,199.000000,,,,,,,,,contacts,,,,,,,
iteration_duration,1678217707,265.118538,,,,,,,,,contacts,,,,,,,
iterations,1678217707,1.000000,,,,,,,,,contacts,,,,,,,
http_reqs,1678217707,1.000000,,,,true,,POST,http://20.210.36.32:8080/prediction/knn,HTTP/1.1,contacts,,200,,,http://20.210.36.32:8080/prediction/knn,,
http_req_duration,1678217707,150.346951,,,,true,,POST,http://20.210.36.32:8080/prediction/knn,HTTP/1.1,contacts,,200,,,http://20.210.36.32:8080/prediction/knn,,
http_req_blocked,1678217707,3.569330,,,,true,,POST,http://20.210.36.32:8080/prediction/knn,HTTP/1.1,contacts,,200,,,http://20.210.36.32:8080/prediction/knn,,
http_req_connecting,1678217707,3.463732,,,,true,,POST,http://20.210.36.32:8080/prediction/knn,HTTP/1.1,contacts,,200,,,http://20.210.36.32:8080/prediction/knn,,
http_req_tls_handshaking,1678217707,0.000000,,,,true,,POST,http://20.210.36.32:8080/prediction/knn,HTTP/1.1,contacts,,200,,,http://20.210.36.32:8080/prediction/knn,,
http_req_sending,1678217707,0.086998,,,,true,,POST,http://20.210.36.32:8080/prediction/knn,HTTP/1.1,contacts,,200,,,http://20.210.36.32:8080/prediction/knn,,
http_req_waiting,1678217707,150.153655,,,,true,,POST,http://20.210.36.32:8080/prediction/knn,HTTP/1.1,contacts,,200,,,http://20.210.36.32:8080/prediction/knn,,
http_req_receiving,1678217707,0.106298,,,,true,,POST,http://20.210.36.32:8080/prediction/knn,HTTP/1.1,contacts,,200,,,http://20.210.36.32:8080/prediction/knn,,
http_req_failed,1678217707,0.000000,,,,true,,POST,http://20.210.36.32:8080/prediction/knn,HTTP/1.1,contacts,,200,,,http://20.210.36.32:8080/prediction/knn,,
responseTime,1678217707,150.346951,,,,,,,,,contacts,,,,,,,
data_sent,1678217707,2088.000000,,,,,,,,,contacts,,,,,,,
data_received,1678217707,199.000000,,,,,,,,,contacts,,,,,,,
iteration_duration,1678217707,154.220975,,,,,,,,,contacts,,,,,,,
iterations,1678217707,1.000000,,,,,,,,,contacts,,,,,,,
http_reqs,1678217707,1.000000,,,,true,,POST,http://20.210.36.32:8080/prediction/knn,HTTP/1.1,contacts,,200,,,http://20.210.36.32:8080/prediction/knn,,
http_req_duration,1678217707,203.745465,,,,true,,POST,http://20.210.36.32:8080/prediction/knn,HTTP/1.1,contacts,,200,,,http://20.210.36.32:8080/prediction/knn,,
http_req_blocked,1678217707,4.480421,,,,true,,POST,http://20.210.36.32:8080/prediction/knn,HTTP/1.1,contacts,,200,,,http://20.210.36.32:8080/prediction/knn,,
http_req_connecting,1678217707,4.357821,,,,true,,POST,http://20.210.36.32:8080/prediction/knn,HTTP/1.1,contacts,,200,,,http://20.210.36.32:8080/prediction/knn,,
http_req_tls_handshaking,1678217707,0.000000,,,,true,,POST,http://20.210.36.32:8080/prediction/knn,HTTP/1.1,contacts,,200,,,http://20.210.36.32:8080/prediction/knn,,
http_req_sending,1678217707,0.079700,,,,true,,POST,http://20.210.36.32:8080/prediction/knn,HTTP/1.1,contacts,,200,,,http://20.210.36.32:8080/prediction/knn,,
http_req_waiting,1678217707,200.955819,,,,true,,POST,http://20.210.36.32:8080/prediction/knn,HTTP/1.1,contacts,,200,,,http://20.210.36.32:8080/prediction/knn,,
http_req_receiving,1678217707,2.709946,,,,true,,POST,http://20.210.36.32:8080/prediction/knn,HTTP/1.1,contacts,,200,,,http://20.210.36.32:8080/prediction/knn,,
http_req_failed,1678217707,0.000000,,,,true,,POST,http://20.210.36.32:8080/prediction/knn,HTTP/1.1,contacts,,200,,,http://20.210.36.32:8080/prediction/knn,,
responseTime,1678217707,203.745465,,,,,,,,,contacts,,,,,,,
data_sent,1678217707,2088.000000,,,,,,,,,contacts,,,,,,,
data_received,1678217707,199.000000,,,,,,,,,contacts,,,,,,,
iteration_duration,1678217707,208.689684,,,,,,,,,contacts,,,,,,,
iterations,1678217707,1.000000,,,,,,,,,contacts,,,,,,,
http_reqs,1678217707,1.000000,,,,true,,POST,http://20.210.36.32:8080/prediction/knn,HTTP/1.1,contacts,,200,,,http://20.210.36.32:8080/prediction/knn,,
http_req_duration,1678217707,171.986126,,,,true,,POST,http://20.210.36.32:8080/prediction/knn,HTTP/1.1,contacts,,200,,,http://20.210.36.32:8080/prediction/knn,,
http_req_blocked,1678217707,3.627829,,,,true,,POST,http://20.210.36.32:8080/prediction/knn,HTTP/1.1,contacts,,200,,,http://20.210.36.32:8080/prediction/knn,,
http_req_connecting,1678217707,3.566530,,,,true,,POST,http://20.210.36.32:8080/prediction/knn,HTTP/1.1,contacts,,200,,,http://20.210.36.32:8080/prediction/knn,,
http_req_tls_handshaking,1678217707,0.000000,,,,true,,POST,http://20.210.36.32:8080/prediction/knn,HTTP/1.1,contacts,,200,,,http://20.210.36.32:8080/prediction/knn,,
http_req_sending,1678217707,0.070998,,,,true,,POST,http://20.210.36.32:8080/prediction/knn,HTTP/1.1,contacts,,200,,,http://20.210.36.32:8080/prediction/knn,,
http_req_waiting,1678217707,166.723030,,,,true,,POST,http://20.210.36.32:8080/prediction/knn,HTTP/1.1,contacts,,200,,,http://20.210.36.32:8080/prediction/knn,,
http_req_receiving,1678217707,5.192098,,,,true,,POST,http://20.210.36.32:8080/prediction/knn,HTTP/1.1,contacts,,200,,,http://20.210.36.32:8080/prediction/knn,,
http_req_failed,1678217707,0.000000,,,,true,,POST,http://20.210.36.32:8080/prediction/knn,HTTP/1.1,contacts,,200,,,http://20.210.36.32:8080/prediction/knn,,
responseTime,1678217707,171.986126,,,,,,,,,contacts,,,,,,,
data_sent,1678217707,2088.000000,,,,,,,,,contacts,,,,,,,
data_received,1678217707,199.000000,,,,,,,,,contacts,,,,,,,
iteration_duration,1678217707,175.963449,,,,,,,,,contacts,,,,,,,
iterations,1678217707,1.000000,,,,,,,,,contacts,,,,,,,
http_reqs,1678217707,1.000000,,,,true,,POST,http://20.210.36.32:8080/prediction/knn,HTTP/1.1,contacts,,200,,,http://20.210.36.32:8080/prediction/knn,,
http_req_duration,1678217707,194.846379,,,,true,,POST,http://20.210.36.32:8080/prediction/knn,HTTP/1.1,contacts,,200,,,http://20.210.36.32:8080/prediction/knn,,
http_req_blocked,1678217707,3.455932,,,,true,,POST,http://20.210.36.32:8080/prediction/knn,HTTP/1.1,contacts,,200,,,http://20.210.36.32:8080/prediction/knn,,
http_req_connecting,1678217707,3.388533,,,,true,,POST,http://20.210.36.32:8080/prediction/knn,HTTP/1.1,contacts,,200,,,http://20.210.36.32:8080/prediction/knn,,
http_req_tls_handshaking,1678217707,0.000000,,,,true,,POST,http://20.210.36.32:8080/prediction/knn,HTTP/1.1,contacts,,200,,,http://20.210.36.32:8080/prediction/knn,,
http_req_sending,1678217707,0.067899,,,,true,,POST,http://20.210.36.32:8080/prediction/knn,HTTP/1.1,contacts,,200,,,http://20.210.36.32:8080/prediction/knn,,
http_req_waiting,1678217707,192.850817,,,,true,,POST,http://20.210.36.32:8080/prediction/knn,HTTP/1.1,contacts,,200,,,http://20.210.36.32:8080/prediction/knn,,
http_req_receiving,1678217707,1.927663,,,,true,,POST,http://20.210.36.32:8080/prediction/knn,HTTP/1.1,contacts,,200,,,http://20.210.36.32:8080/prediction/knn,,
http_req_failed,1678217707,0.000000,,,,true,,POST,http://20.210.36.32:8080/prediction/knn,HTTP/1.1,contacts,,200,,,http://20.210.36.32:8080/prediction/knn,,
responseTime,1678217707,194.846379,,,,,,,,,contacts,,,,,,,
data_sent,1678217707,2088.000000,,,,,,,,,contacts,,,,,,,
data_received,1678217707,199.000000,,,,,,,,,contacts,,,,,,,
iteration_duration,1678217707,198.712303,,,,,,,,,contacts,,,,,,,
iterations,1678217707,1.000000,,,,,,,,,contacts,,,,,,,
http_reqs,1678217707,1.000000,,,,true,,POST,http://20.210.36.32:8080/prediction/knn,HTTP/1.1,contacts,,200,,,http://20.210.36.32:8080/prediction/knn,,
http_req_duration,1678217707,283.746729,,,,true,,POST,http://20.210.36.32:8080/prediction/knn,HTTP/1.1,contacts,,200,,,http://20.210.36.32:8080/prediction/knn,,
http_req_blocked,1678217707,3.681117,,,,true,,POST,http://20.210.36.32:8080/prediction/knn,HTTP/1.1,contacts,,200,,,http://20.210.36.32:8080/prediction/knn,,
http_req_connecting,1678217707,3.610517,,,,true,,POST,http://20.210.36.32:8080/prediction/knn,HTTP/1.1,contacts,,200,,,http://20.210.36.32:8080/prediction/knn,,
http_req_tls_handshaking,1678217707,0.000000,,,,true,,POST,http://20.210.36.32:8080/prediction/knn,HTTP/1.1,contacts,,200,,,http://20.210.36.32:8080/prediction/knn,,
http_req_sending,1678217707,0.059701,,,,true,,POST,http://20.210.36.32:8080/prediction/knn,HTTP/1.1,contacts,,200,,,http://20.210.36.32:8080/prediction/knn,,
http_req_waiting,1678217707,281.764866,,,,true,,POST,http://20.210.36.32:8080/prediction/knn,HTTP/1.1,contacts,,200,,,http://20.210.36.32:8080/prediction/knn,,
http_req_receiving,1678217707,1.922162,,,,true,,POST,http://20.210.36.32:8080/prediction/knn,HTTP/1.1,contacts,,200,,,http://20.210.36.32:8080/prediction/knn,,
http_req_failed,1678217707,0.000000,,,,true,,POST,http://20.210.36.32:8080/prediction/knn,HTTP/1.1,contacts,,200,,,http://20.210.36.32:8080/prediction/knn,,
responseTime,1678217707,283.746729,,,,,,,,,contacts,,,,,,,
data_sent,1678217707,2088.000000,,,,,,,,,contacts,,,,,,,
data_received,1678217707,199.000000,,,,,,,,,contacts,,,,,,,
iteration_duration,1678217707,287.929542,,,,,,,,,contacts,,,,,,,
iterations,1678217707,1.000000,,,,,,,,,contacts,,,,,,,
http_reqs,1678217707,1.000000,,,,true,,POST,http://20.210.36.32:8080/prediction/knn,HTTP/1.1,contacts,,200,,,http://20.210.36.32:8080/prediction/knn,,
http_req_duration,1678217707,133.351885,,,,true,,POST,http://20.210.36.32:8080/prediction/knn,HTTP/1.1,contacts,,200,,,http://20.210.36.32:8080/prediction/knn,,
http_req_blocked,1678217707,4.339515,,,,true,,POST,http://20.210.36.32:8080/prediction/knn,HTTP/1.1,contacts,,200,,,http://20.210.36.32:8080/prediction/knn,,
http_req_connecting,1678217707,4.260516,,,,true,,POST,http://20.210.36.32:8080/prediction/knn,HTTP/1.1,contacts,,200,,,http://20.210.36.32:8080/prediction/knn,,
http_req_tls_handshaking,1678217707,0.000000,,,,true,,POST,http://20.210.36.32:8080/prediction/knn,HTTP/1.1,contacts,,200,,,http://20.210.36.32:8080/prediction/knn,,
http_req_sending,1678217707,0.091099,,,,true,,POST,http://20.210.36.32:8080/prediction/knn,HTTP/1.1,contacts,,200,,,http://20.210.36.32:8080/prediction/knn,,
http_req_waiting,1678217707,131.350623,,,,true,,POST,http://20.210.36.32:8080/prediction/knn,HTTP/1.1,contacts,,200,,,http://20.210.36.32:8080/prediction/knn,,
http_req_receiving,1678217707,1.910163,,,,true,,POST,http://20.210.36.32:8080/prediction/knn,HTTP/1.1,contacts,,200,,,http://20.210.36.32:8080/prediction/knn,,
http_req_failed,1678217707,0.000000,,,,true,,POST,http://20.210.36.32:8080/prediction/knn,HTTP/1.1,contacts,,200,,,http://20.210.36.32:8080/prediction/knn,,
responseTime,1678217707,133.351885,,,,,,,,,contacts,,,,,,,
data_sent,1678217707,2088.000000,,,,,,,,,contacts,,,,,,,
data_received,1678217707,199.000000,,,,,,,,,contacts,,,,,,,
iteration_duration,1678217707,138.027893,,,,,,,,,contacts,,,,,,,
iterations,1678217707,1.000000,,,,,,,,,contacts,,,,,,,
http_reqs,1678217707,1.000000,,,,true,,POST,http://20.210.36.32:8080/prediction/knn,HTTP/1.1,contacts,,200,,,http://20.210.36.32:8080/prediction/knn,,
http_req_duration,1678217707,211.863745,,,,true,,POST,http://20.210.36.32:8080/prediction/knn,HTTP/1.1,contacts,,200,,,http://20.210.36.32:8080/prediction/knn,,
http_req_blocked,1678217707,3.923123,,,,true,,POST,http://20.210.36.32:8080/prediction/knn,HTTP/1.1,contacts,,200,,,http://20.210.36.32:8080/prediction/knn,,
http_req_connecting,1678217707,3.834724,,,,true,,POST,http://20.210.36.32:8080/prediction/knn,HTTP/1.1,contacts,,200,,,http://20.210.36.32:8080/prediction/knn,,
http_req_tls_handshaking,1678217707,0.000000,,,,true,,POST,http://20.210.36.32:8080/prediction/knn,HTTP/1.1,contacts,,200,,,http://20.210.36.32:8080/prediction/knn,,
http_req_sending,1678217707,0.072699,,,,true,,POST,http://20.210.36.32:8080/prediction/knn,HTTP/1.1,contacts,,200,,,http://20.210.36.32:8080/prediction/knn,,
http_req_waiting,1678217707,210.773566,,,,true,,POST,http://20.210.36.32:8080/prediction/knn,HTTP/1.1,contacts,,200,,,http://20.210.36.32:8080/prediction/knn,,
http_req_receiving,1678217707,1.017480,,,,true,,POST,http://20.210.36.32:8080/prediction/knn,HTTP/1.1,contacts,,200,,,http://20.210.36.32:8080/prediction/knn,,
http_req_failed,1678217707,0.000000,,,,true,,POST,http://20.210.36.32:8080/prediction/knn,HTTP/1.1,contacts,,200,,,http://20.210.36.32:8080/prediction/knn,,
responseTime,1678217707,211.863745,,,,,,,,,contacts,,,,,,,
data_sent,1678217707,2088.000000,,,,,,,,,contacts,,,,,,,
data_received,1678217707,199.000000,,,,,,,,,contacts,,,,,,,
iteration_duration,1678217707,216.193259,,,,,,,,,contacts,,,,,,,
iterations,1678217707,1.000000,,,,,,,,,contacts,,,,,,,
http_reqs,1678217707,1.000000,,,,true,,POST,http://20.210.36.32:8080/prediction/knn,HTTP/1.1,contacts,,200,,,http://20.210.36.32:8080/prediction/knn,,
http_req_duration,1678217707,168.431596,,,,true,,POST,http://20.210.36.32:8080/prediction/knn,HTTP/1.1,contacts,,200,,,http://20.210.36.32:8080/prediction/knn,,
http_req_blocked,1678217707,4.834905,,,,true,,POST,http://20.210.36.32:8080/prediction/knn,HTTP/1.1,contacts,,200,,,http://20.210.36.32:8080/prediction/knn,,
http_req_connecting,1678217707,4.751107,,,,true,,POST,http://20.210.36.32:8080/prediction/knn,HTTP/1.1,contacts,,200,,,http://20.210.36.32:8080/prediction/knn,,
http_req_tls_handshaking,1678217707,0.000000,,,,true,,POST,http://20.210.36.32:8080/prediction/knn,HTTP/1.1,contacts,,200,,,http://20.210.36.32:8080/prediction/knn,,
http_req_sending,1678217707,0.117398,,,,true,,POST,http://20.210.36.32:8080/prediction/knn,HTTP/1.1,contacts,,200,,,http://20.210.36.32:8080/prediction/knn,,
http_req_waiting,1678217707,168.216400,,,,true,,POST,http://20.210.36.32:8080/prediction/knn,HTTP/1.1,contacts,,200,,,http://20.210.36.32:8080/prediction/knn,,
http_req_receiving,1678217707,0.097798,,,,true,,POST,http://20.210.36.32:8080/prediction/knn,HTTP/1.1,contacts,,200,,,http://20.210.36.32:8080/prediction/knn,,
http_req_failed,1678217707,0.000000,,,,true,,POST,http://20.210.36.32:8080/prediction/knn,HTTP/1.1,contacts,,200,,,http://20.210.36.32:8080/prediction/knn,,
responseTime,1678217707,168.431596,,,,,,,,,contacts,,,,,,,
data_sent,1678217707,2088.000000,,,,,,,,,contacts,,,,,,,
data_received,1678217707,199.000000,,,,,,,,,contacts,,,,,,,
iteration_duration,1678217707,173.787792,,,,,,,,,contacts,,,,,,,
iterations,1678217707,1.000000,,,,,,,,,contacts,,,,,,,
http_reqs,1678217707,1.000000,,,,true,,POST,http://20.210.36.32:8080/prediction/knn,HTTP/1.1,contacts,,200,,,http://20.210.36.32:8080/prediction/knn,,
http_req_duration,1678217707,212.154838,,,,true,,POST,http://20.210.36.32:8080/prediction/knn,HTTP/1.1,contacts,,200,,,http://20.210.36.32:8080/prediction/knn,,
http_req_blocked,1678217707,6.394874,,,,true,,POST,http://20.210.36.32:8080/prediction/knn,HTTP/1.1,contacts,,200,,,http://20.210.36.32:8080/prediction/knn,,
http_req_connecting,1678217707,6.317176,,,,true,,POST,http://20.210.36.32:8080/prediction/knn,HTTP/1.1,contacts,,200,,,http://20.210.36.32:8080/prediction/knn,,
http_req_tls_handshaking,1678217707,0.000000,,,,true,,POST,http://20.210.36.32:8080/prediction/knn,HTTP/1.1,contacts,,200,,,http://20.210.36.32:8080/prediction/knn,,
http_req_sending,1678217707,0.107498,,,,true,,POST,http://20.210.36.32:8080/prediction/knn,HTTP/1.1,contacts,,200,,,http://20.210.36.32:8080/prediction/knn,,
http_req_waiting,1678217707,211.890144,,,,true,,POST,http://20.210.36.32:8080/prediction/knn,HTTP/1.1,contacts,,200,,,http://20.210.36.32:8080/prediction/knn,,
http_req_receiving,1678217707,0.157196,,,,true,,POST,http://20.210.36.32:8080/prediction/knn,HTTP/1.1,contacts,,200,,,http://20.210.36.32:8080/prediction/knn,,
http_req_failed,1678217707,0.000000,,,,true,,POST,http://20.210.36.32:8080/prediction/knn,HTTP/1.1,contacts,,200,,,http://20.210.36.32:8080/prediction/knn,,
responseTime,1678217707,212.154838,,,,,,,,,contacts,,,,,,,
data_sent,1678217707,2088.000000,,,,,,,,,contacts,,,,,,,
data_received,1678217707,199.000000,,,,,,,,,contacts,,,,,,,
iteration_duration,1678217707,219.156601,,,,,,,,,contacts,,,,,,,
iterations,1678217707,1.000000,,,,,,,,,contacts,,,,,,,
http_reqs,1678217707,1.000000,,,,true,,POST,http://20.210.36.32:8080/prediction/knn,HTTP/1.1,contacts,,200,,,http://20.210.36.32:8080/prediction/knn,,
http_req_duration,1678217707,234.026810,,,,true,,POST,http://20.210.36.32:8080/prediction/knn,HTTP/1.1,contacts,,200,,,http://20.210.36.32:8080/prediction/knn,,
http_req_blocked,1678217707,4.224417,,,,true,,POST,http://20.210.36.32:8080/prediction/knn,HTTP/1.1,contacts,,200,,,http://20.210.36.32:8080/prediction/knn,,
http_req_connecting,1678217707,4.167418,,,,true,,POST,http://20.210.36.32:8080/prediction/knn,HTTP/1.1,contacts,,200,,,http://20.210.36.32:8080/prediction/knn,,
http_req_tls_handshaking,1678217707,0.000000,,,,true,,POST,http://20.210.36.32:8080/prediction/knn,HTTP/1.1,contacts,,200,,,http://20.210.36.32:8080/prediction/knn,,
http_req_sending,1678217707,0.135498,,,,true,,POST,http://20.210.36.32:8080/prediction/knn,HTTP/1.1,contacts,,200,,,http://20.210.36.32:8080/prediction/knn,,
http_req_waiting,1678217707,231.237964,,,,true,,POST,http://20.210.36.32:8080/prediction/knn,HTTP/1.1,contacts,,200,,,http://20.210.36.32:8080/prediction/knn,,
http_req_receiving,1678217707,2.653348,,,,true,,POST,http://20.210.36.32:8080/prediction/knn,HTTP/1.1,contacts,,200,,,http://20.210.36.32:8080/prediction/knn,,
http_req_failed,1678217707,0.000000,,,,true,,POST,http://20.210.36.32:8080/prediction/knn,HTTP/1.1,contacts,,200,,,http://20.210.36.32:8080/prediction/knn,,
responseTime,1678217707,234.026810,,,,,,,,,contacts,,,,,,,
data_sent,1678217707,2088.000000,,,,,,,,,contacts,,,,,,,
data_received,1678217707,199.000000,,,,,,,,,contacts,,,,,,,
iteration_duration,1678217707,239.083810,,,,,,,,,contacts,,,,,,,
iterations,1678217707,1.000000,,,,,,,,,contacts,,,,,,,
http_reqs,1678217707,1.000000,,,,true,,POST,http://20.210.36.32:8080/prediction/knn,HTTP/1.1,contacts,,200,,,http://20.210.36.32:8080/prediction/knn,,
http_req_duration,1678217707,166.822028,,,,true,,POST,http://20.210.36.32:8080/prediction/knn,HTTP/1.1,contacts,,200,,,http://20.210.36.32:8080/prediction/knn,,
http_req_blocked,1678217707,4.003521,,,,true,,POST,http://20.210.36.32:8080/prediction/knn,HTTP/1.1,contacts,,200,,,http://20.210.36.32:8080/prediction/knn,,
http_req_connecting,1678217707,3.923823,,,,true,,POST,http://20.210.36.32:8080/prediction/knn,HTTP/1.1,contacts,,200,,,http://20.210.36.32:8080/prediction/knn,,
http_req_tls_handshaking,1678217707,0.000000,,,,true,,POST,http://20.210.36.32:8080/prediction/knn,HTTP/1.1,contacts,,200,,,http://20.210.36.32:8080/prediction/knn,,
http_req_sending,1678217707,0.092498,,,,true,,POST,http://20.210.36.32:8080/prediction/knn,HTTP/1.1,contacts,,200,,,http://20.210.36.32:8080/prediction/knn,,
http_req_waiting,1678217707,166.673231,,,,true,,POST,http://20.210.36.32:8080/prediction/knn,HTTP/1.1,contacts,,200,,,http://20.210.36.32:8080/prediction/knn,,
http_req_receiving,1678217707,0.056299,,,,true,,POST,http://20.210.36.32:8080/prediction/knn,HTTP/1.1,contacts,,200,,,http://20.210.36.32:8080/prediction/knn,,
http_req_failed,1678217707,0.000000,,,,true,,POST,http://20.210.36.32:8080/prediction/knn,HTTP/1.1,contacts,,200,,,http://20.210.36.32:8080/prediction/knn,,
responseTime,1678217707,166.822028,,,,,,,,,contacts,,,,,,,
data_sent,1678217707,2088.000000,,,,,,,,,contacts,,,,,,,
data_received,1678217707,199.000000,,,,,,,,,contacts,,,,,,,
iteration_duration,1678217707,171.272640,,,,,,,,,contacts,,,,,,,
iterations,1678217707,1.000000,,,,,,,,,contacts,,,,,,,
http_reqs,1678217707,1.000000,,,,true,,POST,http://20.210.36.32:8080/prediction/knn,HTTP/1.1,contacts,,200,,,http://20.210.36.32:8080/prediction/knn,,
http_req_duration,1678217707,233.255225,,,,true,,POST,http://20.210.36.32:8080/prediction/knn,HTTP/1.1,contacts,,200,,,http://20.210.36.32:8080/prediction/knn,,
http_req_blocked,1678217707,4.253616,,,,true,,POST,http://20.210.36.32:8080/prediction/knn,HTTP/1.1,contacts,,200,,,http://20.210.36.32:8080/prediction/knn,,
http_req_connecting,1678217707,4.144618,,,,true,,POST,http://20.210.36.32:8080/prediction/knn,HTTP/1.1,contacts,,200,,,http://20.210.36.32:8080/prediction/knn,,
http_req_tls_handshaking,1678217707,0.000000,,,,true,,POST,http://20.210.36.32:8080/prediction/knn,HTTP/1.1,contacts,,200,,,http://20.210.36.32:8080/prediction/knn,,
http_req_sending,1678217707,0.082499,,,,true,,POST,http://20.210.36.32:8080/prediction/knn,HTTP/1.1,contacts,,200,,,http://20.210.36.32:8080/prediction/knn,,
http_req_waiting,1678217707,222.101743,,,,true,,POST,http://20.210.36.32:8080/prediction/knn,HTTP/1.1,contacts,,200,,,http://20.210.36.32:8080/prediction/knn,,
http_req_receiving,1678217707,11.070983,,,,true,,POST,http://20.210.36.32:8080/prediction/knn,HTTP/1.1,contacts,,200,,,http://20.210.36.32:8080/prediction/knn,,
http_req_failed,1678217707,0.000000,,,,true,,POST,http://20.210.36.32:8080/prediction/knn,HTTP/1.1,contacts,,200,,,http://20.210.36.32:8080/prediction/knn,,
responseTime,1678217707,233.255225,,,,,,,,,contacts,,,,,,,
data_sent,1678217707,2088.000000,,,,,,,,,contacts,,,,,,,
data_received,1678217707,199.000000,,,,,,,,,contacts,,,,,,,
iteration_duration,1678217707,237.945033,,,,,,,,,contacts,,,,,,,
iterations,1678217707,1.000000,,,,,,,,,contacts,,,,,,,
http_reqs,1678217707,1.000000,,,,true,,POST,http://20.210.36.32:8080/prediction/knn,HTTP/1.1,contacts,,200,,,http://20.210.36.32:8080/prediction/knn,,
http_req_duration,1678217707,252.312151,,,,true,,POST,http://20.210.36.32:8080/prediction/knn,HTTP/1.1,contacts,,200,,,http://20.210.36.32:8080/prediction/knn,,
http_req_blocked,1678217707,4.157419,,,,true,,POST,http://20.210.36.32:8080/prediction/knn,HTTP/1.1,contacts,,200,,,http://20.210.36.32:8080/prediction/knn,,
http_req_connecting,1678217707,4.073320,,,,true,,POST,http://20.210.36.32:8080/prediction/knn,HTTP/1.1,contacts,,200,,,http://20.210.36.32:8080/prediction/knn,,
http_req_tls_handshaking,1678217707,0.000000,,,,true,,POST,http://20.210.36.32:8080/prediction/knn,HTTP/1.1,contacts,,200,,,http://20.210.36.32:8080/prediction/knn,,
http_req_sending,1678217707,0.048699,,,,true,,POST,http://20.210.36.32:8080/prediction/knn,HTTP/1.1,contacts,,200,,,http://20.210.36.32:8080/prediction/knn,,
http_req_waiting,1678217707,250.354590,,,,true,,POST,http://20.210.36.32:8080/prediction/knn,HTTP/1.1,contacts,,200,,,http://20.210.36.32:8080/prediction/knn,,
http_req_receiving,1678217707,1.908862,,,,true,,POST,http://20.210.36.32:8080/prediction/knn,HTTP/1.1,contacts,,200,,,http://20.210.36.32:8080/prediction/knn,,
http_req_failed,1678217707,0.000000,,,,true,,POST,http://20.210.36.32:8080/prediction/knn,HTTP/1.1,contacts,,200,,,http://20.210.36.32:8080/prediction/knn,,
responseTime,1678217707,252.312151,,,,,,,,,contacts,,,,,,,
data_sent,1678217707,2088.000000,,,,,,,,,contacts,,,,,,,
data_received,1678217707,199.000000,,,,,,,,,contacts,,,,,,,
iteration_duration,1678217707,256.907561,,,,,,,,,contacts,,,,,,,
iterations,1678217707,1.000000,,,,,,,,,contacts,,,,,,,
http_reqs,1678217707,1.000000,,,,true,,POST,http://20.210.36.32:8080/prediction/knn,HTTP/1.1,contacts,,200,,,http://20.210.36.32:8080/prediction/knn,,
http_req_duration,1678217707,251.857160,,,,true,,POST,http://20.210.36.32:8080/prediction/knn,HTTP/1.1,contacts,,200,,,http://20.210.36.32:8080/prediction/knn,,
http_req_blocked,1678217707,4.319215,,,,true,,POST,http://20.210.36.32:8080/prediction/knn,HTTP/1.1,contacts,,200,,,http://20.210.36.32:8080/prediction/knn,,
http_req_connecting,1678217707,4.255916,,,,true,,POST,http://20.210.36.32:8080/prediction/knn,HTTP/1.1,contacts,,200,,,http://20.210.36.32:8080/prediction/knn,,
http_req_tls_handshaking,1678217707,0.000000,,,,true,,POST,http://20.210.36.32:8080/prediction/knn,HTTP/1.1,contacts,,200,,,http://20.210.36.32:8080/prediction/knn,,
http_req_sending,1678217707,0.056399,,,,true,,POST,http://20.210.36.32:8080/prediction/knn,HTTP/1.1,contacts,,200,,,http://20.210.36.32:8080/prediction/knn,,
http_req_waiting,1678217707,249.865699,,,,true,,POST,http://20.210.36.32:8080/prediction/knn,HTTP/1.1,contacts,,200,,,http://20.210.36.32:8080/prediction/knn,,
http_req_receiving,1678217707,1.935062,,,,true,,POST,http://20.210.36.32:8080/prediction/knn,HTTP/1.1,contacts,,200,,,http://20.210.36.32:8080/prediction/knn,,
http_req_failed,1678217707,0.000000,,,,true,,POST,http://20.210.36.32:8080/prediction/knn,HTTP/1.1,contacts,,200,,,http://20.210.36.32:8080/prediction/knn,,
responseTime,1678217707,251.857160,,,,,,,,,contacts,,,,,,,
data_sent,1678217707,2088.000000,,,,,,,,,contacts,,,,,,,
data_received,1678217707,199.000000,,,,,,,,,contacts,,,,,,,
iteration_duration,1678217707,256.699065,,,,,,,,,contacts,,,,,,,
iterations,1678217707,1.000000,,,,,,,,,contacts,,,,,,,
http_reqs,1678217707,1.000000,,,,true,,POST,http://20.210.36.32:8080/prediction/knn,HTTP/1.1,contacts,,200,,,http://20.210.36.32:8080/prediction/knn,,
http_req_duration,1678217707,289.595720,,,,true,,POST,http://20.210.36.32:8080/prediction/knn,HTTP/1.1,contacts,,200,,,http://20.210.36.32:8080/prediction/knn,,
http_req_blocked,1678217707,4.330115,,,,true,,POST,http://20.210.36.32:8080/prediction/knn,HTTP/1.1,contacts,,200,,,http://20.210.36.32:8080/prediction/knn,,
http_req_connecting,1678217707,4.243117,,,,true,,POST,http://20.210.36.32:8080/prediction/knn,HTTP/1.1,contacts,,200,,,http://20.210.36.32:8080/prediction/knn,,
http_req_tls_handshaking,1678217707,0.000000,,,,true,,POST,http://20.210.36.32:8080/prediction/knn,HTTP/1.1,contacts,,200,,,http://20.210.36.32:8080/prediction/knn,,
http_req_sending,1678217707,0.085198,,,,true,,POST,http://20.210.36.32:8080/prediction/knn,HTTP/1.1,contacts,,200,,,http://20.210.36.32:8080/prediction/knn,,
http_req_waiting,1678217707,289.047731,,,,true,,POST,http://20.210.36.32:8080/prediction/knn,HTTP/1.1,contacts,,200,,,http://20.210.36.32:8080/prediction/knn,,
http_req_receiving,1678217707,0.462791,,,,true,,POST,http://20.210.36.32:8080/prediction/knn,HTTP/1.1,contacts,,200,,,http://20.210.36.32:8080/prediction/knn,,
http_req_failed,1678217707,0.000000,,,,true,,POST,http://20.210.36.32:8080/prediction/knn,HTTP/1.1,contacts,,200,,,http://20.210.36.32:8080/prediction/knn,,
responseTime,1678217707,289.595720,,,,,,,,,contacts,,,,,,,
data_sent,1678217707,2088.000000,,,,,,,,,contacts,,,,,,,
data_received,1678217707,199.000000,,,,,,,,,contacts,,,,,,,
iteration_duration,1678217707,294.356126,,,,,,,,,contacts,,,,,,,
iterations,1678217707,1.000000,,,,,,,,,contacts,,,,,,,
vus,1678217707,14.000000,,,,,,,,,,,,,,,,
vus_max,1678217707,100.000000,,,,,,,,,,,,,,,,
http_reqs,1678217707,1.000000,,,,true,,POST,http://20.210.36.32:8080/prediction/knn,HTTP/1.1,contacts,,200,,,http://20.210.36.32:8080/prediction/knn,,
http_req_duration,1678217707,349.911437,,,,true,,POST,http://20.210.36.32:8080/prediction/knn,HTTP/1.1,contacts,,200,,,http://20.210.36.32:8080/prediction/knn,,
http_req_blocked,1678217707,4.172418,,,,true,,POST,http://20.210.36.32:8080/prediction/knn,HTTP/1.1,contacts,,200,,,http://20.210.36.32:8080/prediction/knn,,
http_req_connecting,1678217707,4.092920,,,,true,,POST,http://20.210.36.32:8080/prediction/knn,HTTP/1.1,contacts,,200,,,http://20.210.36.32:8080/prediction/knn,,
http_req_tls_handshaking,1678217707,0.000000,,,,true,,POST,http://20.210.36.32:8080/prediction/knn,HTTP/1.1,contacts,,200,,,http://20.210.36.32:8080/prediction/knn,,
http_req_sending,1678217707,0.097598,,,,true,,POST,http://20.210.36.32:8080/prediction/knn,HTTP/1.1,contacts,,200,,,http://20.210.36.32:8080/prediction/knn,,
http_req_waiting,1678217707,349.663641,,,,true,,POST,http://20.210.36.32:8080/prediction/knn,HTTP/1.1,contacts,,200,,,http://20.210.36.32:8080/prediction/knn,,
http_req_receiving,1678217707,0.150198,,,,true,,POST,http://20.210.36.32:8080/prediction/knn,HTTP/1.1,contacts,,200,,,http://20.210.36.32:8080/prediction/knn,,
http_req_failed,1678217707,0.000000,,,,true,,POST,http://20.210.36.32:8080/prediction/knn,HTTP/1.1,contacts,,200,,,http://20.210.36.32:8080/prediction/knn,,
responseTime,1678217707,349.911437,,,,,,,,,contacts,,,,,,,
data_sent,1678217707,2088.000000,,,,,,,,,contacts,,,,,,,
data_received,1678217707,199.000000,,,,,,,,,contacts,,,,,,,
iteration_duration,1678217707,354.504546,,,,,,,,,contacts,,,,,,,
iterations,1678217707,1.000000,,,,,,,,,contacts,,,,,,,
http_reqs,1678217707,1.000000,,,,true,,POST,http://20.210.36.32:8080/prediction/knn,HTTP/1.1,contacts,,200,,,http://20.210.36.32:8080/prediction/knn,,
http_req_duration,1678217707,290.811096,,,,true,,POST,http://20.210.36.32:8080/prediction/knn,HTTP/1.1,contacts,,200,,,http://20.210.36.32:8080/prediction/knn,,
http_req_blocked,1678217707,4.237916,,,,true,,POST,http://20.210.36.32:8080/prediction/knn,HTTP/1.1,contacts,,200,,,http://20.210.36.32:8080/prediction/knn,,
http_req_connecting,1678217707,4.163918,,,,true,,POST,http://20.210.36.32:8080/prediction/knn,HTTP/1.1,contacts,,200,,,http://20.210.36.32:8080/prediction/knn,,
http_req_tls_handshaking,1678217707,0.000000,,,,true,,POST,http://20.210.36.32:8080/prediction/knn,HTTP/1.1,contacts,,200,,,http://20.210.36.32:8080/prediction/knn,,
http_req_sending,1678217707,0.056399,,,,true,,POST,http://20.210.36.32:8080/prediction/knn,HTTP/1.1,contacts,,200,,,http://20.210.36.32:8080/prediction/knn,,
http_req_waiting,1678217707,290.627999,,,,true,,POST,http://20.210.36.32:8080/prediction/knn,HTTP/1.1,contacts,,200,,,http://20.210.36.32:8080/prediction/knn,,
http_req_receiving,1678217707,0.126698,,,,true,,POST,http://20.210.36.32:8080/prediction/knn,HTTP/1.1,contacts,,200,,,http://20.210.36.32:8080/prediction/knn,,
http_req_failed,1678217707,0.000000,,,,true,,POST,http://20.210.36.32:8080/prediction/knn,HTTP/1.1,contacts,,200,,,http://20.210.36.32:8080/prediction/knn,,
responseTime,1678217707,290.811096,,,,,,,,,contacts,,,,,,,
data_sent,1678217707,2088.000000,,,,,,,,,contacts,,,,,,,
data_received,1678217707,199.000000,,,,,,,,,contacts,,,,,,,
iteration_duration,1678217707,295.483205,,,,,,,,,contacts,,,,,,,
iterations,1678217707,1.000000,,,,,,,,,contacts,,,,,,,
http_reqs,1678217707,1.000000,,,,true,,POST,http://20.210.36.32:8080/prediction/knn,HTTP/1.1,contacts,,200,,,http://20.210.36.32:8080/prediction/knn,,
http_req_duration,1678217707,315.960002,,,,true,,POST,http://20.210.36.32:8080/prediction/knn,HTTP/1.1,contacts,,200,,,http://20.210.36.32:8080/prediction/knn,,
http_req_blocked,1678217707,3.809025,,,,true,,POST,http://20.210.36.32:8080/prediction/knn,HTTP/1.1,contacts,,200,,,http://20.210.36.32:8080/prediction/knn,,
http_req_connecting,1678217707,3.696528,,,,true,,POST,http://20.210.36.32:8080/prediction/knn,HTTP/1.1,contacts,,200,,,http://20.210.36.32:8080/prediction/knn,,
http_req_tls_handshaking,1678217707,0.000000,,,,true,,POST,http://20.210.36.32:8080/prediction/knn,HTTP/1.1,contacts,,200,,,http://20.210.36.32:8080/prediction/knn,,
http_req_sending,1678217707,0.083698,,,,true,,POST,http://20.210.36.32:8080/prediction/knn,HTTP/1.1,contacts,,200,,,http://20.210.36.32:8080/prediction/knn,,
http_req_waiting,1678217707,315.309315,,,,true,,POST,http://20.210.36.32:8080/prediction/knn,HTTP/1.1,contacts,,200,,,http://20.210.36.32:8080/prediction/knn,,
http_req_receiving,1678217707,0.566989,,,,true,,POST,http://20.210.36.32:8080/prediction/knn,HTTP/1.1,contacts,,200,,,http://20.210.36.32:8080/prediction/knn,,
http_req_failed,1678217707,0.000000,,,,true,,POST,http://20.210.36.32:8080/prediction/knn,HTTP/1.1,contacts,,200,,,http://20.210.36.32:8080/prediction/knn,,
responseTime,1678217707,315.960002,,,,,,,,,contacts,,,,,,,
data_sent,1678217707,2088.000000,,,,,,,,,contacts,,,,,,,
data_received,1678217707,199.000000,,,,,,,,,contacts,,,,,,,
iteration_duration,1678217707,320.320217,,,,,,,,,contacts,,,,,,,
iterations,1678217707,1.000000,,,,,,,,,contacts,,,,,,,
http_reqs,1678217707,1.000000,,,,true,,POST,http://20.210.36.32:8080/prediction/knn,HTTP/1.1,contacts,,200,,,http://20.210.36.32:8080/prediction/knn,,
http_req_duration,1678217707,191.416745,,,,true,,POST,http://20.210.36.32:8080/prediction/knn,HTTP/1.1,contacts,,200,,,http://20.210.36.32:8080/prediction/knn,,
http_req_blocked,1678217707,2.131658,,,,true,,POST,http://20.210.36.32:8080/prediction/knn,HTTP/1.1,contacts,,200,,,http://20.210.36.32:8080/prediction/knn,,
http_req_connecting,1678217707,2.071360,,,,true,,POST,http://20.210.36.32:8080/prediction/knn,HTTP/1.1,contacts,,200,,,http://20.210.36.32:8080/prediction/knn,,
http_req_tls_handshaking,1678217707,0.000000,,,,true,,POST,http://20.210.36.32:8080/prediction/knn,HTTP/1.1,contacts,,200,,,http://20.210.36.32:8080/prediction/knn,,
http_req_sending,1678217707,0.063798,,,,true,,POST,http://20.210.36.32:8080/prediction/knn,HTTP/1.1,contacts,,200,,,http://20.210.36.32:8080/prediction/knn,,
http_req_waiting,1678217707,191.277349,,,,true,,POST,http://20.210.36.32:8080/prediction/knn,HTTP/1.1,contacts,,200,,,http://20.210.36.32:8080/prediction/knn,,
http_req_receiving,1678217707,0.075598,,,,true,,POST,http://20.210.36.32:8080/prediction/knn,HTTP/1.1,contacts,,200,,,http://20.210.36.32:8080/prediction/knn,,
http_req_failed,1678217707,0.000000,,,,true,,POST,http://20.210.36.32:8080/prediction/knn,HTTP/1.1,contacts,,200,,,http://20.210.36.32:8080/prediction/knn,,
responseTime,1678217707,191.416745,,,,,,,,,contacts,,,,,,,
data_sent,1678217707,2088.000000,,,,,,,,,contacts,,,,,,,
data_received,1678217707,199.000000,,,,,,,,,contacts,,,,,,,
iteration_duration,1678217707,193.893697,,,,,,,,,contacts,,,,,,,
iterations,1678217707,1.000000,,,,,,,,,contacts,,,,,,,
http_reqs,1678217707,1.000000,,,,true,,POST,http://20.210.36.32:8080/prediction/knn,HTTP/1.1,contacts,,200,,,http://20.210.36.32:8080/prediction/knn,,
http_req_duration,1678217707,328.519756,,,,true,,POST,http://20.210.36.32:8080/prediction/knn,HTTP/1.1,contacts,,200,,,http://20.210.36.32:8080/prediction/knn,,
http_req_blocked,1678217707,2.131358,,,,true,,POST,http://20.210.36.32:8080/prediction/knn,HTTP/1.1,contacts,,200,,,http://20.210.36.32:8080/prediction/knn,,
http_req_connecting,1678217707,2.042560,,,,true,,POST,http://20.210.36.32:8080/prediction/knn,HTTP/1.1,contacts,,200,,,http://20.210.36.32:8080/prediction/knn,,
http_req_tls_handshaking,1678217707,0.000000,,,,true,,POST,http://20.210.36.32:8080/prediction/knn,HTTP/1.1,contacts,,200,,,http://20.210.36.32:8080/prediction/knn,,
http_req_sending,1678217707,0.084299,,,,true,,POST,http://20.210.36.32:8080/prediction/knn,HTTP/1.1,contacts,,200,,,http://20.210.36.32:8080/prediction/knn,,
http_req_waiting,1678217707,328.289360,,,,true,,POST,http://20.210.36.32:8080/prediction/knn,HTTP/1.1,contacts,,200,,,http://20.210.36.32:8080/prediction/knn,,
http_req_receiving,1678217707,0.146097,,,,true,,POST,http://20.210.36.32:8080/prediction/knn,HTTP/1.1,contacts,,200,,,http://20.210.36.32:8080/prediction/knn,,
http_req_failed,1678217707,0.000000,,,,true,,POST,http://20.210.36.32:8080/prediction/knn,HTTP/1.1,contacts,,200,,,http://20.210.36.32:8080/prediction/knn,,
responseTime,1678217707,328.519756,,,,,,,,,contacts,,,,,,,
data_sent,1678217707,2088.000000,,,,,,,,,contacts,,,,,,,
data_received,1678217707,199.000000,,,,,,,,,contacts,,,,,,,
iteration_duration,1678217707,331.093306,,,,,,,,,contacts,,,,,,,
iterations,1678217707,1.000000,,,,,,,,,contacts,,,,,,,
http_reqs,1678217707,1.000000,,,,true,,POST,http://20.210.36.32:8080/prediction/knn,HTTP/1.1,contacts,,200,,,http://20.210.36.32:8080/prediction/knn,,
http_req_duration,1678217707,356.595005,,,,true,,POST,http://20.210.36.32:8080/prediction/knn,HTTP/1.1,contacts,,200,,,http://20.210.36.32:8080/prediction/knn,,
http_req_blocked,1678217707,3.894423,,,,true,,POST,http://20.210.36.32:8080/prediction/knn,HTTP/1.1,contacts,,200,,,http://20.210.36.32:8080/prediction/knn,,
http_req_connecting,1678217707,3.830925,,,,true,,POST,http://20.210.36.32:8080/prediction/knn,HTTP/1.1,contacts,,200,,,http://20.210.36.32:8080/prediction/knn,,
http_req_tls_handshaking,1678217707,0.000000,,,,true,,POST,http://20.210.36.32:8080/prediction/knn,HTTP/1.1,contacts,,200,,,http://20.210.36.32:8080/prediction/knn,,
http_req_sending,1678217707,0.056199,,,,true,,POST,http://20.210.36.32:8080/prediction/knn,HTTP/1.1,contacts,,200,,,http://20.210.36.32:8080/prediction/knn,,
http_req_waiting,1678217707,356.461608,,,,true,,POST,http://20.210.36.32:8080/prediction/knn,HTTP/1.1,contacts,,200,,,http://20.210.36.32:8080/prediction/knn,,
http_req_receiving,1678217707,0.077198,,,,true,,POST,http://20.210.36.32:8080/prediction/knn,HTTP/1.1,contacts,,200,,,http://20.210.36.32:8080/prediction/knn,,
http_req_failed,1678217707,0.000000,,,,true,,POST,http://20.210.36.32:8080/prediction/knn,HTTP/1.1,contacts,,200,,,http://20.210.36.32:8080/prediction/knn,,
responseTime,1678217707,356.595005,,,,,,,,,contacts,,,,,,,
data_sent,1678217707,2088.000000,,,,,,,,,contacts,,,,,,,
data_received,1678217707,199.000000,,,,,,,,,contacts,,,,,,,
iteration_duration,1678217707,360.875222,,,,,,,,,contacts,,,,,,,
iterations,1678217707,1.000000,,,,,,,,,contacts,,,,,,,
http_reqs,1678217707,1.000000,,,,true,,POST,http://20.210.36.32:8080/prediction/knn,HTTP/1.1,contacts,,200,,,http://20.210.36.32:8080/prediction/knn,,
http_req_duration,1678217707,290.194308,,,,true,,POST,http://20.210.36.32:8080/prediction/knn,HTTP/1.1,contacts,,200,,,http://20.210.36.32:8080/prediction/knn,,
http_req_blocked,1678217707,2.270455,,,,true,,POST,http://20.210.36.32:8080/prediction/knn,HTTP/1.1,contacts,,200,,,http://20.210.36.32:8080/prediction/knn,,
http_req_connecting,1678217707,2.208256,,,,true,,POST,http://20.210.36.32:8080/prediction/knn,HTTP/1.1,contacts,,200,,,http://20.210.36.32:8080/prediction/knn,,
http_req_tls_handshaking,1678217707,0.000000,,,,true,,POST,http://20.210.36.32:8080/prediction/knn,HTTP/1.1,contacts,,200,,,http://20.210.36.32:8080/prediction/knn,,
http_req_sending,1678217707,0.068899,,,,true,,POST,http://20.210.36.32:8080/prediction/knn,HTTP/1.1,contacts,,200,,,http://20.210.36.32:8080/prediction/knn,,
http_req_waiting,1678217707,290.019311,,,,true,,POST,http://20.210.36.32:8080/prediction/knn,HTTP/1.1,contacts,,200,,,http://20.210.36.32:8080/prediction/knn,,
http_req_receiving,1678217707,0.106098,,,,true,,POST,http://20.210.36.32:8080/prediction/knn,HTTP/1.1,contacts,,200,,,http://20.210.36.32:8080/prediction/knn,,
http_req_failed,1678217707,0.000000,,,,true,,POST,http://20.210.36.32:8080/prediction/knn,HTTP/1.1,contacts,,200,,,http://20.210.36.32:8080/prediction/knn,,
responseTime,1678217707,290.194308,,,,,,,,,contacts,,,,,,,
data_sent,1678217707,2088.000000,,,,,,,,,contacts,,,,,,,
data_received,1678217707,199.000000,,,,,,,,,contacts,,,,,,,
iteration_duration,1678217707,292.929755,,,,,,,,,contacts,,,,,,,
iterations,1678217707,1.000000,,,,,,,,,contacts,,,,,,,
http_reqs,1678217707,1.000000,,,,true,,POST,http://20.210.36.32:8080/prediction/knn,HTTP/1.1,contacts,,200,,,http://20.210.36.32:8080/prediction/knn,,
http_req_duration,1678217707,248.587024,,,,true,,POST,http://20.210.36.32:8080/prediction/knn,HTTP/1.1,contacts,,200,,,http://20.210.36.32:8080/prediction/knn,,
http_req_blocked,1678217707,2.151558,,,,true,,POST,http://20.210.36.32:8080/prediction/knn,HTTP/1.1,contacts,,200,,,http://20.210.36.32:8080/prediction/knn,,
http_req_connecting,1678217707,1.987061,,,,true,,POST,http://20.210.36.32:8080/prediction/knn,HTTP/1.1,contacts,,200,,,http://20.210.36.32:8080/prediction/knn,,
http_req_tls_handshaking,1678217707,0.000000,,,,true,,POST,http://20.210.36.32:8080/prediction/knn,HTTP/1.1,contacts,,200,,,http://20.210.36.32:8080/prediction/knn,,
http_req_sending,1678217707,0.067199,,,,true,,POST,http://20.210.36.32:8080/prediction/knn,HTTP/1.1,contacts,,200,,,http://20.210.36.32:8080/prediction/knn,,
http_req_waiting,1678217707,248.399628,,,,true,,POST,http://20.210.36.32:8080/prediction/knn,HTTP/1.1,contacts,,200,,,http://20.210.36.32:8080/prediction/knn,,
http_req_receiving,1678217707,0.120197,,,,true,,POST,http://20.210.36.32:8080/prediction/knn,HTTP/1.1,contacts,,200,,,http://20.210.36.32:8080/prediction/knn,,
http_req_failed,1678217707,0.000000,,,,true,,POST,http://20.210.36.32:8080/prediction/knn,HTTP/1.1,contacts,,200,,,http://20.210.36.32:8080/prediction/knn,,
responseTime,1678217707,248.587024,,,,,,,,,contacts,,,,,,,
data_sent,1678217707,2088.000000,,,,,,,,,contacts,,,,,,,
data_received,1678217707,199.000000,,,,,,,,,contacts,,,,,,,
iteration_duration,1678217707,251.246171,,,,,,,,,contacts,,,,,,,
iterations,1678217707,1.000000,,,,,,,,,contacts,,,,,,,
http_reqs,1678217707,1.000000,,,,true,,POST,http://20.210.36.32:8080/prediction/knn,HTTP/1.1,contacts,,200,,,http://20.210.36.32:8080/prediction/knn,,
http_req_duration,1678217707,255.030198,,,,true,,POST,http://20.210.36.32:8080/prediction/knn,HTTP/1.1,contacts,,200,,,http://20.210.36.32:8080/prediction/knn,,
http_req_blocked,1678217707,2.104759,,,,true,,POST,http://20.210.36.32:8080/prediction/knn,HTTP/1.1,contacts,,200,,,http://20.210.36.32:8080/prediction/knn,,
http_req_connecting,1678217707,2.011961,,,,true,,POST,http://20.210.36.32:8080/prediction/knn,HTTP/1.1,contacts,,200,,,http://20.210.36.32:8080/prediction/knn,,
http_req_tls_handshaking,1678217707,0.000000,,,,true,,POST,http://20.210.36.32:8080/prediction/knn,HTTP/1.1,contacts,,200,,,http://20.210.36.32:8080/prediction/knn,,
http_req_sending,1678217707,0.065299,,,,true,,POST,http://20.210.36.32:8080/prediction/knn,HTTP/1.1,contacts,,200,,,http://20.210.36.32:8080/prediction/knn,,
http_req_waiting,1678217707,243.843617,,,,true,,POST,http://20.210.36.32:8080/prediction/knn,HTTP/1.1,contacts,,200,,,http://20.210.36.32:8080/prediction/knn,,
http_req_receiving,1678217707,11.121282,,,,true,,POST,http://20.210.36.32:8080/prediction/knn,HTTP/1.1,contacts,,200,,,http://20.210.36.32:8080/prediction/knn,,
http_req_failed,1678217707,0.000000,,,,true,,POST,http://20.210.36.32:8080/prediction/knn,HTTP/1.1,contacts,,200,,,http://20.210.36.32:8080/prediction/knn,,
responseTime,1678217707,255.030198,,,,,,,,,contacts,,,,,,,
data_sent,1678217707,2088.000000,,,,,,,,,contacts,,,,,,,
data_received,1678217707,199.000000,,,,,,,,,contacts,,,,,,,
iteration_duration,1678217707,257.961840,,,,,,,,,contacts,,,,,,,
iterations,1678217707,1.000000,,,,,,,,,contacts,,,,,,,
http_reqs,1678217707,1.000000,,,,true,,POST,http://20.210.36.32:8080/prediction/knn,HTTP/1.1,contacts,,200,,,http://20.210.36.32:8080/prediction/knn,,
http_req_duration,1678217707,260.941782,,,,true,,POST,http://20.210.36.32:8080/prediction/knn,HTTP/1.1,contacts,,200,,,http://20.210.36.32:8080/prediction/knn,,
http_req_blocked,1678217707,2.022060,,,,true,,POST,http://20.210.36.32:8080/prediction/knn,HTTP/1.1,contacts,,200,,,http://20.210.36.32:8080/prediction/knn,,
http_req_connecting,1678217707,1.933262,,,,true,,POST,http://20.210.36.32:8080/prediction/knn,HTTP/1.1,contacts,,200,,,http://20.210.36.32:8080/prediction/knn,,
http_req_tls_handshaking,1678217707,0.000000,,,,true,,POST,http://20.210.36.32:8080/prediction/knn,HTTP/1.1,contacts,,200,,,http://20.210.36.32:8080/prediction/knn,,
http_req_sending,1678217707,0.119298,,,,true,,POST,http://20.210.36.32:8080/prediction/knn,HTTP/1.1,contacts,,200,,,http://20.210.36.32:8080/prediction/knn,,
http_req_waiting,1678217707,255.354391,,,,true,,POST,http://20.210.36.32:8080/prediction/knn,HTTP/1.1,contacts,,200,,,http://20.210.36.32:8080/prediction/knn,,
http_req_receiving,1678217707,5.468093,,,,true,,POST,http://20.210.36.32:8080/prediction/knn,HTTP/1.1,contacts,,200,,,http://20.210.36.32:8080/prediction/knn,,
http_req_failed,1678217707,0.000000,,,,true,,POST,http://20.210.36.32:8080/prediction/knn,HTTP/1.1,contacts,,200,,,http://20.210.36.32:8080/prediction/knn,,
responseTime,1678217707,260.941782,,,,,,,,,contacts,,,,,,,
data_sent,1678217707,2088.000000,,,,,,,,,contacts,,,,,,,
data_received,1678217707,199.000000,,,,,,,,,contacts,,,,,,,
iteration_duration,1678217707,263.334635,,,,,,,,,contacts,,,,,,,
iterations,1678217707,1.000000,,,,,,,,,contacts,,,,,,,
http_reqs,1678217707,1.000000,,,,true,,POST,http://20.210.36.32:8080/prediction/knn,HTTP/1.1,contacts,,200,,,http://20.210.36.32:8080/prediction/knn,,
http_req_duration,1678217707,244.895596,,,,true,,POST,http://20.210.36.32:8080/prediction/knn,HTTP/1.1,contacts,,200,,,http://20.210.36.32:8080/prediction/knn,,
http_req_blocked,1678217707,2.271956,,,,true,,POST,http://20.210.36.32:8080/prediction/knn,HTTP/1.1,contacts,,200,,,http://20.210.36.32:8080/prediction/knn,,
http_req_connecting,1678217707,2.190057,,,,true,,POST,http://20.210.36.32:8080/prediction/knn,HTTP/1.1,contacts,,200,,,http://20.210.36.32:8080/prediction/knn,,
http_req_tls_handshaking,1678217707,0.000000,,,,true,,POST,http://20.210.36.32:8080/prediction/knn,HTTP/1.1,contacts,,200,,,http://20.210.36.32:8080/prediction/knn,,
http_req_sending,1678217707,0.179796,,,,true,,POST,http://20.210.36.32:8080/prediction/knn,HTTP/1.1,contacts,,200,,,http://20.210.36.32:8080/prediction/knn,,
http_req_waiting,1678217707,244.632902,,,,true,,POST,http://20.210.36.32:8080/prediction/knn,HTTP/1.1,contacts,,200,,,http://20.210.36.32:8080/prediction/knn,,
http_req_receiving,1678217707,0.082898,,,,true,,POST,http://20.210.36.32:8080/prediction/knn,HTTP/1.1,contacts,,200,,,http://20.210.36.32:8080/prediction/knn,,
http_req_failed,1678217707,0.000000,,,,true,,POST,http://20.210.36.32:8080/prediction/knn,HTTP/1.1,contacts,,200,,,http://20.210.36.32:8080/prediction/knn,,
responseTime,1678217707,244.895596,,,,,,,,,contacts,,,,,,,
data_sent,1678217707,2088.000000,,,,,,,,,contacts,,,,,,,
data_received,1678217707,199.000000,,,,,,,,,contacts,,,,,,,
iteration_duration,1678217707,247.557344,,,,,,,,,contacts,,,,,,,
iterations,1678217707,1.000000,,,,,,,,,contacts,,,,,,,
http_reqs,1678217707,1.000000,,,,true,,POST,http://20.210.36.32:8080/prediction/knn,HTTP/1.1,contacts,,200,,,http://20.210.36.32:8080/prediction/knn,,
http_req_duration,1678217707,247.434547,,,,true,,POST,http://20.210.36.32:8080/prediction/knn,HTTP/1.1,contacts,,200,,,http://20.210.36.32:8080/prediction/knn,,
http_req_blocked,1678217707,1.982162,,,,true,,POST,http://20.210.36.32:8080/prediction/knn,HTTP/1.1,contacts,,200,,,http://20.210.36.32:8080/prediction/knn,,
http_req_connecting,1678217707,1.907563,,,,true,,POST,http://20.210.36.32:8080/prediction/knn,HTTP/1.1,contacts,,200,,,http://20.210.36.32:8080/prediction/knn,,
http_req_tls_handshaking,1678217707,0.000000,,,,true,,POST,http://20.210.36.32:8080/prediction/knn,HTTP/1.1,contacts,,200,,,http://20.210.36.32:8080/prediction/knn,,
http_req_sending,1678217707,0.093998,,,,true,,POST,http://20.210.36.32:8080/prediction/knn,HTTP/1.1,contacts,,200,,,http://20.210.36.32:8080/prediction/knn,,
http_req_waiting,1678217707,247.080554,,,,true,,POST,http://20.210.36.32:8080/prediction/knn,HTTP/1.1,contacts,,200,,,http://20.210.36.32:8080/prediction/knn,,
http_req_receiving,1678217707,0.259995,,,,true,,POST,http://20.210.36.32:8080/prediction/knn,HTTP/1.1,contacts,,200,,,http://20.210.36.32:8080/prediction/knn,,
http_req_failed,1678217707,0.000000,,,,true,,POST,http://20.210.36.32:8080/prediction/knn,HTTP/1.1,contacts,,200,,,http://20.210.36.32:8080/prediction/knn,,
responseTime,1678217707,247.434547,,,,,,,,,contacts,,,,,,,
data_sent,1678217707,2088.000000,,,,,,,,,contacts,,,,,,,
data_received,1678217707,199.000000,,,,,,,,,contacts,,,,,,,
iteration_duration,1678217707,249.744902,,,,,,,,,contacts,,,,,,,
iterations,1678217707,1.000000,,,,,,,,,contacts,,,,,,,
http_reqs,1678217707,1.000000,,,,true,,POST,http://20.210.36.32:8080/prediction/knn,HTTP/1.1,contacts,,200,,,http://20.210.36.32:8080/prediction/knn,,
http_req_duration,1678217707,191.335547,,,,true,,POST,http://20.210.36.32:8080/prediction/knn,HTTP/1.1,contacts,,200,,,http://20.210.36.32:8080/prediction/knn,,
http_req_blocked,1678217707,2.350754,,,,true,,POST,http://20.210.36.32:8080/prediction/knn,HTTP/1.1,contacts,,200,,,http://20.210.36.32:8080/prediction/knn,,
http_req_connecting,1678217707,2.254356,,,,true,,POST,http://20.210.36.32:8080/prediction/knn,HTTP/1.1,contacts,,200,,,http://20.210.36.32:8080/prediction/knn,,
http_req_tls_handshaking,1678217707,0.000000,,,,true,,POST,http://20.210.36.32:8080/prediction/knn,HTTP/1.1,contacts,,200,,,http://20.210.36.32:8080/prediction/knn,,
http_req_sending,1678217707,0.102398,,,,true,,POST,http://20.210.36.32:8080/prediction/knn,HTTP/1.1,contacts,,200,,,http://20.210.36.32:8080/prediction/knn,,
http_req_waiting,1678217707,191.129651,,,,true,,POST,http://20.210.36.32:8080/prediction/knn,HTTP/1.1,contacts,,200,,,http://20.210.36.32:8080/prediction/knn,,
http_req_receiving,1678217707,0.103498,,,,true,,POST,http://20.210.36.32:8080/prediction/knn,HTTP/1.1,contacts,,200,,,http://20.210.36.32:8080/prediction/knn,,
http_req_failed,1678217707,0.000000,,,,true,,POST,http://20.210.36.32:8080/prediction/knn,HTTP/1.1,contacts,,200,,,http://20.210.36.32:8080/prediction/knn,,
responseTime,1678217707,191.335547,,,,,,,,,contacts,,,,,,,
data_sent,1678217707,2088.000000,,,,,,,,,contacts,,,,,,,
data_received,1678217707,199.000000,,,,,,,,,contacts,,,,,,,
iteration_duration,1678217707,194.046094,,,,,,,,,contacts,,,,,,,
iterations,1678217707,1.000000,,,,,,,,,contacts,,,,,,,
http_reqs,1678217707,1.000000,,,,true,,POST,http://20.210.36.32:8080/prediction/knn,HTTP/1.1,contacts,,200,,,http://20.210.36.32:8080/prediction/knn,,
http_req_duration,1678217707,280.368601,,,,true,,POST,http://20.210.36.32:8080/prediction/knn,HTTP/1.1,contacts,,200,,,http://20.210.36.32:8080/prediction/knn,,
http_req_blocked,1678217707,2.288955,,,,true,,POST,http://20.210.36.32:8080/prediction/knn,HTTP/1.1,contacts,,200,,,http://20.210.36.32:8080/prediction/knn,,
http_req_connecting,1678217707,2.221156,,,,true,,POST,http://20.210.36.32:8080/prediction/knn,HTTP/1.1,contacts,,200,,,http://20.210.36.32:8080/prediction/knn,,
http_req_tls_handshaking,1678217707,0.000000,,,,true,,POST,http://20.210.36.32:8080/prediction/knn,HTTP/1.1,contacts,,200,,,http://20.210.36.32:8080/prediction/knn,,
http_req_sending,1678217707,0.067599,,,,true,,POST,http://20.210.36.32:8080/prediction/knn,HTTP/1.1,contacts,,200,,,http://20.210.36.32:8080/prediction/knn,,
http_req_waiting,1678217707,280.199904,,,,true,,POST,http://20.210.36.32:8080/prediction/knn,HTTP/1.1,contacts,,200,,,http://20.210.36.32:8080/prediction/knn,,
http_req_receiving,1678217707,0.101098,,,,true,,POST,http://20.210.36.32:8080/prediction/knn,HTTP/1.1,contacts,,200,,,http://20.210.36.32:8080/prediction/knn,,
http_req_failed,1678217707,0.000000,,,,true,,POST,http://20.210.36.32:8080/prediction/knn,HTTP/1.1,contacts,,200,,,http://20.210.36.32:8080/prediction/knn,,
responseTime,1678217707,280.368601,,,,,,,,,contacts,,,,,,,
data_sent,1678217707,2088.000000,,,,,,,,,contacts,,,,,,,
data_received,1678217707,199.000000,,,,,,,,,contacts,,,,,,,
iteration_duration,1678217707,283.191645,,,,,,,,,contacts,,,,,,,
iterations,1678217707,1.000000,,,,,,,,,contacts,,,,,,,
http_reqs,1678217707,1.000000,,,,true,,POST,http://20.210.36.32:8080/prediction/knn,HTTP/1.1,contacts,,200,,,http://20.210.36.32:8080/prediction/knn,,
http_req_duration,1678217707,153.179095,,,,true,,POST,http://20.210.36.32:8080/prediction/knn,HTTP/1.1,contacts,,200,,,http://20.210.36.32:8080/prediction/knn,,
http_req_blocked,1678217707,2.161857,,,,true,,POST,http://20.210.36.32:8080/prediction/knn,HTTP/1.1,contacts,,200,,,http://20.210.36.32:8080/prediction/knn,,
http_req_connecting,1678217707,2.077859,,,,true,,POST,http://20.210.36.32:8080/prediction/knn,HTTP/1.1,contacts,,200,,,http://20.210.36.32:8080/prediction/knn,,
http_req_tls_handshaking,1678217707,0.000000,,,,true,,POST,http://20.210.36.32:8080/prediction/knn,HTTP/1.1,contacts,,200,,,http://20.210.36.32:8080/prediction/knn,,
http_req_sending,1678217707,0.101998,,,,true,,POST,http://20.210.36.32:8080/prediction/knn,HTTP/1.1,contacts,,200,,,http://20.210.36.32:8080/prediction/knn,,
http_req_waiting,1678217707,152.683005,,,,true,,POST,http://20.210.36.32:8080/prediction/knn,HTTP/1.1,contacts,,200,,,http://20.210.36.32:8080/prediction/knn,,
http_req_receiving,1678217707,0.394092,,,,true,,POST,http://20.210.36.32:8080/prediction/knn,HTTP/1.1,contacts,,200,,,http://20.210.36.32:8080/prediction/knn,,
http_req_failed,1678217707,0.000000,,,,true,,POST,http://20.210.36.32:8080/prediction/knn,HTTP/1.1,contacts,,200,,,http://20.210.36.32:8080/prediction/knn,,
responseTime,1678217707,153.179095,,,,,,,,,contacts,,,,,,,
data_sent,1678217707,2088.000000,,,,,,,,,contacts,,,,,,,
data_received,1678217707,199.000000,,,,,,,,,contacts,,,,,,,
iteration_duration,1678217707,155.782545,,,,,,,,,contacts,,,,,,,
iterations,1678217707,1.000000,,,,,,,,,contacts,,,,,,,
http_reqs,1678217707,1.000000,,,,true,,POST,http://20.210.36.32:8080/prediction/knn,HTTP/1.1,contacts,,200,,,http://20.210.36.32:8080/prediction/knn,,
http_req_duration,1678217707,307.219574,,,,true,,POST,http://20.210.36.32:8080/prediction/knn,HTTP/1.1,contacts,,200,,,http://20.210.36.32:8080/prediction/knn,,
http_req_blocked,1678217707,2.529350,,,,true,,POST,http://20.210.36.32:8080/prediction/knn,HTTP/1.1,contacts,,200,,,http://20.210.36.32:8080/prediction/knn,,
http_req_connecting,1678217707,2.472451,,,,true,,POST,http://20.210.36.32:8080/prediction/knn,HTTP/1.1,contacts,,200,,,http://20.210.36.32:8080/prediction/knn,,
http_req_tls_handshaking,1678217707,0.000000,,,,true,,POST,http://20.210.36.32:8080/prediction/knn,HTTP/1.1,contacts,,200,,,http://20.210.36.32:8080/prediction/knn,,
http_req_sending,1678217707,0.053799,,,,true,,POST,http://20.210.36.32:8080/prediction/knn,HTTP/1.1,contacts,,200,,,http://20.210.36.32:8080/prediction/knn,,
http_req_waiting,1678217707,306.961679,,,,true,,POST,http://20.210.36.32:8080/prediction/knn,HTTP/1.1,contacts,,200,,,http://20.210.36.32:8080/prediction/knn,,
http_req_receiving,1678217707,0.204096,,,,true,,POST,http://20.210.36.32:8080/prediction/knn,HTTP/1.1,contacts,,200,,,http://20.210.36.32:8080/prediction/knn,,
http_req_failed,1678217707,0.000000,,,,true,,POST,http://20.210.36.32:8080/prediction/knn,HTTP/1.1,contacts,,200,,,http://20.210.36.32:8080/prediction/knn,,
responseTime,1678217707,307.219574,,,,,,,,,contacts,,,,,,,
data_sent,1678217707,2088.000000,,,,,,,,,contacts,,,,,,,
data_received,1678217707,199.000000,,,,,,,,,contacts,,,,,,,
iteration_duration,1678217707,310.356712,,,,,,,,,contacts,,,,,,,
iterations,1678217707,1.000000,,,,,,,,,contacts,,,,,,,
http_reqs,1678217707,1.000000,,,,true,,POST,http://20.210.36.32:8080/prediction/knn,HTTP/1.1,contacts,,200,,,http://20.210.36.32:8080/prediction/knn,,
http_req_duration,1678217707,274.047525,,,,true,,POST,http://20.210.36.32:8080/prediction/knn,HTTP/1.1,contacts,,200,,,http://20.210.36.32:8080/prediction/knn,,
http_req_blocked,1678217707,2.292555,,,,true,,POST,http://20.210.36.32:8080/prediction/knn,HTTP/1.1,contacts,,200,,,http://20.210.36.32:8080/prediction/knn,,
http_req_connecting,1678217707,2.203357,,,,true,,POST,http://20.210.36.32:8080/prediction/knn,HTTP/1.1,contacts,,200,,,http://20.210.36.32:8080/prediction/knn,,
http_req_tls_handshaking,1678217707,0.000000,,,,true,,POST,http://20.210.36.32:8080/prediction/knn,HTTP/1.1,contacts,,200,,,http://20.210.36.32:8080/prediction/knn,,
http_req_sending,1678217707,0.089798,,,,true,,POST,http://20.210.36.32:8080/prediction/knn,HTTP/1.1,contacts,,200,,,http://20.210.36.32:8080/prediction/knn,,
http_req_waiting,1678217707,273.466936,,,,true,,POST,http://20.210.36.32:8080/prediction/knn,HTTP/1.1,contacts,,200,,,http://20.210.36.32:8080/prediction/knn,,
http_req_receiving,1678217707,0.490791,,,,true,,POST,http://20.210.36.32:8080/prediction/knn,HTTP/1.1,contacts,,200,,,http://20.210.36.32:8080/prediction/knn,,
http_req_failed,1678217707,0.000000,,,,true,,POST,http://20.210.36.32:8080/prediction/knn,HTTP/1.1,contacts,,200,,,http://20.210.36.32:8080/prediction/knn,,
responseTime,1678217707,274.047525,,,,,,,,,contacts,,,,,,,
data_sent,1678217707,2088.000000,,,,,,,,,contacts,,,,,,,
data_received,1678217707,199.000000,,,,,,,,,contacts,,,,,,,
iteration_duration,1678217707,276.885969,,,,,,,,,contacts,,,,,,,
iterations,1678217707,1.000000,,,,,,,,,contacts,,,,,,,
http_reqs,1678217707,1.000000,,,,true,,POST,http://20.210.36.32:8080/prediction/knn,HTTP/1.1,contacts,,200,,,http://20.210.36.32:8080/prediction/knn,,
http_req_duration,1678217707,263.942523,,,,true,,POST,http://20.210.36.32:8080/prediction/knn,HTTP/1.1,contacts,,200,,,http://20.210.36.32:8080/prediction/knn,,
http_req_blocked,1678217707,2.342554,,,,true,,POST,http://20.210.36.32:8080/prediction/knn,HTTP/1.1,contacts,,200,,,http://20.210.36.32:8080/prediction/knn,,
http_req_connecting,1678217707,2.257156,,,,true,,POST,http://20.210.36.32:8080/prediction/knn,HTTP/1.1,contacts,,200,,,http://20.210.36.32:8080/prediction/knn,,
http_req_tls_handshaking,1678217707,0.000000,,,,true,,POST,http://20.210.36.32:8080/prediction/knn,HTTP/1.1,contacts,,200,,,http://20.210.36.32:8080/prediction/knn,,
http_req_sending,1678217707,0.070298,,,,true,,POST,http://20.210.36.32:8080/prediction/knn,HTTP/1.1,contacts,,200,,,http://20.210.36.32:8080/prediction/knn,,
http_req_waiting,1678217707,256.605767,,,,true,,POST,http://20.210.36.32:8080/prediction/knn,HTTP/1.1,contacts,,200,,,http://20.210.36.32:8080/prediction/knn,,
http_req_receiving,1678217707,7.266458,,,,true,,POST,http://20.210.36.32:8080/prediction/knn,HTTP/1.1,contacts,,200,,,http://20.210.36.32:8080/prediction/knn,,
http_req_failed,1678217707,0.000000,,,,true,,POST,http://20.210.36.32:8080/prediction/knn,HTTP/1.1,contacts,,200,,,http://20.210.36.32:8080/prediction/knn,,
responseTime,1678217707,263.942523,,,,,,,,,contacts,,,,,,,
data_sent,1678217707,2088.000000,,,,,,,,,contacts,,,,,,,
data_received,1678217707,199.000000,,,,,,,,,contacts,,,,,,,
iteration_duration,1678217707,266.943564,,,,,,,,,contacts,,,,,,,
iterations,1678217707,1.000000,,,,,,,,,contacts,,,,,,,
http_reqs,1678217707,1.000000,,,,true,,POST,http://20.210.36.32:8080/prediction/knn,HTTP/1.1,contacts,,200,,,http://20.210.36.32:8080/prediction/knn,,
http_req_duration,1678217707,333.401660,,,,true,,POST,http://20.210.36.32:8080/prediction/knn,HTTP/1.1,contacts,,200,,,http://20.210.36.32:8080/prediction/knn,,
http_req_blocked,1678217707,2.573549,,,,true,,POST,http://20.210.36.32:8080/prediction/knn,HTTP/1.1,contacts,,200,,,http://20.210.36.32:8080/prediction/knn,,
http_req_connecting,1678217707,2.499251,,,,true,,POST,http://20.210.36.32:8080/prediction/knn,HTTP/1.1,contacts,,200,,,http://20.210.36.32:8080/prediction/knn,,
http_req_tls_handshaking,1678217707,0.000000,,,,true,,POST,http://20.210.36.32:8080/prediction/knn,HTTP/1.1,contacts,,200,,,http://20.210.36.32:8080/prediction/knn,,
http_req_sending,1678217707,0.088798,,,,true,,POST,http://20.210.36.32:8080/prediction/knn,HTTP/1.1,contacts,,200,,,http://20.210.36.32:8080/prediction/knn,,
http_req_waiting,1678217707,327.713472,,,,true,,POST,http://20.210.36.32:8080/prediction/knn,HTTP/1.1,contacts,,200,,,http://20.210.36.32:8080/prediction/knn,,
http_req_receiving,1678217707,5.599390,,,,true,,POST,http://20.210.36.32:8080/prediction/knn,HTTP/1.1,contacts,,200,,,http://20.210.36.32:8080/prediction/knn,,
http_req_failed,1678217707,0.000000,,,,true,,POST,http://20.210.36.32:8080/prediction/knn,HTTP/1.1,contacts,,200,,,http://20.210.36.32:8080/prediction/knn,,
responseTime,1678217707,333.401660,,,,,,,,,contacts,,,,,,,
data_sent,1678217707,2088.000000,,,,,,,,,contacts,,,,,,,
data_received,1678217707,199.000000,,,,,,,,,contacts,,,,,,,
iteration_duration,1678217707,336.402702,,,,,,,,,contacts,,,,,,,
iterations,1678217707,1.000000,,,,,,,,,contacts,,,,,,,
http_reqs,1678217707,1.000000,,,,true,,POST,http://20.210.36.32:8080/prediction/knn,HTTP/1.1,contacts,,200,,,http://20.210.36.32:8080/prediction/knn,,
http_req_duration,1678217707,277.985047,,,,true,,POST,http://20.210.36.32:8080/prediction/knn,HTTP/1.1,contacts,,200,,,http://20.210.36.32:8080/prediction/knn,,
http_req_blocked,1678217707,2.084959,,,,true,,POST,http://20.210.36.32:8080/prediction/knn,HTTP/1.1,contacts,,200,,,http://20.210.36.32:8080/prediction/knn,,
http_req_connecting,1678217707,1.987461,,,,true,,POST,http://20.210.36.32:8080/prediction/knn,HTTP/1.1,contacts,,200,,,http://20.210.36.32:8080/prediction/knn,,
http_req_tls_handshaking,1678217707,0.000000,,,,true,,POST,http://20.210.36.32:8080/prediction/knn,HTTP/1.1,contacts,,200,,,http://20.210.36.32:8080/prediction/knn,,
http_req_sending,1678217707,0.063799,,,,true,,POST,http://20.210.36.32:8080/prediction/knn,HTTP/1.1,contacts,,200,,,http://20.210.36.32:8080/prediction/knn,,
http_req_waiting,1678217707,276.160283,,,,true,,POST,http://20.210.36.32:8080/prediction/knn,HTTP/1.1,contacts,,200,,,http://20.210.36.32:8080/prediction/knn,,
http_req_receiving,1678217707,1.760965,,,,true,,POST,http://20.210.36.32:8080/prediction/knn,HTTP/1.1,contacts,,200,,,http://20.210.36.32:8080/prediction/knn,,
http_req_failed,1678217707,0.000000,,,,true,,POST,http://20.210.36.32:8080/prediction/knn,HTTP/1.1,contacts,,200,,,http://20.210.36.32:8080/prediction/knn,,
responseTime,1678217707,277.985047,,,,,,,,,contacts,,,,,,,
data_sent,1678217707,2088.000000,,,,,,,,,contacts,,,,,,,
data_received,1678217707,199.000000,,,,,,,,,contacts,,,,,,,
iteration_duration,1678217707,280.751093,,,,,,,,,contacts,,,,,,,
iterations,1678217707,1.000000,,,,,,,,,contacts,,,,,,,
http_reqs,1678217707,1.000000,,,,true,,POST,http://20.210.36.32:8080/prediction/knn,HTTP/1.1,contacts,,200,,,http://20.210.36.32:8080/prediction/knn,,
http_req_duration,1678217707,287.625659,,,,true,,POST,http://20.210.36.32:8080/prediction/knn,HTTP/1.1,contacts,,200,,,http://20.210.36.32:8080/prediction/knn,,
http_req_blocked,1678217707,2.216957,,,,true,,POST,http://20.210.36.32:8080/prediction/knn,HTTP/1.1,contacts,,200,,,http://20.210.36.32:8080/prediction/knn,,
http_req_connecting,1678217707,2.055859,,,,true,,POST,http://20.210.36.32:8080/prediction/knn,HTTP/1.1,contacts,,200,,,http://20.210.36.32:8080/prediction/knn,,
http_req_tls_handshaking,1678217707,0.000000,,,,true,,POST,http://20.210.36.32:8080/prediction/knn,HTTP/1.1,contacts,,200,,,http://20.210.36.32:8080/prediction/knn,,
http_req_sending,1678217707,0.184497,,,,true,,POST,http://20.210.36.32:8080/prediction/knn,HTTP/1.1,contacts,,200,,,http://20.210.36.32:8080/prediction/knn,,
http_req_waiting,1678217707,287.119568,,,,true,,POST,http://20.210.36.32:8080/prediction/knn,HTTP/1.1,contacts,,200,,,http://20.210.36.32:8080/prediction/knn,,
http_req_receiving,1678217707,0.321594,,,,true,,POST,http://20.210.36.32:8080/prediction/knn,HTTP/1.1,contacts,,200,,,http://20.210.36.32:8080/prediction/knn,,
http_req_failed,1678217707,0.000000,,,,true,,POST,http://20.210.36.32:8080/prediction/knn,HTTP/1.1,contacts,,200,,,http://20.210.36.32:8080/prediction/knn,,
responseTime,1678217707,287.625659,,,,,,,,,contacts,,,,,,,
data_sent,1678217707,2088.000000,,,,,,,,,contacts,,,,,,,
data_received,1678217707,199.000000,,,,,,,,,contacts,,,,,,,
iteration_duration,1678217707,290.237807,,,,,,,,,contacts,,,,,,,
iterations,1678217707,1.000000,,,,,,,,,contacts,,,,,,,
http_reqs,1678217707,1.000000,,,,true,,POST,http://20.210.36.32:8080/prediction/knn,HTTP/1.1,contacts,,200,,,http://20.210.36.32:8080/prediction/knn,,
http_req_duration,1678217707,353.284471,,,,true,,POST,http://20.210.36.32:8080/prediction/knn,HTTP/1.1,contacts,,200,,,http://20.210.36.32:8080/prediction/knn,,
http_req_blocked,1678217707,2.167758,,,,true,,POST,http://20.210.36.32:8080/prediction/knn,HTTP/1.1,contacts,,200,,,http://20.210.36.32:8080/prediction/knn,,
http_req_connecting,1678217707,2.091259,,,,true,,POST,http://20.210.36.32:8080/prediction/knn,HTTP/1.1,contacts,,200,,,http://20.210.36.32:8080/prediction/knn,,
http_req_tls_handshaking,1678217707,0.000000,,,,true,,POST,http://20.210.36.32:8080/prediction/knn,HTTP/1.1,contacts,,200,,,http://20.210.36.32:8080/prediction/knn,,
http_req_sending,1678217707,0.096998,,,,true,,POST,http://20.210.36.32:8080/prediction/knn,HTTP/1.1,contacts,,200,,,http://20.210.36.32:8080/prediction/knn,,
http_req_waiting,1678217707,352.993676,,,,true,,POST,http://20.210.36.32:8080/prediction/knn,HTTP/1.1,contacts,,200,,,http://20.210.36.32:8080/prediction/knn,,
http_req_receiving,1678217707,0.193797,,,,true,,POST,http://20.210.36.32:8080/prediction/knn,HTTP/1.1,contacts,,200,,,http://20.210.36.32:8080/prediction/knn,,
http_req_failed,1678217707,0.000000,,,,true,,POST,http://20.210.36.32:8080/prediction/knn,HTTP/1.1,contacts,,200,,,http://20.210.36.32:8080/prediction/knn,,
responseTime,1678217707,353.284471,,,,,,,,,contacts,,,,,,,
data_sent,1678217707,2088.000000,,,,,,,,,contacts,,,,,,,
data_received,1678217707,199.000000,,,,,,,,,contacts,,,,,,,
iteration_duration,1678217707,355.770921,,,,,,,,,contacts,,,,,,,
iterations,1678217707,1.000000,,,,,,,,,contacts,,,,,,,
http_reqs,1678217707,1.000000,,,,true,,POST,http://20.210.36.32:8080/prediction/knn,HTTP/1.1,contacts,,200,,,http://20.210.36.32:8080/prediction/knn,,
http_req_duration,1678217707,321.062202,,,,true,,POST,http://20.210.36.32:8080/prediction/knn,HTTP/1.1,contacts,,200,,,http://20.210.36.32:8080/prediction/knn,,
http_req_blocked,1678217707,3.093439,,,,true,,POST,http://20.210.36.32:8080/prediction/knn,HTTP/1.1,contacts,,200,,,http://20.210.36.32:8080/prediction/knn,,
http_req_connecting,1678217707,2.894343,,,,true,,POST,http://20.210.36.32:8080/prediction/knn,HTTP/1.1,contacts,,200,,,http://20.210.36.32:8080/prediction/knn,,
http_req_tls_handshaking,1678217707,0.000000,,,,true,,POST,http://20.210.36.32:8080/prediction/knn,HTTP/1.1,contacts,,200,,,http://20.210.36.32:8080/prediction/knn,,
http_req_sending,1678217707,0.282595,,,,true,,POST,http://20.210.36.32:8080/prediction/knn,HTTP/1.1,contacts,,200,,,http://20.210.36.32:8080/prediction/knn,,
http_req_waiting,1678217707,320.567412,,,,true,,POST,http://20.210.36.32:8080/prediction/knn,HTTP/1.1,contacts,,200,,,http://20.210.36.32:8080/prediction/knn,,
http_req_receiving,1678217707,0.212195,,,,true,,POST,http://20.210.36.32:8080/prediction/knn,HTTP/1.1,contacts,,200,,,http://20.210.36.32:8080/prediction/knn,,
http_req_failed,1678217707,0.000000,,,,true,,POST,http://20.210.36.32:8080/prediction/knn,HTTP/1.1,contacts,,200,,,http://20.210.36.32:8080/prediction/knn,,
responseTime,1678217707,321.062202,,,,,,,,,contacts,,,,,,,
data_sent,1678217707,2088.000000,,,,,,,,,contacts,,,,,,,
data_received,1678217707,199.000000,,,,,,,,,contacts,,,,,,,
iteration_duration,1678217707,324.315438,,,,,,,,,contacts,,,,,,,
iterations,1678217707,1.000000,,,,,,,,,contacts,,,,,,,
http_reqs,1678217708,1.000000,,,,true,,POST,http://20.210.36.32:8080/prediction/knn,HTTP/1.1,contacts,,200,,,http://20.210.36.32:8080/prediction/knn,,
http_req_duration,1678217708,321.021203,,,,true,,POST,http://20.210.36.32:8080/prediction/knn,HTTP/1.1,contacts,,200,,,http://20.210.36.32:8080/prediction/knn,,
http_req_blocked,1678217708,2.251256,,,,true,,POST,http://20.210.36.32:8080/prediction/knn,HTTP/1.1,contacts,,200,,,http://20.210.36.32:8080/prediction/knn,,
http_req_connecting,1678217708,2.151458,,,,true,,POST,http://20.210.36.32:8080/prediction/knn,HTTP/1.1,contacts,,200,,,http://20.210.36.32:8080/prediction/knn,,
http_req_tls_handshaking,1678217708,0.000000,,,,true,,POST,http://20.210.36.32:8080/prediction/knn,HTTP/1.1,contacts,,200,,,http://20.210.36.32:8080/prediction/knn,,
http_req_sending,1678217708,0.097198,,,,true,,POST,http://20.210.36.32:8080/prediction/knn,HTTP/1.1,contacts,,200,,,http://20.210.36.32:8080/prediction/knn,,
http_req_waiting,1678217708,316.022401,,,,true,,POST,http://20.210.36.32:8080/prediction/knn,HTTP/1.1,contacts,,200,,,http://20.210.36.32:8080/prediction/knn,,
http_req_receiving,1678217708,4.901604,,,,true,,POST,http://20.210.36.32:8080/prediction/knn,HTTP/1.1,contacts,,200,,,http://20.210.36.32:8080/prediction/knn,,
http_req_failed,1678217708,0.000000,,,,true,,POST,http://20.210.36.32:8080/prediction/knn,HTTP/1.1,contacts,,200,,,http://20.210.36.32:8080/prediction/knn,,
responseTime,1678217708,321.021203,,,,,,,,,contacts,,,,,,,
data_sent,1678217708,2088.000000,,,,,,,,,contacts,,,,,,,
data_received,1678217708,199.000000,,,,,,,,,contacts,,,,,,,
iteration_duration,1678217708,323.655551,,,,,,,,,contacts,,,,,,,
iterations,1678217708,1.000000,,,,,,,,,contacts,,,,,,,
http_reqs,1678217708,1.000000,,,,true,,POST,http://20.210.36.32:8080/prediction/knn,HTTP/1.1,contacts,,200,,,http://20.210.36.32:8080/prediction/knn,,
http_req_duration,1678217708,415.406852,,,,true,,POST,http://20.210.36.32:8080/prediction/knn,HTTP/1.1,contacts,,200,,,http://20.210.36.32:8080/prediction/knn,,
http_req_blocked,1678217708,2.162958,,,,true,,POST,http://20.210.36.32:8080/prediction/knn,HTTP/1.1,contacts,,200,,,http://20.210.36.32:8080/prediction/knn,,
http_req_connecting,1678217708,2.063759,,,,true,,POST,http://20.210.36.32:8080/prediction/knn,HTTP/1.1,contacts,,200,,,http://20.210.36.32:8080/prediction/knn,,
http_req_tls_handshaking,1678217708,0.000000,,,,true,,POST,http://20.210.36.32:8080/prediction/knn,HTTP/1.1,contacts,,200,,,http://20.210.36.32:8080/prediction/knn,,
http_req_sending,1678217708,0.075599,,,,true,,POST,http://20.210.36.32:8080/prediction/knn,HTTP/1.1,contacts,,200,,,http://20.210.36.32:8080/prediction/knn,,
http_req_waiting,1678217708,413.855682,,,,true,,POST,http://20.210.36.32:8080/prediction/knn,HTTP/1.1,contacts,,200,,,http://20.210.36.32:8080/prediction/knn,,
http_req_receiving,1678217708,1.475571,,,,true,,POST,http://20.210.36.32:8080/prediction/knn,HTTP/1.1,contacts,,200,,,http://20.210.36.32:8080/prediction/knn,,
http_req_failed,1678217708,0.000000,,,,true,,POST,http://20.210.36.32:8080/prediction/knn,HTTP/1.1,contacts,,200,,,http://20.210.36.32:8080/prediction/knn,,
responseTime,1678217708,415.406852,,,,,,,,,contacts,,,,,,,
data_sent,1678217708,2088.000000,,,,,,,,,contacts,,,,,,,
data_received,1678217708,199.000000,,,,,,,,,contacts,,,,,,,
iteration_duration,1678217708,418.030900,,,,,,,,,contacts,,,,,,,
iterations,1678217708,1.000000,,,,,,,,,contacts,,,,,,,
http_reqs,1678217708,1.000000,,,,true,,POST,http://20.210.36.32:8080/prediction/knn,HTTP/1.1,contacts,,200,,,http://20.210.36.32:8080/prediction/knn,,
http_req_duration,1678217708,340.310725,,,,true,,POST,http://20.210.36.32:8080/prediction/knn,HTTP/1.1,contacts,,200,,,http://20.210.36.32:8080/prediction/knn,,
http_req_blocked,1678217708,2.250855,,,,true,,POST,http://20.210.36.32:8080/prediction/knn,HTTP/1.1,contacts,,200,,,http://20.210.36.32:8080/prediction/knn,,
http_req_connecting,1678217708,2.166057,,,,true,,POST,http://20.210.36.32:8080/prediction/knn,HTTP/1.1,contacts,,200,,,http://20.210.36.32:8080/prediction/knn,,
http_req_tls_handshaking,1678217708,0.000000,,,,true,,POST,http://20.210.36.32:8080/prediction/knn,HTTP/1.1,contacts,,200,,,http://20.210.36.32:8080/prediction/knn,,
http_req_sending,1678217708,0.072399,,,,true,,POST,http://20.210.36.32:8080/prediction/knn,HTTP/1.1,contacts,,200,,,http://20.210.36.32:8080/prediction/knn,,
http_req_waiting,1678217708,340.142628,,,,true,,POST,http://20.210.36.32:8080/prediction/knn,HTTP/1.1,contacts,,200,,,http://20.210.36.32:8080/prediction/knn,,
http_req_receiving,1678217708,0.095698,,,,true,,POST,http://20.210.36.32:8080/prediction/knn,HTTP/1.1,contacts,,200,,,http://20.210.36.32:8080/prediction/knn,,
http_req_failed,1678217708,0.000000,,,,true,,POST,http://20.210.36.32:8080/prediction/knn,HTTP/1.1,contacts,,200,,,http://20.210.36.32:8080/prediction/knn,,
responseTime,1678217708,340.310725,,,,,,,,,contacts,,,,,,,
data_sent,1678217708,2088.000000,,,,,,,,,contacts,,,,,,,
data_received,1678217708,199.000000,,,,,,,,,contacts,,,,,,,
iteration_duration,1678217708,342.904074,,,,,,,,,contacts,,,,,,,
iterations,1678217708,1.000000,,,,,,,,,contacts,,,,,,,
http_reqs,1678217708,1.000000,,,,true,,POST,http://20.210.36.32:8080/prediction/knn,HTTP/1.1,contacts,,200,,,http://20.210.36.32:8080/prediction/knn,,
http_req_duration,1678217708,412.390911,,,,true,,POST,http://20.210.36.32:8080/prediction/knn,HTTP/1.1,contacts,,200,,,http://20.210.36.32:8080/prediction/knn,,
http_req_blocked,1678217708,2.383953,,,,true,,POST,http://20.210.36.32:8080/prediction/knn,HTTP/1.1,contacts,,200,,,http://20.210.36.32:8080/prediction/knn,,
http_req_connecting,1678217708,2.304154,,,,true,,POST,http://20.210.36.32:8080/prediction/knn,HTTP/1.1,contacts,,200,,,http://20.210.36.32:8080/prediction/knn,,
http_req_tls_handshaking,1678217708,0.000000,,,,true,,POST,http://20.210.36.32:8080/prediction/knn,HTTP/1.1,contacts,,200,,,http://20.210.36.32:8080/prediction/knn,,
http_req_sending,1678217708,0.066999,,,,true,,POST,http://20.210.36.32:8080/prediction/knn,HTTP/1.1,contacts,,200,,,http://20.210.36.32:8080/prediction/knn,,
http_req_waiting,1678217708,412.066418,,,,true,,POST,http://20.210.36.32:8080/prediction/knn,HTTP/1.1,contacts,,200,,,http://20.210.36.32:8080/prediction/knn,,
http_req_receiving,1678217708,0.257494,,,,true,,POST,http://20.210.36.32:8080/prediction/knn,HTTP/1.1,contacts,,200,,,http://20.210.36.32:8080/prediction/knn,,
http_req_failed,1678217708,0.000000,,,,true,,POST,http://20.210.36.32:8080/prediction/knn,HTTP/1.1,contacts,,200,,,http://20.210.36.32:8080/prediction/knn,,
responseTime,1678217708,412.390911,,,,,,,,,contacts,,,,,,,
data_sent,1678217708,2088.000000,,,,,,,,,contacts,,,,,,,
data_received,1678217708,199.000000,,,,,,,,,contacts,,,,,,,
iteration_duration,1678217708,415.263054,,,,,,,,,contacts,,,,,,,
iterations,1678217708,1.000000,,,,,,,,,contacts,,,,,,,
http_reqs,1678217708,1.000000,,,,true,,POST,http://20.210.36.32:8080/prediction/knn,HTTP/1.1,contacts,,200,,,http://20.210.36.32:8080/prediction/knn,,
http_req_duration,1678217708,409.195674,,,,true,,POST,http://20.210.36.32:8080/prediction/knn,HTTP/1.1,contacts,,200,,,http://20.210.36.32:8080/prediction/knn,,
http_req_blocked,1678217708,2.327055,,,,true,,POST,http://20.210.36.32:8080/prediction/knn,HTTP/1.1,contacts,,200,,,http://20.210.36.32:8080/prediction/knn,,
http_req_connecting,1678217708,2.244656,,,,true,,POST,http://20.210.36.32:8080/prediction/knn,HTTP/1.1,contacts,,200,,,http://20.210.36.32:8080/prediction/knn,,
http_req_tls_handshaking,1678217708,0.000000,,,,true,,POST,http://20.210.36.32:8080/prediction/knn,HTTP/1.1,contacts,,200,,,http://20.210.36.32:8080/prediction/knn,,
http_req_sending,1678217708,0.094998,,,,true,,POST,http://20.210.36.32:8080/prediction/knn,HTTP/1.1,contacts,,200,,,http://20.210.36.32:8080/prediction/knn,,
http_req_waiting,1678217708,400.178551,,,,true,,POST,http://20.210.36.32:8080/prediction/knn,HTTP/1.1,contacts,,200,,,http://20.210.36.32:8080/prediction/knn,,
http_req_receiving,1678217708,8.922125,,,,true,,POST,http://20.210.36.32:8080/prediction/knn,HTTP/1.1,contacts,,200,,,http://20.210.36.32:8080/prediction/knn,,
http_req_failed,1678217708,0.000000,,,,true,,POST,http://20.210.36.32:8080/prediction/knn,HTTP/1.1,contacts,,200,,,http://20.210.36.32:8080/prediction/knn,,
responseTime,1678217708,409.195674,,,,,,,,,contacts,,,,,,,
data_sent,1678217708,2088.000000,,,,,,,,,contacts,,,,,,,
data_received,1678217708,199.000000,,,,,,,,,contacts,,,,,,,
iteration_duration,1678217708,411.886521,,,,,,,,,contacts,,,,,,,
iterations,1678217708,1.000000,,,,,,,,,contacts,,,,,,,
http_reqs,1678217708,1.000000,,,,true,,POST,http://20.210.36.32:8080/prediction/knn,HTTP/1.1,contacts,,200,,,http://20.210.36.32:8080/prediction/knn,,
http_req_duration,1678217708,402.573203,,,,true,,POST,http://20.210.36.32:8080/prediction/knn,HTTP/1.1,contacts,,200,,,http://20.210.36.32:8080/prediction/knn,,
http_req_blocked,1678217708,2.192557,,,,true,,POST,http://20.210.36.32:8080/prediction/knn,HTTP/1.1,contacts,,200,,,http://20.210.36.32:8080/prediction/knn,,
http_req_connecting,1678217708,2.129559,,,,true,,POST,http://20.210.36.32:8080/prediction/knn,HTTP/1.1,contacts,,200,,,http://20.210.36.32:8080/prediction/knn,,
http_req_tls_handshaking,1678217708,0.000000,,,,true,,POST,http://20.210.36.32:8080/prediction/knn,HTTP/1.1,contacts,,200,,,http://20.210.36.32:8080/prediction/knn,,
http_req_sending,1678217708,0.071798,,,,true,,POST,http://20.210.36.32:8080/prediction/knn,HTTP/1.1,contacts,,200,,,http://20.210.36.32:8080/prediction/knn,,
http_req_waiting,1678217708,391.242826,,,,true,,POST,http://20.210.36.32:8080/prediction/knn,HTTP/1.1,contacts,,200,,,http://20.210.36.32:8080/prediction/knn,,
http_req_receiving,1678217708,11.258579,,,,true,,POST,http://20.210.36.32:8080/prediction/knn,HTTP/1.1,contacts,,200,,,http://20.210.36.32:8080/prediction/knn,,
http_req_failed,1678217708,0.000000,,,,true,,POST,http://20.210.36.32:8080/prediction/knn,HTTP/1.1,contacts,,200,,,http://20.210.36.32:8080/prediction/knn,,
responseTime,1678217708,402.573203,,,,,,,,,contacts,,,,,,,
data_sent,1678217708,2088.000000,,,,,,,,,contacts,,,,,,,
data_received,1678217708,199.000000,,,,,,,,,contacts,,,,,,,
iteration_duration,1678217708,405.241651,,,,,,,,,contacts,,,,,,,
iterations,1678217708,1.000000,,,,,,,,,contacts,,,,,,,
http_reqs,1678217708,1.000000,,,,true,,POST,http://20.210.36.32:8080/prediction/knn,HTTP/1.1,contacts,,200,,,http://20.210.36.32:8080/prediction/knn,,
http_req_duration,1678217708,383.417879,,,,true,,POST,http://20.210.36.32:8080/prediction/knn,HTTP/1.1,contacts,,200,,,http://20.210.36.32:8080/prediction/knn,,
http_req_blocked,1678217708,2.333554,,,,true,,POST,http://20.210.36.32:8080/prediction/knn,HTTP/1.1,contacts,,200,,,http://20.210.36.32:8080/prediction/knn,,
http_req_connecting,1678217708,2.198857,,,,true,,POST,http://20.210.36.32:8080/prediction/knn,HTTP/1.1,contacts,,200,,,http://20.210.36.32:8080/prediction/knn,,
http_req_tls_handshaking,1678217708,0.000000,,,,true,,POST,http://20.210.36.32:8080/prediction/knn,HTTP/1.1,contacts,,200,,,http://20.210.36.32:8080/prediction/knn,,
http_req_sending,1678217708,0.142297,,,,true,,POST,http://20.210.36.32:8080/prediction/knn,HTTP/1.1,contacts,,200,,,http://20.210.36.32:8080/prediction/knn,,
http_req_waiting,1678217708,383.182484,,,,true,,POST,http://20.210.36.32:8080/prediction/knn,HTTP/1.1,contacts,,200,,,http://20.210.36.32:8080/prediction/knn,,
http_req_receiving,1678217708,0.093098,,,,true,,POST,http://20.210.36.32:8080/prediction/knn,HTTP/1.1,contacts,,200,,,http://20.210.36.32:8080/prediction/knn,,
http_req_failed,1678217708,0.000000,,,,true,,POST,http://20.210.36.32:8080/prediction/knn,HTTP/1.1,contacts,,200,,,http://20.210.36.32:8080/prediction/knn,,
responseTime,1678217708,383.417879,,,,,,,,,contacts,,,,,,,
data_sent,1678217708,2088.000000,,,,,,,,,contacts,,,,,,,
data_received,1678217708,199.000000,,,,,,,,,contacts,,,,,,,
iteration_duration,1678217708,386.283023,,,,,,,,,contacts,,,,,,,
iterations,1678217708,1.000000,,,,,,,,,contacts,,,,,,,
http_reqs,1678217708,1.000000,,,,true,,POST,http://20.210.36.32:8080/prediction/knn,HTTP/1.1,contacts,,200,,,http://20.210.36.32:8080/prediction/knn,,
http_req_duration,1678217708,385.423540,,,,true,,POST,http://20.210.36.32:8080/prediction/knn,HTTP/1.1,contacts,,200,,,http://20.210.36.32:8080/prediction/knn,,
http_req_blocked,1678217708,4.745406,,,,true,,POST,http://20.210.36.32:8080/prediction/knn,HTTP/1.1,contacts,,200,,,http://20.210.36.32:8080/prediction/knn,,
http_req_connecting,1678217708,4.681608,,,,true,,POST,http://20.210.36.32:8080/prediction/knn,HTTP/1.1,contacts,,200,,,http://20.210.36.32:8080/prediction/knn,,
http_req_tls_handshaking,1678217708,0.000000,,,,true,,POST,http://20.210.36.32:8080/prediction/knn,HTTP/1.1,contacts,,200,,,http://20.210.36.32:8080/prediction/knn,,
http_req_sending,1678217708,0.061599,,,,true,,POST,http://20.210.36.32:8080/prediction/knn,HTTP/1.1,contacts,,200,,,http://20.210.36.32:8080/prediction/knn,,
http_req_waiting,1678217708,385.284143,,,,true,,POST,http://20.210.36.32:8080/prediction/knn,HTTP/1.1,contacts,,200,,,http://20.210.36.32:8080/prediction/knn,,
http_req_receiving,1678217708,0.077798,,,,true,,POST,http://20.210.36.32:8080/prediction/knn,HTTP/1.1,contacts,,200,,,http://20.210.36.32:8080/prediction/knn,,
http_req_failed,1678217708,0.000000,,,,true,,POST,http://20.210.36.32:8080/prediction/knn,HTTP/1.1,contacts,,200,,,http://20.210.36.32:8080/prediction/knn,,
responseTime,1678217708,385.423540,,,,,,,,,contacts,,,,,,,
data_sent,1678217708,2088.000000,,,,,,,,,contacts,,,,,,,
data_received,1678217708,199.000000,,,,,,,,,contacts,,,,,,,
iteration_duration,1678217708,390.568839,,,,,,,,,contacts,,,,,,,
iterations,1678217708,1.000000,,,,,,,,,contacts,,,,,,,
http_reqs,1678217708,1.000000,,,,true,,POST,http://20.210.36.32:8080/prediction/knn,HTTP/1.1,contacts,,200,,,http://20.210.36.32:8080/prediction/knn,,
http_req_duration,1678217708,400.964035,,,,true,,POST,http://20.210.36.32:8080/prediction/knn,HTTP/1.1,contacts,,200,,,http://20.210.36.32:8080/prediction/knn,,
http_req_blocked,1678217708,4.133919,,,,true,,POST,http://20.210.36.32:8080/prediction/knn,HTTP/1.1,contacts,,200,,,http://20.210.36.32:8080/prediction/knn,,
http_req_connecting,1678217708,4.021021,,,,true,,POST,http://20.210.36.32:8080/prediction/knn,HTTP/1.1,contacts,,200,,,http://20.210.36.32:8080/prediction/knn,,
http_req_tls_handshaking,1678217708,0.000000,,,,true,,POST,http://20.210.36.32:8080/prediction/knn,HTTP/1.1,contacts,,200,,,http://20.210.36.32:8080/prediction/knn,,
http_req_sending,1678217708,0.075699,,,,true,,POST,http://20.210.36.32:8080/prediction/knn,HTTP/1.1,contacts,,200,,,http://20.210.36.32:8080/prediction/knn,,
http_req_waiting,1678217708,384.898150,,,,true,,POST,http://20.210.36.32:8080/prediction/knn,HTTP/1.1,contacts,,200,,,http://20.210.36.32:8080/prediction/knn,,
http_req_receiving,1678217708,15.990186,,,,true,,POST,http://20.210.36.32:8080/prediction/knn,HTTP/1.1,contacts,,200,,,http://20.210.36.32:8080/prediction/knn,,
http_req_failed,1678217708,0.000000,,,,true,,POST,http://20.210.36.32:8080/prediction/knn,HTTP/1.1,contacts,,200,,,http://20.210.36.32:8080/prediction/knn,,
responseTime,1678217708,400.964035,,,,,,,,,contacts,,,,,,,
data_sent,1678217708,2088.000000,,,,,,,,,contacts,,,,,,,
data_received,1678217708,199.000000,,,,,,,,,contacts,,,,,,,
iteration_duration,1678217708,406.021536,,,,,,,,,contacts,,,,,,,
iterations,1678217708,1.000000,,,,,,,,,contacts,,,,,,,
http_reqs,1678217708,1.000000,,,,true,,POST,http://20.210.36.32:8080/prediction/knn,HTTP/1.1,contacts,,200,,,http://20.210.36.32:8080/prediction/knn,,
http_req_duration,1678217708,317.307376,,,,true,,POST,http://20.210.36.32:8080/prediction/knn,HTTP/1.1,contacts,,200,,,http://20.210.36.32:8080/prediction/knn,,
http_req_blocked,1678217708,4.333015,,,,true,,POST,http://20.210.36.32:8080/prediction/knn,HTTP/1.1,contacts,,200,,,http://20.210.36.32:8080/prediction/knn,,
http_req_connecting,1678217708,4.227617,,,,true,,POST,http://20.210.36.32:8080/prediction/knn,HTTP/1.1,contacts,,200,,,http://20.210.36.32:8080/prediction/knn,,
http_req_tls_handshaking,1678217708,0.000000,,,,true,,POST,http://20.210.36.32:8080/prediction/knn,HTTP/1.1,contacts,,200,,,http://20.210.36.32:8080/prediction/knn,,
http_req_sending,1678217708,0.063299,,,,true,,POST,http://20.210.36.32:8080/prediction/knn,HTTP/1.1,contacts,,200,,,http://20.210.36.32:8080/prediction/knn,,
http_req_waiting,1678217708,317.180178,,,,true,,POST,http://20.210.36.32:8080/prediction/knn,HTTP/1.1,contacts,,200,,,http://20.210.36.32:8080/prediction/knn,,
http_req_receiving,1678217708,0.063899,,,,true,,POST,http://20.210.36.32:8080/prediction/knn,HTTP/1.1,contacts,,200,,,http://20.210.36.32:8080/prediction/knn,,
http_req_failed,1678217708,0.000000,,,,true,,POST,http://20.210.36.32:8080/prediction/knn,HTTP/1.1,contacts,,200,,,http://20.210.36.32:8080/prediction/knn,,
responseTime,1678217708,317.307376,,,,,,,,,contacts,,,,,,,
data_sent,1678217708,2088.000000,,,,,,,,,contacts,,,,,,,
data_received,1678217708,199.000000,,,,,,,,,contacts,,,,,,,
iteration_duration,1678217708,321.989085,,,,,,,,,contacts,,,,,,,
iterations,1678217708,1.000000,,,,,,,,,contacts,,,,,,,
http_reqs,1678217708,1.000000,,,,true,,POST,http://20.210.36.32:8080/prediction/knn,HTTP/1.1,contacts,,200,,,http://20.210.36.32:8080/prediction/knn,,
http_req_duration,1678217708,403.427987,,,,true,,POST,http://20.210.36.32:8080/prediction/knn,HTTP/1.1,contacts,,200,,,http://20.210.36.32:8080/prediction/knn,,
http_req_blocked,1678217708,4.198117,,,,true,,POST,http://20.210.36.32:8080/prediction/knn,HTTP/1.1,contacts,,200,,,http://20.210.36.32:8080/prediction/knn,,
http_req_connecting,1678217708,4.121819,,,,true,,POST,http://20.210.36.32:8080/prediction/knn,HTTP/1.1,contacts,,200,,,http://20.210.36.32:8080/prediction/knn,,
http_req_tls_handshaking,1678217708,0.000000,,,,true,,POST,http://20.210.36.32:8080/prediction/knn,HTTP/1.1,contacts,,200,,,http://20.210.36.32:8080/prediction/knn,,
http_req_sending,1678217708,0.072798,,,,true,,POST,http://20.210.36.32:8080/prediction/knn,HTTP/1.1,contacts,,200,,,http://20.210.36.32:8080/prediction/knn,,
http_req_waiting,1678217708,403.198992,,,,true,,POST,http://20.210.36.32:8080/prediction/knn,HTTP/1.1,contacts,,200,,,http://20.210.36.32:8080/prediction/knn,,
http_req_receiving,1678217708,0.156197,,,,true,,POST,http://20.210.36.32:8080/prediction/knn,HTTP/1.1,contacts,,200,,,http://20.210.36.32:8080/prediction/knn,,
http_req_failed,1678217708,0.000000,,,,true,,POST,http://20.210.36.32:8080/prediction/knn,HTTP/1.1,contacts,,200,,,http://20.210.36.32:8080/prediction/knn,,
responseTime,1678217708,403.427987,,,,,,,,,contacts,,,,,,,
data_sent,1678217708,2088.000000,,,,,,,,,contacts,,,,,,,
data_received,1678217708,199.000000,,,,,,,,,contacts,,,,,,,
iteration_duration,1678217708,408.110895,,,,,,,,,contacts,,,,,,,
iterations,1678217708,1.000000,,,,,,,,,contacts,,,,,,,
http_reqs,1678217708,1.000000,,,,true,,POST,http://20.210.36.32:8080/prediction/knn,HTTP/1.1,contacts,,200,,,http://20.210.36.32:8080/prediction/knn,,
http_req_duration,1678217708,285.777894,,,,true,,POST,http://20.210.36.32:8080/prediction/knn,HTTP/1.1,contacts,,200,,,http://20.210.36.32:8080/prediction/knn,,
http_req_blocked,1678217708,4.242116,,,,true,,POST,http://20.210.36.32:8080/prediction/knn,HTTP/1.1,contacts,,200,,,http://20.210.36.32:8080/prediction/knn,,
http_req_connecting,1678217708,4.150319,,,,true,,POST,http://20.210.36.32:8080/prediction/knn,HTTP/1.1,contacts,,200,,,http://20.210.36.32:8080/prediction/knn,,
http_req_tls_handshaking,1678217708,0.000000,,,,true,,POST,http://20.210.36.32:8080/prediction/knn,HTTP/1.1,contacts,,200,,,http://20.210.36.32:8080/prediction/knn,,
http_req_sending,1678217708,0.075398,,,,true,,POST,http://20.210.36.32:8080/prediction/knn,HTTP/1.1,contacts,,200,,,http://20.210.36.32:8080/prediction/knn,,
http_req_waiting,1678217708,285.647098,,,,true,,POST,http://20.210.36.32:8080/prediction/knn,HTTP/1.1,contacts,,200,,,http://20.210.36.32:8080/prediction/knn,,
http_req_receiving,1678217708,0.055398,,,,true,,POST,http://20.210.36.32:8080/prediction/knn,HTTP/1.1,contacts,,200,,,http://20.210.36.32:8080/prediction/knn,,
http_req_failed,1678217708,0.000000,,,,true,,POST,http://20.210.36.32:8080/prediction/knn,HTTP/1.1,contacts,,200,,,http://20.210.36.32:8080/prediction/knn,,
http_reqs,1678217708,1.000000,,,,true,,POST,http://20.210.36.32:8080/prediction/knn,HTTP/1.1,contacts,,200,,,http://20.210.36.32:8080/prediction/knn,,
http_req_duration,1678217708,385.474739,,,,true,,POST,http://20.210.36.32:8080/prediction/knn,HTTP/1.1,contacts,,200,,,http://20.210.36.32:8080/prediction/knn,,
http_req_blocked,1678217708,3.859624,,,,true,,POST,http://20.210.36.32:8080/prediction/knn,HTTP/1.1,contacts,,200,,,http://20.210.36.32:8080/prediction/knn,,
http_req_connecting,1678217708,3.808525,,,,true,,POST,http://20.210.36.32:8080/prediction/knn,HTTP/1.1,contacts,,200,,,http://20.210.36.32:8080/prediction/knn,,
http_req_tls_handshaking,1678217708,0.000000,,,,true,,POST,http://20.210.36.32:8080/prediction/knn,HTTP/1.1,contacts,,200,,,http://20.210.36.32:8080/prediction/knn,,
http_req_sending,1678217708,0.071199,,,,true,,POST,http://20.210.36.32:8080/prediction/knn,HTTP/1.1,contacts,,200,,,http://20.210.36.32:8080/prediction/knn,,
http_req_waiting,1678217708,385.300842,,,,true,,POST,http://20.210.36.32:8080/prediction/knn,HTTP/1.1,contacts,,200,,,http://20.210.36.32:8080/prediction/knn,,
http_req_receiving,1678217708,0.102698,,,,true,,POST,http://20.210.36.32:8080/prediction/knn,HTTP/1.1,contacts,,200,,,http://20.210.36.32:8080/prediction/knn,,
http_req_failed,1678217708,0.000000,,,,true,,POST,http://20.210.36.32:8080/prediction/knn,HTTP/1.1,contacts,,200,,,http://20.210.36.32:8080/prediction/knn,,
http_reqs,1678217708,1.000000,,,,true,,POST,http://20.210.36.32:8080/prediction/knn,HTTP/1.1,contacts,,200,,,http://20.210.36.32:8080/prediction/knn,,
http_req_duration,1678217708,348.537063,,,,true,,POST,http://20.210.36.32:8080/prediction/knn,HTTP/1.1,contacts,,200,,,http://20.210.36.32:8080/prediction/knn,,
http_req_blocked,1678217708,4.262316,,,,true,,POST,http://20.210.36.32:8080/prediction/knn,HTTP/1.1,contacts,,200,,,http://20.210.36.32:8080/prediction/knn,,
http_req_connecting,1678217708,4.189818,,,,true,,POST,http://20.210.36.32:8080/prediction/knn,HTTP/1.1,contacts,,200,,,http://20.210.36.32:8080/prediction/knn,,
http_req_tls_handshaking,1678217708,0.000000,,,,true,,POST,http://20.210.36.32:8080/prediction/knn,HTTP/1.1,contacts,,200,,,http://20.210.36.32:8080/prediction/knn,,
http_req_sending,1678217708,0.063599,,,,true,,POST,http://20.210.36.32:8080/prediction/knn,HTTP/1.1,contacts,,200,,,http://20.210.36.32:8080/prediction/knn,,
http_req_waiting,1678217708,348.396066,,,,true,,POST,http://20.210.36.32:8080/prediction/knn,HTTP/1.1,contacts,,200,,,http://20.210.36.32:8080/prediction/knn,,
http_req_receiving,1678217708,0.077398,,,,true,,POST,http://20.210.36.32:8080/prediction/knn,HTTP/1.1,contacts,,200,,,http://20.210.36.32:8080/prediction/knn,,
http_req_failed,1678217708,0.000000,,,,true,,POST,http://20.210.36.32:8080/prediction/knn,HTTP/1.1,contacts,,200,,,http://20.210.36.32:8080/prediction/knn,,
responseTime,1678217708,285.777894,,,,,,,,,contacts,,,,,,,
data_sent,1678217708,2088.000000,,,,,,,,,contacts,,,,,,,
data_received,1678217708,199.000000,,,,,,,,,contacts,,,,,,,
iteration_duration,1678217708,291.729278,,,,,,,,,contacts,,,,,,,
iterations,1678217708,1.000000,,,,,,,,,contacts,,,,,,,
http_reqs,1678217708,1.000000,,,,true,,POST,http://20.210.36.32:8080/prediction/knn,HTTP/1.1,contacts,,200,,,http://20.210.36.32:8080/prediction/knn,,
http_req_duration,1678217708,383.251582,,,,true,,POST,http://20.210.36.32:8080/prediction/knn,HTTP/1.1,contacts,,200,,,http://20.210.36.32:8080/prediction/knn,,
http_req_blocked,1678217708,3.748426,,,,true,,POST,http://20.210.36.32:8080/prediction/knn,HTTP/1.1,contacts,,200,,,http://20.210.36.32:8080/prediction/knn,,
http_req_connecting,1678217708,3.684928,,,,true,,POST,http://20.210.36.32:8080/prediction/knn,HTTP/1.1,contacts,,200,,,http://20.210.36.32:8080/prediction/knn,,
http_req_tls_handshaking,1678217708,0.000000,,,,true,,POST,http://20.210.36.32:8080/prediction/knn,HTTP/1.1,contacts,,200,,,http://20.210.36.32:8080/prediction/knn,,
http_req_sending,1678217708,0.068098,,,,true,,POST,http://20.210.36.32:8080/prediction/knn,HTTP/1.1,contacts,,200,,,http://20.210.36.32:8080/prediction/knn,,
http_req_waiting,1678217708,383.114686,,,,true,,POST,http://20.210.36.32:8080/prediction/knn,HTTP/1.1,contacts,,200,,,http://20.210.36.32:8080/prediction/knn,,
http_req_receiving,1678217708,0.068798,,,,true,,POST,http://20.210.36.32:8080/prediction/knn,HTTP/1.1,contacts,,200,,,http://20.210.36.32:8080/prediction/knn,,
http_req_failed,1678217708,0.000000,,,,true,,POST,http://20.210.36.32:8080/prediction/knn,HTTP/1.1,contacts,,200,,,http://20.210.36.32:8080/prediction/knn,,
responseTime,1678217708,385.474739,,,,,,,,,contacts,,,,,,,
data_sent,1678217708,2088.000000,,,,,,,,,contacts,,,,,,,
data_received,1678217708,199.000000,,,,,,,,,contacts,,,,,,,
iteration_duration,1678217708,390.986231,,,,,,,,,contacts,,,,,,,
iterations,1678217708,1.000000,,,,,,,,,contacts,,,,,,,
http_reqs,1678217708,1.000000,,,,true,,POST,http://20.210.36.32:8080/prediction/knn,HTTP/1.1,contacts,,200,,,http://20.210.36.32:8080/prediction/knn,,
http_req_duration,1678217708,253.053337,,,,true,,POST,http://20.210.36.32:8080/prediction/knn,HTTP/1.1,contacts,,200,,,http://20.210.36.32:8080/prediction/knn,,
http_req_blocked,1678217708,4.164019,,,,true,,POST,http://20.210.36.32:8080/prediction/knn,HTTP/1.1,contacts,,200,,,http://20.210.36.32:8080/prediction/knn,,
http_req_connecting,1678217708,4.090319,,,,true,,POST,http://20.210.36.32:8080/prediction/knn,HTTP/1.1,contacts,,200,,,http://20.210.36.32:8080/prediction/knn,,
http_req_tls_handshaking,1678217708,0.000000,,,,true,,POST,http://20.210.36.32:8080/prediction/knn,HTTP/1.1,contacts,,200,,,http://20.210.36.32:8080/prediction/knn,,
http_req_sending,1678217708,0.068599,,,,true,,POST,http://20.210.36.32:8080/prediction/knn,HTTP/1.1,contacts,,200,,,http://20.210.36.32:8080/prediction/knn,,
http_req_waiting,1678217708,252.921739,,,,true,,POST,http://20.210.36.32:8080/prediction/knn,HTTP/1.1,contacts,,200,,,http://20.210.36.32:8080/prediction/knn,,
http_req_receiving,1678217708,0.062999,,,,true,,POST,http://20.210.36.32:8080/prediction/knn,HTTP/1.1,contacts,,200,,,http://20.210.36.32:8080/prediction/knn,,
http_req_failed,1678217708,0.000000,,,,true,,POST,http://20.210.36.32:8080/prediction/knn,HTTP/1.1,contacts,,200,,,http://20.210.36.32:8080/prediction/knn,,
responseTime,1678217708,253.053337,,,,,,,,,contacts,,,,,,,
data_sent,1678217708,2088.000000,,,,,,,,,contacts,,,,,,,
data_received,1678217708,199.000000,,,,,,,,,contacts,,,,,,,
iteration_duration,1678217708,257.966740,,,,,,,,,contacts,,,,,,,
iterations,1678217708,1.000000,,,,,,,,,contacts,,,,,,,
responseTime,1678217708,383.251582,,,,,,,,,contacts,,,,,,,
data_sent,1678217708,2088.000000,,,,,,,,,contacts,,,,,,,
data_received,1678217708,199.000000,,,,,,,,,contacts,,,,,,,
iteration_duration,1678217708,388.225185,,,,,,,,,contacts,,,,,,,
iterations,1678217708,1.000000,,,,,,,,,contacts,,,,,,,
responseTime,1678217708,348.537063,,,,,,,,,contacts,,,,,,,
data_sent,1678217708,2088.000000,,,,,,,,,contacts,,,,,,,
data_received,1678217708,199.000000,,,,,,,,,contacts,,,,,,,
iteration_duration,1678217708,355.364730,,,,,,,,,contacts,,,,,,,
iterations,1678217708,1.000000,,,,,,,,,contacts,,,,,,,
http_reqs,1678217708,1.000000,,,,true,,POST,http://20.210.36.32:8080/prediction/knn,HTTP/1.1,contacts,,200,,,http://20.210.36.32:8080/prediction/knn,,
http_req_duration,1678217708,239.224807,,,,true,,POST,http://20.210.36.32:8080/prediction/knn,HTTP/1.1,contacts,,200,,,http://20.210.36.32:8080/prediction/knn,,
http_req_blocked,1678217708,3.985122,,,,true,,POST,http://20.210.36.32:8080/prediction/knn,HTTP/1.1,contacts,,200,,,http://20.210.36.32:8080/prediction/knn,,
http_req_connecting,1678217708,3.900624,,,,true,,POST,http://20.210.36.32:8080/prediction/knn,HTTP/1.1,contacts,,200,,,http://20.210.36.32:8080/prediction/knn,,
http_req_tls_handshaking,1678217708,0.000000,,,,true,,POST,http://20.210.36.32:8080/prediction/knn,HTTP/1.1,contacts,,200,,,http://20.210.36.32:8080/prediction/knn,,
http_req_sending,1678217708,0.102198,,,,true,,POST,http://20.210.36.32:8080/prediction/knn,HTTP/1.1,contacts,,200,,,http://20.210.36.32:8080/prediction/knn,,
http_req_waiting,1678217708,237.766036,,,,true,,POST,http://20.210.36.32:8080/prediction/knn,HTTP/1.1,contacts,,200,,,http://20.210.36.32:8080/prediction/knn,,
http_req_receiving,1678217708,1.356573,,,,true,,POST,http://20.210.36.32:8080/prediction/knn,HTTP/1.1,contacts,,200,,,http://20.210.36.32:8080/prediction/knn,,
http_req_failed,1678217708,0.000000,,,,true,,POST,http://20.210.36.32:8080/prediction/knn,HTTP/1.1,contacts,,200,,,http://20.210.36.32:8080/prediction/knn,,
responseTime,1678217708,239.224807,,,,,,,,,contacts,,,,,,,
data_sent,1678217708,2088.000000,,,,,,,,,contacts,,,,,,,
data_received,1678217708,199.000000,,,,,,,,,contacts,,,,,,,
iteration_duration,1678217708,243.939515,,,,,,,,,contacts,,,,,,,
iterations,1678217708,1.000000,,,,,,,,,contacts,,,,,,,
http_reqs,1678217708,1.000000,,,,true,,POST,http://20.210.36.32:8080/prediction/knn,HTTP/1.1,contacts,,200,,,http://20.210.36.32:8080/prediction/knn,,
http_req_duration,1678217708,289.489622,,,,true,,POST,http://20.210.36.32:8080/prediction/knn,HTTP/1.1,contacts,,200,,,http://20.210.36.32:8080/prediction/knn,,
http_req_blocked,1678217708,4.264717,,,,true,,POST,http://20.210.36.32:8080/prediction/knn,HTTP/1.1,contacts,,200,,,http://20.210.36.32:8080/prediction/knn,,
http_req_connecting,1678217708,4.186718,,,,true,,POST,http://20.210.36.32:8080/prediction/knn,HTTP/1.1,contacts,,200,,,http://20.210.36.32:8080/prediction/knn,,
http_req_tls_handshaking,1678217708,0.000000,,,,true,,POST,http://20.210.36.32:8080/prediction/knn,HTTP/1.1,contacts,,200,,,http://20.210.36.32:8080/prediction/knn,,
http_req_sending,1678217708,0.070299,,,,true,,POST,http://20.210.36.32:8080/prediction/knn,HTTP/1.1,contacts,,200,,,http://20.210.36.32:8080/prediction/knn,,
http_req_waiting,1678217708,289.264926,,,,true,,POST,http://20.210.36.32:8080/prediction/knn,HTTP/1.1,contacts,,200,,,http://20.210.36.32:8080/prediction/knn,,
http_req_receiving,1678217708,0.154397,,,,true,,POST,http://20.210.36.32:8080/prediction/knn,HTTP/1.1,contacts,,200,,,http://20.210.36.32:8080/prediction/knn,,
http_req_failed,1678217708,0.000000,,,,true,,POST,http://20.210.36.32:8080/prediction/knn,HTTP/1.1,contacts,,200,,,http://20.210.36.32:8080/prediction/knn,,
responseTime,1678217708,289.489622,,,,,,,,,contacts,,,,,,,
data_sent,1678217708,2088.000000,,,,,,,,,contacts,,,,,,,
data_received,1678217708,199.000000,,,,,,,,,contacts,,,,,,,
iteration_duration,1678217708,294.060832,,,,,,,,,contacts,,,,,,,
iterations,1678217708,1.000000,,,,,,,,,contacts,,,,,,,
http_reqs,1678217708,1.000000,,,,true,,POST,http://20.210.36.32:8080/prediction/knn,HTTP/1.1,contacts,,200,,,http://20.210.36.32:8080/prediction/knn,,
http_req_duration,1678217708,368.460172,,,,true,,POST,http://20.210.36.32:8080/prediction/knn,HTTP/1.1,contacts,,200,,,http://20.210.36.32:8080/prediction/knn,,
http_req_blocked,1678217708,4.451013,,,,true,,POST,http://20.210.36.32:8080/prediction/knn,HTTP/1.1,contacts,,200,,,http://20.210.36.32:8080/prediction/knn,,
http_req_connecting,1678217708,4.374115,,,,true,,POST,http://20.210.36.32:8080/prediction/knn,HTTP/1.1,contacts,,200,,,http://20.210.36.32:8080/prediction/knn,,
http_req_tls_handshaking,1678217708,0.000000,,,,true,,POST,http://20.210.36.32:8080/prediction/knn,HTTP/1.1,contacts,,200,,,http://20.210.36.32:8080/prediction/knn,,
http_req_sending,1678217708,0.091898,,,,true,,POST,http://20.210.36.32:8080/prediction/knn,HTTP/1.1,contacts,,200,,,http://20.210.36.32:8080/prediction/knn,,
http_req_waiting,1678217708,366.285315,,,,true,,POST,http://20.210.36.32:8080/prediction/knn,HTTP/1.1,contacts,,200,,,http://20.210.36.32:8080/prediction/knn,,
http_req_receiving,1678217708,2.082959,,,,true,,POST,http://20.210.36.32:8080/prediction/knn,HTTP/1.1,contacts,,200,,,http://20.210.36.32:8080/prediction/knn,,
http_req_failed,1678217708,0.000000,,,,true,,POST,http://20.210.36.32:8080/prediction/knn,HTTP/1.1,contacts,,200,,,http://20.210.36.32:8080/prediction/knn,,
responseTime,1678217708,368.460172,,,,,,,,,contacts,,,,,,,
data_sent,1678217708,2088.000000,,,,,,,,,contacts,,,,,,,
data_received,1678217708,199.000000,,,,,,,,,contacts,,,,,,,
iteration_duration,1678217708,373.274978,,,,,,,,,contacts,,,,,,,
iterations,1678217708,1.000000,,,,,,,,,contacts,,,,,,,
http_reqs,1678217708,1.000000,,,,true,,POST,http://20.210.36.32:8080/prediction/knn,HTTP/1.1,contacts,,200,,,http://20.210.36.32:8080/prediction/knn,,
http_req_duration,1678217708,305.768502,,,,true,,POST,http://20.210.36.32:8080/prediction/knn,HTTP/1.1,contacts,,200,,,http://20.210.36.32:8080/prediction/knn,,
http_req_blocked,1678217708,4.740207,,,,true,,POST,http://20.210.36.32:8080/prediction/knn,HTTP/1.1,contacts,,200,,,http://20.210.36.32:8080/prediction/knn,,
http_req_connecting,1678217708,4.465712,,,,true,,POST,http://20.210.36.32:8080/prediction/knn,HTTP/1.1,contacts,,200,,,http://20.210.36.32:8080/prediction/knn,,
http_req_tls_handshaking,1678217708,0.000000,,,,true,,POST,http://20.210.36.32:8080/prediction/knn,HTTP/1.1,contacts,,200,,,http://20.210.36.32:8080/prediction/knn,,
http_req_sending,1678217708,0.119598,,,,true,,POST,http://20.210.36.32:8080/prediction/knn,HTTP/1.1,contacts,,200,,,http://20.210.36.32:8080/prediction/knn,,
http_req_waiting,1678217708,304.957518,,,,true,,POST,http://20.210.36.32:8080/prediction/knn,HTTP/1.1,contacts,,200,,,http://20.210.36.32:8080/prediction/knn,,
http_req_receiving,1678217708,0.691386,,,,true,,POST,http://20.210.36.32:8080/prediction/knn,HTTP/1.1,contacts,,200,,,http://20.210.36.32:8080/prediction/knn,,
http_req_failed,1678217708,0.000000,,,,true,,POST,http://20.210.36.32:8080/prediction/knn,HTTP/1.1,contacts,,200,,,http://20.210.36.32:8080/prediction/knn,,
responseTime,1678217708,305.768502,,,,,,,,,contacts,,,,,,,
data_sent,1678217708,2088.000000,,,,,,,,,contacts,,,,,,,
data_received,1678217708,199.000000,,,,,,,,,contacts,,,,,,,
iteration_duration,1678217708,311.211896,,,,,,,,,contacts,,,,,,,
iterations,1678217708,1.000000,,,,,,,,,contacts,,,,,,,
http_reqs,1678217708,1.000000,,,,true,,POST,http://20.210.36.32:8080/prediction/knn,HTTP/1.1,contacts,,200,,,http://20.210.36.32:8080/prediction/knn,,
http_req_duration,1678217708,335.738314,,,,true,,POST,http://20.210.36.32:8080/prediction/knn,HTTP/1.1,contacts,,200,,,http://20.210.36.32:8080/prediction/knn,,
http_req_blocked,1678217708,3.820525,,,,true,,POST,http://20.210.36.32:8080/prediction/knn,HTTP/1.1,contacts,,200,,,http://20.210.36.32:8080/prediction/knn,,
http_req_connecting,1678217708,3.744427,,,,true,,POST,http://20.210.36.32:8080/prediction/knn,HTTP/1.1,contacts,,200,,,http://20.210.36.32:8080/prediction/knn,,
http_req_tls_handshaking,1678217708,0.000000,,,,true,,POST,http://20.210.36.32:8080/prediction/knn,HTTP/1.1,contacts,,200,,,http://20.210.36.32:8080/prediction/knn,,
http_req_sending,1678217708,0.081798,,,,true,,POST,http://20.210.36.32:8080/prediction/knn,HTTP/1.1,contacts,,200,,,http://20.210.36.32:8080/prediction/knn,,
http_req_waiting,1678217708,335.475420,,,,true,,POST,http://20.210.36.32:8080/prediction/knn,HTTP/1.1,contacts,,200,,,http://20.210.36.32:8080/prediction/knn,,
http_req_receiving,1678217708,0.181096,,,,true,,POST,http://20.210.36.32:8080/prediction/knn,HTTP/1.1,contacts,,200,,,http://20.210.36.32:8080/prediction/knn,,
http_req_failed,1678217708,0.000000,,,,true,,POST,http://20.210.36.32:8080/prediction/knn,HTTP/1.1,contacts,,200,,,http://20.210.36.32:8080/prediction/knn,,
responseTime,1678217708,335.738314,,,,,,,,,contacts,,,,,,,
data_sent,1678217708,2088.000000,,,,,,,,,contacts,,,,,,,
data_received,1678217708,199.000000,,,,,,,,,contacts,,,,,,,
iteration_duration,1678217708,340.073529,,,,,,,,,contacts,,,,,,,
iterations,1678217708,1.000000,,,,,,,,,contacts,,,,,,,
http_reqs,1678217708,1.000000,,,,true,,POST,http://20.210.36.32:8080/prediction/knn,HTTP/1.1,contacts,,200,,,http://20.210.36.32:8080/prediction/knn,,
http_req_duration,1678217708,279.533717,,,,true,,POST,http://20.210.36.32:8080/prediction/knn,HTTP/1.1,contacts,,200,,,http://20.210.36.32:8080/prediction/knn,,
http_req_blocked,1678217708,4.097319,,,,true,,POST,http://20.210.36.32:8080/prediction/knn,HTTP/1.1,contacts,,200,,,http://20.210.36.32:8080/prediction/knn,,
http_req_connecting,1678217708,4.011021,,,,true,,POST,http://20.210.36.32:8080/prediction/knn,HTTP/1.1,contacts,,200,,,http://20.210.36.32:8080/prediction/knn,,
http_req_tls_handshaking,1678217708,0.000000,,,,true,,POST,http://20.210.36.32:8080/prediction/knn,HTTP/1.1,contacts,,200,,,http://20.210.36.32:8080/prediction/knn,,
http_req_sending,1678217708,0.089199,,,,true,,POST,http://20.210.36.32:8080/prediction/knn,HTTP/1.1,contacts,,200,,,http://20.210.36.32:8080/prediction/knn,,
http_req_waiting,1678217708,275.260000,,,,true,,POST,http://20.210.36.32:8080/prediction/knn,HTTP/1.1,contacts,,200,,,http://20.210.36.32:8080/prediction/knn,,
http_req_receiving,1678217708,4.184518,,,,true,,POST,http://20.210.36.32:8080/prediction/knn,HTTP/1.1,contacts,,200,,,http://20.210.36.32:8080/prediction/knn,,
http_req_failed,1678217708,0.000000,,,,true,,POST,http://20.210.36.32:8080/prediction/knn,HTTP/1.1,contacts,,200,,,http://20.210.36.32:8080/prediction/knn,,
responseTime,1678217708,279.533717,,,,,,,,,contacts,,,,,,,
data_sent,1678217708,2088.000000,,,,,,,,,contacts,,,,,,,
data_received,1678217708,199.000000,,,,,,,,,contacts,,,,,,,
iteration_duration,1678217708,283.976330,,,,,,,,,contacts,,,,,,,
iterations,1678217708,1.000000,,,,,,,,,contacts,,,,,,,
http_reqs,1678217708,1.000000,,,,true,,POST,http://20.210.36.32:8080/prediction/knn,HTTP/1.1,contacts,,200,,,http://20.210.36.32:8080/prediction/knn,,
http_req_duration,1678217708,323.983645,,,,true,,POST,http://20.210.36.32:8080/prediction/knn,HTTP/1.1,contacts,,200,,,http://20.210.36.32:8080/prediction/knn,,
http_req_blocked,1678217708,4.180918,,,,true,,POST,http://20.210.36.32:8080/prediction/knn,HTTP/1.1,contacts,,200,,,http://20.210.36.32:8080/prediction/knn,,
http_req_connecting,1678217708,4.095120,,,,true,,POST,http://20.210.36.32:8080/prediction/knn,HTTP/1.1,contacts,,200,,,http://20.210.36.32:8080/prediction/knn,,
http_req_tls_handshaking,1678217708,0.000000,,,,true,,POST,http://20.210.36.32:8080/prediction/knn,HTTP/1.1,contacts,,200,,,http://20.210.36.32:8080/prediction/knn,,
http_req_sending,1678217708,0.078498,,,,true,,POST,http://20.210.36.32:8080/prediction/knn,HTTP/1.1,contacts,,200,,,http://20.210.36.32:8080/prediction/knn,,
http_req_waiting,1678217708,321.873087,,,,true,,POST,http://20.210.36.32:8080/prediction/knn,HTTP/1.1,contacts,,200,,,http://20.210.36.32:8080/prediction/knn,,
http_req_receiving,1678217708,2.032060,,,,true,,POST,http://20.210.36.32:8080/prediction/knn,HTTP/1.1,contacts,,200,,,http://20.210.36.32:8080/prediction/knn,,
http_req_failed,1678217708,0.000000,,,,true,,POST,http://20.210.36.32:8080/prediction/knn,HTTP/1.1,contacts,,200,,,http://20.210.36.32:8080/prediction/knn,,
responseTime,1678217708,323.983645,,,,,,,,,contacts,,,,,,,
data_sent,1678217708,2088.000000,,,,,,,,,contacts,,,,,,,
data_received,1678217708,199.000000,,,,,,,,,contacts,,,,,,,
iteration_duration,1678217708,328.550256,,,,,,,,,contacts,,,,,,,
iterations,1678217708,1.000000,,,,,,,,,contacts,,,,,,,
http_reqs,1678217708,1.000000,,,,true,,POST,http://20.210.36.32:8080/prediction/knn,HTTP/1.1,contacts,,200,,,http://20.210.36.32:8080/prediction/knn,,
http_req_duration,1678217708,260.762785,,,,true,,POST,http://20.210.36.32:8080/prediction/knn,HTTP/1.1,contacts,,200,,,http://20.210.36.32:8080/prediction/knn,,
http_req_blocked,1678217708,3.807525,,,,true,,POST,http://20.210.36.32:8080/prediction/knn,HTTP/1.1,contacts,,200,,,http://20.210.36.32:8080/prediction/knn,,
http_req_connecting,1678217708,3.695927,,,,true,,POST,http://20.210.36.32:8080/prediction/knn,HTTP/1.1,contacts,,200,,,http://20.210.36.32:8080/prediction/knn,,
http_req_tls_handshaking,1678217708,0.000000,,,,true,,POST,http://20.210.36.32:8080/prediction/knn,HTTP/1.1,contacts,,200,,,http://20.210.36.32:8080/prediction/knn,,
http_req_sending,1678217708,0.717586,,,,true,,POST,http://20.210.36.32:8080/prediction/knn,HTTP/1.1,contacts,,200,,,http://20.210.36.32:8080/prediction/knn,,
http_req_waiting,1678217708,259.681906,,,,true,,POST,http://20.210.36.32:8080/prediction/knn,HTTP/1.1,contacts,,200,,,http://20.210.36.32:8080/prediction/knn,,
http_req_receiving,1678217708,0.363293,,,,true,,POST,http://20.210.36.32:8080/prediction/knn,HTTP/1.1,contacts,,200,,,http://20.210.36.32:8080/prediction/knn,,
http_req_failed,1678217708,0.000000,,,,true,,POST,http://20.210.36.32:8080/prediction/knn,HTTP/1.1,contacts,,200,,,http://20.210.36.32:8080/prediction/knn,,
responseTime,1678217708,260.762785,,,,,,,,,contacts,,,,,,,
data_sent,1678217708,2088.000000,,,,,,,,,contacts,,,,,,,
data_received,1678217708,199.000000,,,,,,,,,contacts,,,,,,,
iteration_duration,1678217708,265.422793,,,,,,,,,contacts,,,,,,,
iterations,1678217708,1.000000,,,,,,,,,contacts,,,,,,,
vus,1678217708,19.000000,,,,,,,,,,,,,,,,
vus_max,1678217708,100.000000,,,,,,,,,,,,,,,,
http_reqs,1678217708,1.000000,,,,true,,POST,http://20.210.36.32:8080/prediction/knn,HTTP/1.1,contacts,,200,,,http://20.210.36.32:8080/prediction/knn,,
http_req_duration,1678217708,401.262029,,,,true,,POST,http://20.210.36.32:8080/prediction/knn,HTTP/1.1,contacts,,200,,,http://20.210.36.32:8080/prediction/knn,,
http_req_blocked,1678217708,3.982922,,,,true,,POST,http://20.210.36.32:8080/prediction/knn,HTTP/1.1,contacts,,200,,,http://20.210.36.32:8080/prediction/knn,,
http_req_connecting,1678217708,3.855225,,,,true,,POST,http://20.210.36.32:8080/prediction/knn,HTTP/1.1,contacts,,200,,,http://20.210.36.32:8080/prediction/knn,,
http_req_tls_handshaking,1678217708,0.000000,,,,true,,POST,http://20.210.36.32:8080/prediction/knn,HTTP/1.1,contacts,,200,,,http://20.210.36.32:8080/prediction/knn,,
http_req_sending,1678217708,0.147997,,,,true,,POST,http://20.210.36.32:8080/prediction/knn,HTTP/1.1,contacts,,200,,,http://20.210.36.32:8080/prediction/knn,,
http_req_waiting,1678217708,400.967535,,,,true,,POST,http://20.210.36.32:8080/prediction/knn,HTTP/1.1,contacts,,200,,,http://20.210.36.32:8080/prediction/knn,,
http_req_receiving,1678217708,0.146497,,,,true,,POST,http://20.210.36.32:8080/prediction/knn,HTTP/1.1,contacts,,200,,,http://20.210.36.32:8080/prediction/knn,,
http_req_failed,1678217708,0.000000,,,,true,,POST,http://20.210.36.32:8080/prediction/knn,HTTP/1.1,contacts,,200,,,http://20.210.36.32:8080/prediction/knn,,
responseTime,1678217708,401.262029,,,,,,,,,contacts,,,,,,,
data_sent,1678217708,2088.000000,,,,,,,,,contacts,,,,,,,
data_received,1678217708,199.000000,,,,,,,,,contacts,,,,,,,
iteration_duration,1678217708,405.930537,,,,,,,,,contacts,,,,,,,
iterations,1678217708,1.000000,,,,,,,,,contacts,,,,,,,
http_reqs,1678217708,1.000000,,,,true,,POST,http://20.210.36.32:8080/prediction/knn,HTTP/1.1,contacts,,200,,,http://20.210.36.32:8080/prediction/knn,,
http_req_duration,1678217708,423.143600,,,,true,,POST,http://20.210.36.32:8080/prediction/knn,HTTP/1.1,contacts,,200,,,http://20.210.36.32:8080/prediction/knn,,
http_req_blocked,1678217708,4.388913,,,,true,,POST,http://20.210.36.32:8080/prediction/knn,HTTP/1.1,contacts,,200,,,http://20.210.36.32:8080/prediction/knn,,
http_req_connecting,1678217708,4.163219,,,,true,,POST,http://20.210.36.32:8080/prediction/knn,HTTP/1.1,contacts,,200,,,http://20.210.36.32:8080/prediction/knn,,
http_req_tls_handshaking,1678217708,0.000000,,,,true,,POST,http://20.210.36.32:8080/prediction/knn,HTTP/1.1,contacts,,200,,,http://20.210.36.32:8080/prediction/knn,,
http_req_sending,1678217708,0.140997,,,,true,,POST,http://20.210.36.32:8080/prediction/knn,HTTP/1.1,contacts,,200,,,http://20.210.36.32:8080/prediction/knn,,
http_req_waiting,1678217708,415.268355,,,,true,,POST,http://20.210.36.32:8080/prediction/knn,HTTP/1.1,contacts,,200,,,http://20.210.36.32:8080/prediction/knn,,
http_req_receiving,1678217708,7.734248,,,,true,,POST,http://20.210.36.32:8080/prediction/knn,HTTP/1.1,contacts,,200,,,http://20.210.36.32:8080/prediction/knn,,
http_req_failed,1678217708,0.000000,,,,true,,POST,http://20.210.36.32:8080/prediction/knn,HTTP/1.1,contacts,,200,,,http://20.210.36.32:8080/prediction/knn,,
responseTime,1678217708,423.143600,,,,,,,,,contacts,,,,,,,
data_sent,1678217708,2088.000000,,,,,,,,,contacts,,,,,,,
data_received,1678217708,199.000000,,,,,,,,,contacts,,,,,,,
iteration_duration,1678217708,428.053604,,,,,,,,,contacts,,,,,,,
iterations,1678217708,1.000000,,,,,,,,,contacts,,,,,,,
http_reqs,1678217708,1.000000,,,,true,,POST,http://20.210.36.32:8080/prediction/knn,HTTP/1.1,contacts,,200,,,http://20.210.36.32:8080/prediction/knn,,
http_req_duration,1678217708,341.209808,,,,true,,POST,http://20.210.36.32:8080/prediction/knn,HTTP/1.1,contacts,,200,,,http://20.210.36.32:8080/prediction/knn,,
http_req_blocked,1678217708,3.630929,,,,true,,POST,http://20.210.36.32:8080/prediction/knn,HTTP/1.1,contacts,,200,,,http://20.210.36.32:8080/prediction/knn,,
http_req_connecting,1678217708,3.574730,,,,true,,POST,http://20.210.36.32:8080/prediction/knn,HTTP/1.1,contacts,,200,,,http://20.210.36.32:8080/prediction/knn,,
http_req_tls_handshaking,1678217708,0.000000,,,,true,,POST,http://20.210.36.32:8080/prediction/knn,HTTP/1.1,contacts,,200,,,http://20.210.36.32:8080/prediction/knn,,
http_req_sending,1678217708,0.047999,,,,true,,POST,http://20.210.36.32:8080/prediction/knn,HTTP/1.1,contacts,,200,,,http://20.210.36.32:8080/prediction/knn,,
http_req_waiting,1678217708,335.653517,,,,true,,POST,http://20.210.36.32:8080/prediction/knn,HTTP/1.1,contacts,,200,,,http://20.210.36.32:8080/prediction/knn,,
http_req_receiving,1678217708,5.508292,,,,true,,POST,http://20.210.36.32:8080/prediction/knn,HTTP/1.1,contacts,,200,,,http://20.210.36.32:8080/prediction/knn,,
http_req_failed,1678217708,0.000000,,,,true,,POST,http://20.210.36.32:8080/prediction/knn,HTTP/1.1,contacts,,200,,,http://20.210.36.32:8080/prediction/knn,,
responseTime,1678217708,341.209808,,,,,,,,,contacts,,,,,,,
data_sent,1678217708,2088.000000,,,,,,,,,contacts,,,,,,,
data_received,1678217708,199.000000,,,,,,,,,contacts,,,,,,,
iteration_duration,1678217708,345.643020,,,,,,,,,contacts,,,,,,,
iterations,1678217708,1.000000,,,,,,,,,contacts,,,,,,,
http_reqs,1678217708,1.000000,,,,true,,POST,http://20.210.36.32:8080/prediction/knn,HTTP/1.1,contacts,,200,,,http://20.210.36.32:8080/prediction/knn,,
http_req_duration,1678217708,407.954098,,,,true,,POST,http://20.210.36.32:8080/prediction/knn,HTTP/1.1,contacts,,200,,,http://20.210.36.32:8080/prediction/knn,,
http_req_blocked,1678217708,3.978822,,,,true,,POST,http://20.210.36.32:8080/prediction/knn,HTTP/1.1,contacts,,200,,,http://20.210.36.32:8080/prediction/knn,,
http_req_connecting,1678217708,3.856525,,,,true,,POST,http://20.210.36.32:8080/prediction/knn,HTTP/1.1,contacts,,200,,,http://20.210.36.32:8080/prediction/knn,,
http_req_tls_handshaking,1678217708,0.000000,,,,true,,POST,http://20.210.36.32:8080/prediction/knn,HTTP/1.1,contacts,,200,,,http://20.210.36.32:8080/prediction/knn,,
http_req_sending,1678217708,0.076498,,,,true,,POST,http://20.210.36.32:8080/prediction/knn,HTTP/1.1,contacts,,200,,,http://20.210.36.32:8080/prediction/knn,,
http_req_waiting,1678217708,407.798401,,,,true,,POST,http://20.210.36.32:8080/prediction/knn,HTTP/1.1,contacts,,200,,,http://20.210.36.32:8080/prediction/knn,,
http_req_receiving,1678217708,0.079199,,,,true,,POST,http://20.210.36.32:8080/prediction/knn,HTTP/1.1,contacts,,200,,,http://20.210.36.32:8080/prediction/knn,,
http_req_failed,1678217708,0.000000,,,,true,,POST,http://20.210.36.32:8080/prediction/knn,HTTP/1.1,contacts,,200,,,http://20.210.36.32:8080/prediction/knn,,
responseTime,1678217708,407.954098,,,,,,,,,contacts,,,,,,,
data_sent,1678217708,2088.000000,,,,,,,,,contacts,,,,,,,
data_received,1678217708,199.000000,,,,,,,,,contacts,,,,,,,
iteration_duration,1678217708,412.412311,,,,,,,,,contacts,,,,,,,
iterations,1678217708,1.000000,,,,,,,,,contacts,,,,,,,
http_reqs,1678217708,1.000000,,,,true,,POST,http://20.210.36.32:8080/prediction/knn,HTTP/1.1,contacts,,200,,,http://20.210.36.32:8080/prediction/knn,,
http_req_duration,1678217708,433.535997,,,,true,,POST,http://20.210.36.32:8080/prediction/knn,HTTP/1.1,contacts,,200,,,http://20.210.36.32:8080/prediction/knn,,
http_req_blocked,1678217708,4.473412,,,,true,,POST,http://20.210.36.32:8080/prediction/knn,HTTP/1.1,contacts,,200,,,http://20.210.36.32:8080/prediction/knn,,
http_req_connecting,1678217708,4.373314,,,,true,,POST,http://20.210.36.32:8080/prediction/knn,HTTP/1.1,contacts,,200,,,http://20.210.36.32:8080/prediction/knn,,
http_req_tls_handshaking,1678217708,0.000000,,,,true,,POST,http://20.210.36.32:8080/prediction/knn,HTTP/1.1,contacts,,200,,,http://20.210.36.32:8080/prediction/knn,,
http_req_sending,1678217708,0.096299,,,,true,,POST,http://20.210.36.32:8080/prediction/knn,HTTP/1.1,contacts,,200,,,http://20.210.36.32:8080/prediction/knn,,
http_req_waiting,1678217708,433.344100,,,,true,,POST,http://20.210.36.32:8080/prediction/knn,HTTP/1.1,contacts,,200,,,http://20.210.36.32:8080/prediction/knn,,
http_req_receiving,1678217708,0.095598,,,,true,,POST,http://20.210.36.32:8080/prediction/knn,HTTP/1.1,contacts,,200,,,http://20.210.36.32:8080/prediction/knn,,
http_req_failed,1678217708,0.000000,,,,true,,POST,http://20.210.36.32:8080/prediction/knn,HTTP/1.1,contacts,,200,,,http://20.210.36.32:8080/prediction/knn,,
responseTime,1678217708,433.535997,,,,,,,,,contacts,,,,,,,
data_sent,1678217708,2088.000000,,,,,,,,,contacts,,,,,,,
data_received,1678217708,199.000000,,,,,,,,,contacts,,,,,,,
iteration_duration,1678217708,438.523999,,,,,,,,,contacts,,,,,,,
iterations,1678217708,1.000000,,,,,,,,,contacts,,,,,,,
http_reqs,1678217708,1.000000,,,,true,,POST,http://20.210.36.32:8080/prediction/knn,HTTP/1.1,contacts,,200,,,http://20.210.36.32:8080/prediction/knn,,
http_req_duration,1678217708,378.585174,,,,true,,POST,http://20.210.36.32:8080/prediction/knn,HTTP/1.1,contacts,,200,,,http://20.210.36.32:8080/prediction/knn,,
http_req_blocked,1678217708,3.307335,,,,true,,POST,http://20.210.36.32:8080/prediction/knn,HTTP/1.1,contacts,,200,,,http://20.210.36.32:8080/prediction/knn,,
http_req_connecting,1678217708,3.258336,,,,true,,POST,http://20.210.36.32:8080/prediction/knn,HTTP/1.1,contacts,,200,,,http://20.210.36.32:8080/prediction/knn,,
http_req_tls_handshaking,1678217708,0.000000,,,,true,,POST,http://20.210.36.32:8080/prediction/knn,HTTP/1.1,contacts,,200,,,http://20.210.36.32:8080/prediction/knn,,
http_req_sending,1678217708,0.089898,,,,true,,POST,http://20.210.36.32:8080/prediction/knn,HTTP/1.1,contacts,,200,,,http://20.210.36.32:8080/prediction/knn,,
http_req_waiting,1678217708,378.397178,,,,true,,POST,http://20.210.36.32:8080/prediction/knn,HTTP/1.1,contacts,,200,,,http://20.210.36.32:8080/prediction/knn,,
http_req_receiving,1678217708,0.098098,,,,true,,POST,http://20.210.36.32:8080/prediction/knn,HTTP/1.1,contacts,,200,,,http://20.210.36.32:8080/prediction/knn,,
http_req_failed,1678217708,0.000000,,,,true,,POST,http://20.210.36.32:8080/prediction/knn,HTTP/1.1,contacts,,200,,,http://20.210.36.32:8080/prediction/knn,,
responseTime,1678217708,378.585174,,,,,,,,,contacts,,,,,,,
data_sent,1678217708,2088.000000,,,,,,,,,contacts,,,,,,,
data_received,1678217708,199.000000,,,,,,,,,contacts,,,,,,,
iteration_duration,1678217708,382.452399,,,,,,,,,contacts,,,,,,,
iterations,1678217708,1.000000,,,,,,,,,contacts,,,,,,,
http_reqs,1678217708,1.000000,,,,true,,POST,http://20.210.36.32:8080/prediction/knn,HTTP/1.1,contacts,,200,,,http://20.210.36.32:8080/prediction/knn,,
http_req_duration,1678217708,389.363263,,,,true,,POST,http://20.210.36.32:8080/prediction/knn,HTTP/1.1,contacts,,200,,,http://20.210.36.32:8080/prediction/knn,,
http_req_blocked,1678217708,3.360634,,,,true,,POST,http://20.210.36.32:8080/prediction/knn,HTTP/1.1,contacts,,200,,,http://20.210.36.32:8080/prediction/knn,,
http_req_connecting,1678217708,3.276635,,,,true,,POST,http://20.210.36.32:8080/prediction/knn,HTTP/1.1,contacts,,200,,,http://20.210.36.32:8080/prediction/knn,,
http_req_tls_handshaking,1678217708,0.000000,,,,true,,POST,http://20.210.36.32:8080/prediction/knn,HTTP/1.1,contacts,,200,,,http://20.210.36.32:8080/prediction/knn,,
http_req_sending,1678217708,0.055799,,,,true,,POST,http://20.210.36.32:8080/prediction/knn,HTTP/1.1,contacts,,200,,,http://20.210.36.32:8080/prediction/knn,,
http_req_waiting,1678217708,389.223466,,,,true,,POST,http://20.210.36.32:8080/prediction/knn,HTTP/1.1,contacts,,200,,,http://20.210.36.32:8080/prediction/knn,,
http_req_receiving,1678217708,0.083998,,,,true,,POST,http://20.210.36.32:8080/prediction/knn,HTTP/1.1,contacts,,200,,,http://20.210.36.32:8080/prediction/knn,,
http_req_failed,1678217708,0.000000,,,,true,,POST,http://20.210.36.32:8080/prediction/knn,HTTP/1.1,contacts,,200,,,http://20.210.36.32:8080/prediction/knn,,
responseTime,1678217708,389.363263,,,,,,,,,contacts,,,,,,,
data_sent,1678217708,2088.000000,,,,,,,,,contacts,,,,,,,
data_received,1678217708,199.000000,,,,,,,,,contacts,,,,,,,
iteration_duration,1678217708,393.188588,,,,,,,,,contacts,,,,,,,
iterations,1678217708,1.000000,,,,,,,,,contacts,,,,,,,
http_reqs,1678217708,1.000000,,,,true,,POST,http://20.210.36.32:8080/prediction/knn,HTTP/1.1,contacts,,200,,,http://20.210.36.32:8080/prediction/knn,,
http_req_duration,1678217708,402.031914,,,,true,,POST,http://20.210.36.32:8080/prediction/knn,HTTP/1.1,contacts,,200,,,http://20.210.36.32:8080/prediction/knn,,
http_req_blocked,1678217708,3.427433,,,,true,,POST,http://20.210.36.32:8080/prediction/knn,HTTP/1.1,contacts,,200,,,http://20.210.36.32:8080/prediction/knn,,
http_req_connecting,1678217708,3.378134,,,,true,,POST,http://20.210.36.32:8080/prediction/knn,HTTP/1.1,contacts,,200,,,http://20.210.36.32:8080/prediction/knn,,
http_req_tls_handshaking,1678217708,0.000000,,,,true,,POST,http://20.210.36.32:8080/prediction/knn,HTTP/1.1,contacts,,200,,,http://20.210.36.32:8080/prediction/knn,,
http_req_sending,1678217708,0.091698,,,,true,,POST,http://20.210.36.32:8080/prediction/knn,HTTP/1.1,contacts,,200,,,http://20.210.36.32:8080/prediction/knn,,
http_req_waiting,1678217708,401.851018,,,,true,,POST,http://20.210.36.32:8080/prediction/knn,HTTP/1.1,contacts,,200,,,http://20.210.36.32:8080/prediction/knn,,
http_req_receiving,1678217708,0.089198,,,,true,,POST,http://20.210.36.32:8080/prediction/knn,HTTP/1.1,contacts,,200,,,http://20.210.36.32:8080/prediction/knn,,
http_req_failed,1678217708,0.000000,,,,true,,POST,http://20.210.36.32:8080/prediction/knn,HTTP/1.1,contacts,,200,,,http://20.210.36.32:8080/prediction/knn,,
responseTime,1678217708,402.031914,,,,,,,,,contacts,,,,,,,
data_sent,1678217708,2088.000000,,,,,,,,,contacts,,,,,,,
data_received,1678217708,199.000000,,,,,,,,,contacts,,,,,,,
iteration_duration,1678217708,405.796041,,,,,,,,,contacts,,,,,,,
iterations,1678217708,1.000000,,,,,,,,,contacts,,,,,,,
http_reqs,1678217708,1.000000,,,,true,,POST,http://20.210.36.32:8080/prediction/knn,HTTP/1.1,contacts,,200,,,http://20.210.36.32:8080/prediction/knn,,
http_req_duration,1678217708,406.939718,,,,true,,POST,http://20.210.36.32:8080/prediction/knn,HTTP/1.1,contacts,,200,,,http://20.210.36.32:8080/prediction/knn,,
http_req_blocked,1678217708,3.609529,,,,true,,POST,http://20.210.36.32:8080/prediction/knn,HTTP/1.1,contacts,,200,,,http://20.210.36.32:8080/prediction/knn,,
http_req_connecting,1678217708,3.537331,,,,true,,POST,http://20.210.36.32:8080/prediction/knn,HTTP/1.1,contacts,,200,,,http://20.210.36.32:8080/prediction/knn,,
http_req_tls_handshaking,1678217708,0.000000,,,,true,,POST,http://20.210.36.32:8080/prediction/knn,HTTP/1.1,contacts,,200,,,http://20.210.36.32:8080/prediction/knn,,
http_req_sending,1678217708,0.067399,,,,true,,POST,http://20.210.36.32:8080/prediction/knn,HTTP/1.1,contacts,,200,,,http://20.210.36.32:8080/prediction/knn,,
http_req_waiting,1678217708,406.805620,,,,true,,POST,http://20.210.36.32:8080/prediction/knn,HTTP/1.1,contacts,,200,,,http://20.210.36.32:8080/prediction/knn,,
http_req_receiving,1678217708,0.066699,,,,true,,POST,http://20.210.36.32:8080/prediction/knn,HTTP/1.1,contacts,,200,,,http://20.210.36.32:8080/prediction/knn,,
http_req_failed,1678217708,0.000000,,,,true,,POST,http://20.210.36.32:8080/prediction/knn,HTTP/1.1,contacts,,200,,,http://20.210.36.32:8080/prediction/knn,,
responseTime,1678217708,406.939718,,,,,,,,,contacts,,,,,,,
data_sent,1678217708,2088.000000,,,,,,,,,contacts,,,,,,,
data_received,1678217708,199.000000,,,,,,,,,contacts,,,,,,,
iteration_duration,1678217708,411.005638,,,,,,,,,contacts,,,,,,,
iterations,1678217708,1.000000,,,,,,,,,contacts,,,,,,,
http_reqs,1678217708,1.000000,,,,true,,POST,http://20.210.36.32:8080/prediction/knn,HTTP/1.1,contacts,,200,,,http://20.210.36.32:8080/prediction/knn,,
http_req_duration,1678217708,228.192325,,,,true,,POST,http://20.210.36.32:8080/prediction/knn,HTTP/1.1,contacts,,200,,,http://20.210.36.32:8080/prediction/knn,,
http_req_blocked,1678217708,2.159258,,,,true,,POST,http://20.210.36.32:8080/prediction/knn,HTTP/1.1,contacts,,200,,,http://20.210.36.32:8080/prediction/knn,,
http_req_connecting,1678217708,2.072059,,,,true,,POST,http://20.210.36.32:8080/prediction/knn,HTTP/1.1,contacts,,200,,,http://20.210.36.32:8080/prediction/knn,,
http_req_tls_handshaking,1678217708,0.000000,,,,true,,POST,http://20.210.36.32:8080/prediction/knn,HTTP/1.1,contacts,,200,,,http://20.210.36.32:8080/prediction/knn,,
http_req_sending,1678217708,0.114598,,,,true,,POST,http://20.210.36.32:8080/prediction/knn,HTTP/1.1,contacts,,200,,,http://20.210.36.32:8080/prediction/knn,,
http_req_waiting,1678217708,227.983228,,,,true,,POST,http://20.210.36.32:8080/prediction/knn,HTTP/1.1,contacts,,200,,,http://20.210.36.32:8080/prediction/knn,,
http_req_receiving,1678217708,0.094499,,,,true,,POST,http://20.210.36.32:8080/prediction/knn,HTTP/1.1,contacts,,200,,,http://20.210.36.32:8080/prediction/knn,,
http_req_failed,1678217708,0.000000,,,,true,,POST,http://20.210.36.32:8080/prediction/knn,HTTP/1.1,contacts,,200,,,http://20.210.36.32:8080/prediction/knn,,
responseTime,1678217708,228.192325,,,,,,,,,contacts,,,,,,,
data_sent,1678217708,2088.000000,,,,,,,,,contacts,,,,,,,
data_received,1678217708,199.000000,,,,,,,,,contacts,,,,,,,
iteration_duration,1678217708,230.777474,,,,,,,,,contacts,,,,,,,
iterations,1678217708,1.000000,,,,,,,,,contacts,,,,,,,
http_reqs,1678217708,1.000000,,,,true,,POST,http://20.210.36.32:8080/prediction/knn,HTTP/1.1,contacts,,200,,,http://20.210.36.32:8080/prediction/knn,,
http_req_duration,1678217708,384.315761,,,,true,,POST,http://20.210.36.32:8080/prediction/knn,HTTP/1.1,contacts,,200,,,http://20.210.36.32:8080/prediction/knn,,
http_req_blocked,1678217708,4.162119,,,,true,,POST,http://20.210.36.32:8080/prediction/knn,HTTP/1.1,contacts,,200,,,http://20.210.36.32:8080/prediction/knn,,
http_req_connecting,1678217708,4.032921,,,,true,,POST,http://20.210.36.32:8080/prediction/knn,HTTP/1.1,contacts,,200,,,http://20.210.36.32:8080/prediction/knn,,
http_req_tls_handshaking,1678217708,0.000000,,,,true,,POST,http://20.210.36.32:8080/prediction/knn,HTTP/1.1,contacts,,200,,,http://20.210.36.32:8080/prediction/knn,,
http_req_sending,1678217708,0.080098,,,,true,,POST,http://20.210.36.32:8080/prediction/knn,HTTP/1.1,contacts,,200,,,http://20.210.36.32:8080/prediction/knn,,
http_req_waiting,1678217708,383.808472,,,,true,,POST,http://20.210.36.32:8080/prediction/knn,HTTP/1.1,contacts,,200,,,http://20.210.36.32:8080/prediction/knn,,
http_req_receiving,1678217708,0.427191,,,,true,,POST,http://20.210.36.32:8080/prediction/knn,HTTP/1.1,contacts,,200,,,http://20.210.36.32:8080/prediction/knn,,
http_req_failed,1678217708,0.000000,,,,true,,POST,http://20.210.36.32:8080/prediction/knn,HTTP/1.1,contacts,,200,,,http://20.210.36.32:8080/prediction/knn,,
responseTime,1678217708,384.315761,,,,,,,,,contacts,,,,,,,
data_sent,1678217708,2088.000000,,,,,,,,,contacts,,,,,,,
data_received,1678217708,199.000000,,,,,,,,,contacts,,,,,,,
iteration_duration,1678217708,388.777674,,,,,,,,,contacts,,,,,,,
iterations,1678217708,1.000000,,,,,,,,,contacts,,,,,,,
http_reqs,1678217708,1.000000,,,,true,,POST,http://20.210.36.32:8080/prediction/knn,HTTP/1.1,contacts,,200,,,http://20.210.36.32:8080/prediction/knn,,
http_req_duration,1678217708,326.873088,,,,true,,POST,http://20.210.36.32:8080/prediction/knn,HTTP/1.1,contacts,,200,,,http://20.210.36.32:8080/prediction/knn,,
http_req_blocked,1678217708,3.621029,,,,true,,POST,http://20.210.36.32:8080/prediction/knn,HTTP/1.1,contacts,,200,,,http://20.210.36.32:8080/prediction/knn,,
http_req_connecting,1678217708,3.556231,,,,true,,POST,http://20.210.36.32:8080/prediction/knn,HTTP/1.1,contacts,,200,,,http://20.210.36.32:8080/prediction/knn,,
http_req_tls_handshaking,1678217708,0.000000,,,,true,,POST,http://20.210.36.32:8080/prediction/knn,HTTP/1.1,contacts,,200,,,http://20.210.36.32:8080/prediction/knn,,
http_req_sending,1678217708,0.079998,,,,true,,POST,http://20.210.36.32:8080/prediction/knn,HTTP/1.1,contacts,,200,,,http://20.210.36.32:8080/prediction/knn,,
http_req_waiting,1678217708,326.702692,,,,true,,POST,http://20.210.36.32:8080/prediction/knn,HTTP/1.1,contacts,,200,,,http://20.210.36.32:8080/prediction/knn,,
http_req_receiving,1678217708,0.090398,,,,true,,POST,http://20.210.36.32:8080/prediction/knn,HTTP/1.1,contacts,,200,,,http://20.210.36.32:8080/prediction/knn,,
http_req_failed,1678217708,0.000000,,,,true,,POST,http://20.210.36.32:8080/prediction/knn,HTTP/1.1,contacts,,200,,,http://20.210.36.32:8080/prediction/knn,,
responseTime,1678217708,326.873088,,,,,,,,,contacts,,,,,,,
data_sent,1678217708,2088.000000,,,,,,,,,contacts,,,,,,,
data_received,1678217708,199.000000,,,,,,,,,contacts,,,,,,,
iteration_duration,1678217708,330.927709,,,,,,,,,contacts,,,,,,,
iterations,1678217708,1.000000,,,,,,,,,contacts,,,,,,,
http_reqs,1678217708,1.000000,,,,true,,POST,http://20.210.36.32:8080/prediction/knn,HTTP/1.1,contacts,,200,,,http://20.210.36.32:8080/prediction/knn,,
http_req_duration,1678217708,327.142283,,,,true,,POST,http://20.210.36.32:8080/prediction/knn,HTTP/1.1,contacts,,200,,,http://20.210.36.32:8080/prediction/knn,,
http_req_blocked,1678217708,3.691327,,,,true,,POST,http://20.210.36.32:8080/prediction/knn,HTTP/1.1,contacts,,200,,,http://20.210.36.32:8080/prediction/knn,,
http_req_connecting,1678217708,3.624629,,,,true,,POST,http://20.210.36.32:8080/prediction/knn,HTTP/1.1,contacts,,200,,,http://20.210.36.32:8080/prediction/knn,,
http_req_tls_handshaking,1678217708,0.000000,,,,true,,POST,http://20.210.36.32:8080/prediction/knn,HTTP/1.1,contacts,,200,,,http://20.210.36.32:8080/prediction/knn,,
http_req_sending,1678217708,0.049099,,,,true,,POST,http://20.210.36.32:8080/prediction/knn,HTTP/1.1,contacts,,200,,,http://20.210.36.32:8080/prediction/knn,,
http_req_waiting,1678217708,327.001586,,,,true,,POST,http://20.210.36.32:8080/prediction/knn,HTTP/1.1,contacts,,200,,,http://20.210.36.32:8080/prediction/knn,,
http_req_receiving,1678217708,0.091598,,,,true,,POST,http://20.210.36.32:8080/prediction/knn,HTTP/1.1,contacts,,200,,,http://20.210.36.32:8080/prediction/knn,,
http_req_failed,1678217708,0.000000,,,,true,,POST,http://20.210.36.32:8080/prediction/knn,HTTP/1.1,contacts,,200,,,http://20.210.36.32:8080/prediction/knn,,
responseTime,1678217708,327.142283,,,,,,,,,contacts,,,,,,,
data_sent,1678217708,2088.000000,,,,,,,,,contacts,,,,,,,
data_received,1678217708,199.000000,,,,,,,,,contacts,,,,,,,
iteration_duration,1678217708,331.208704,,,,,,,,,contacts,,,,,,,
iterations,1678217708,1.000000,,,,,,,,,contacts,,,,,,,
http_reqs,1678217708,1.000000,,,,true,,POST,http://20.210.36.32:8080/prediction/knn,HTTP/1.1,contacts,,200,,,http://20.210.36.32:8080/prediction/knn,,
http_req_duration,1678217708,453.978995,,,,true,,POST,http://20.210.36.32:8080/prediction/knn,HTTP/1.1,contacts,,200,,,http://20.210.36.32:8080/prediction/knn,,
http_req_blocked,1678217708,4.061820,,,,true,,POST,http://20.210.36.32:8080/prediction/knn,HTTP/1.1,contacts,,200,,,http://20.210.36.32:8080/prediction/knn,,
http_req_connecting,1678217708,3.984622,,,,true,,POST,http://20.210.36.32:8080/prediction/knn,HTTP/1.1,contacts,,200,,,http://20.210.36.32:8080/prediction/knn,,
http_req_tls_handshaking,1678217708,0.000000,,,,true,,POST,http://20.210.36.32:8080/prediction/knn,HTTP/1.1,contacts,,200,,,http://20.210.36.32:8080/prediction/knn,,
http_req_sending,1678217708,0.131997,,,,true,,POST,http://20.210.36.32:8080/prediction/knn,HTTP/1.1,contacts,,200,,,http://20.210.36.32:8080/prediction/knn,,
http_req_waiting,1678217708,452.664121,,,,true,,POST,http://20.210.36.32:8080/prediction/knn,HTTP/1.1,contacts,,200,,,http://20.210.36.32:8080/prediction/knn,,
http_req_receiving,1678217708,1.182877,,,,true,,POST,http://20.210.36.32:8080/prediction/knn,HTTP/1.1,contacts,,200,,,http://20.210.36.32:8080/prediction/knn,,
http_req_failed,1678217708,0.000000,,,,true,,POST,http://20.210.36.32:8080/prediction/knn,HTTP/1.1,contacts,,200,,,http://20.210.36.32:8080/prediction/knn,,
http_reqs,1678217708,1.000000,,,,true,,POST,http://20.210.36.32:8080/prediction/knn,HTTP/1.1,contacts,,200,,,http://20.210.36.32:8080/prediction/knn,,
http_req_duration,1678217708,350.971916,,,,true,,POST,http://20.210.36.32:8080/prediction/knn,HTTP/1.1,contacts,,200,,,http://20.210.36.32:8080/prediction/knn,,
http_req_blocked,1678217708,4.551311,,,,true,,POST,http://20.210.36.32:8080/prediction/knn,HTTP/1.1,contacts,,200,,,http://20.210.36.32:8080/prediction/knn,,
http_req_connecting,1678217708,4.376914,,,,true,,POST,http://20.210.36.32:8080/prediction/knn,HTTP/1.1,contacts,,200,,,http://20.210.36.32:8080/prediction/knn,,
http_req_tls_handshaking,1678217708,0.000000,,,,true,,POST,http://20.210.36.32:8080/prediction/knn,HTTP/1.1,contacts,,200,,,http://20.210.36.32:8080/prediction/knn,,
http_req_sending,1678217708,0.061999,,,,true,,POST,http://20.210.36.32:8080/prediction/knn,HTTP/1.1,contacts,,200,,,http://20.210.36.32:8080/prediction/knn,,
http_req_waiting,1678217708,347.564283,,,,true,,POST,http://20.210.36.32:8080/prediction/knn,HTTP/1.1,contacts,,200,,,http://20.210.36.32:8080/prediction/knn,,
http_req_receiving,1678217708,3.345634,,,,true,,POST,http://20.210.36.32:8080/prediction/knn,HTTP/1.1,contacts,,200,,,http://20.210.36.32:8080/prediction/knn,,
http_req_failed,1678217708,0.000000,,,,true,,POST,http://20.210.36.32:8080/prediction/knn,HTTP/1.1,contacts,,200,,,http://20.210.36.32:8080/prediction/knn,,
responseTime,1678217708,453.978995,,,,,,,,,contacts,,,,,,,
data_sent,1678217708,2088.000000,,,,,,,,,contacts,,,,,,,
data_received,1678217708,199.000000,,,,,,,,,contacts,,,,,,,
iteration_duration,1678217708,458.513806,,,,,,,,,contacts,,,,,,,
iterations,1678217708,1.000000,,,,,,,,,contacts,,,,,,,
responseTime,1678217708,350.971916,,,,,,,,,contacts,,,,,,,
data_sent,1678217708,2088.000000,,,,,,,,,contacts,,,,,,,
data_received,1678217708,199.000000,,,,,,,,,contacts,,,,,,,
iteration_duration,1678217708,355.988817,,,,,,,,,contacts,,,,,,,
iterations,1678217708,1.000000,,,,,,,,,contacts,,,,,,,
http_reqs,1678217708,1.000000,,,,true,,POST,http://20.210.36.32:8080/prediction/knn,HTTP/1.1,contacts,,200,,,http://20.210.36.32:8080/prediction/knn,,
http_req_duration,1678217708,397.994994,,,,true,,POST,http://20.210.36.32:8080/prediction/knn,HTTP/1.1,contacts,,200,,,http://20.210.36.32:8080/prediction/knn,,
http_req_blocked,1678217708,3.927923,,,,true,,POST,http://20.210.36.32:8080/prediction/knn,HTTP/1.1,contacts,,200,,,http://20.210.36.32:8080/prediction/knn,,
http_req_connecting,1678217708,3.831624,,,,true,,POST,http://20.210.36.32:8080/prediction/knn,HTTP/1.1,contacts,,200,,,http://20.210.36.32:8080/prediction/knn,,
http_req_tls_handshaking,1678217708,0.000000,,,,true,,POST,http://20.210.36.32:8080/prediction/knn,HTTP/1.1,contacts,,200,,,http://20.210.36.32:8080/prediction/knn,,
http_req_sending,1678217708,0.075899,,,,true,,POST,http://20.210.36.32:8080/prediction/knn,HTTP/1.1,contacts,,200,,,http://20.210.36.32:8080/prediction/knn,,
http_req_waiting,1678217708,397.803897,,,,true,,POST,http://20.210.36.32:8080/prediction/knn,HTTP/1.1,contacts,,200,,,http://20.210.36.32:8080/prediction/knn,,
http_req_receiving,1678217708,0.115198,,,,true,,POST,http://20.210.36.32:8080/prediction/knn,HTTP/1.1,contacts,,200,,,http://20.210.36.32:8080/prediction/knn,,
http_req_failed,1678217708,0.000000,,,,true,,POST,http://20.210.36.32:8080/prediction/knn,HTTP/1.1,contacts,,200,,,http://20.210.36.32:8080/prediction/knn,,
responseTime,1678217708,397.994994,,,,,,,,,contacts,,,,,,,
data_sent,1678217708,2088.000000,,,,,,,,,contacts,,,,,,,
data_received,1678217708,199.000000,,,,,,,,,contacts,,,,,,,
iteration_duration,1678217708,402.389907,,,,,,,,,contacts,,,,,,,
iterations,1678217708,1.000000,,,,,,,,,contacts,,,,,,,
http_reqs,1678217708,1.000000,,,,true,,POST,http://20.210.36.32:8080/prediction/knn,HTTP/1.1,contacts,,200,,,http://20.210.36.32:8080/prediction/knn,,
http_req_duration,1678217708,205.781064,,,,true,,POST,http://20.210.36.32:8080/prediction/knn,HTTP/1.1,contacts,,200,,,http://20.210.36.32:8080/prediction/knn,,
http_req_blocked,1678217708,2.420353,,,,true,,POST,http://20.210.36.32:8080/prediction/knn,HTTP/1.1,contacts,,200,,,http://20.210.36.32:8080/prediction/knn,,
http_req_connecting,1678217708,2.269855,,,,true,,POST,http://20.210.36.32:8080/prediction/knn,HTTP/1.1,contacts,,200,,,http://20.210.36.32:8080/prediction/knn,,
http_req_tls_handshaking,1678217708,0.000000,,,,true,,POST,http://20.210.36.32:8080/prediction/knn,HTTP/1.1,contacts,,200,,,http://20.210.36.32:8080/prediction/knn,,
http_req_sending,1678217708,0.139297,,,,true,,POST,http://20.210.36.32:8080/prediction/knn,HTTP/1.1,contacts,,200,,,http://20.210.36.32:8080/prediction/knn,,
http_req_waiting,1678217708,205.505369,,,,true,,POST,http://20.210.36.32:8080/prediction/knn,HTTP/1.1,contacts,,200,,,http://20.210.36.32:8080/prediction/knn,,
http_req_receiving,1678217708,0.136398,,,,true,,POST,http://20.210.36.32:8080/prediction/knn,HTTP/1.1,contacts,,200,,,http://20.210.36.32:8080/prediction/knn,,
http_req_failed,1678217708,0.000000,,,,true,,POST,http://20.210.36.32:8080/prediction/knn,HTTP/1.1,contacts,,200,,,http://20.210.36.32:8080/prediction/knn,,
responseTime,1678217708,205.781064,,,,,,,,,contacts,,,,,,,
data_sent,1678217708,2088.000000,,,,,,,,,contacts,,,,,,,
data_received,1678217708,199.000000,,,,,,,,,contacts,,,,,,,
iteration_duration,1678217708,208.487311,,,,,,,,,contacts,,,,,,,
iterations,1678217708,1.000000,,,,,,,,,contacts,,,,,,,
http_reqs,1678217708,1.000000,,,,true,,POST,http://20.210.36.32:8080/prediction/knn,HTTP/1.1,contacts,,200,,,http://20.210.36.32:8080/prediction/knn,,
http_req_duration,1678217708,329.668833,,,,true,,POST,http://20.210.36.32:8080/prediction/knn,HTTP/1.1,contacts,,200,,,http://20.210.36.32:8080/prediction/knn,,
http_req_blocked,1678217708,2.141958,,,,true,,POST,http://20.210.36.32:8080/prediction/knn,HTTP/1.1,contacts,,200,,,http://20.210.36.32:8080/prediction/knn,,
http_req_connecting,1678217708,2.012161,,,,true,,POST,http://20.210.36.32:8080/prediction/knn,HTTP/1.1,contacts,,200,,,http://20.210.36.32:8080/prediction/knn,,
http_req_tls_handshaking,1678217708,0.000000,,,,true,,POST,http://20.210.36.32:8080/prediction/knn,HTTP/1.1,contacts,,200,,,http://20.210.36.32:8080/prediction/knn,,
http_req_sending,1678217708,0.128197,,,,true,,POST,http://20.210.36.32:8080/prediction/knn,HTTP/1.1,contacts,,200,,,http://20.210.36.32:8080/prediction/knn,,
http_req_waiting,1678217708,329.425639,,,,true,,POST,http://20.210.36.32:8080/prediction/knn,HTTP/1.1,contacts,,200,,,http://20.210.36.32:8080/prediction/knn,,
http_req_receiving,1678217708,0.114997,,,,true,,POST,http://20.210.36.32:8080/prediction/knn,HTTP/1.1,contacts,,200,,,http://20.210.36.32:8080/prediction/knn,,
http_req_failed,1678217708,0.000000,,,,true,,POST,http://20.210.36.32:8080/prediction/knn,HTTP/1.1,contacts,,200,,,http://20.210.36.32:8080/prediction/knn,,
responseTime,1678217708,329.668833,,,,,,,,,contacts,,,,,,,
data_sent,1678217708,2088.000000,,,,,,,,,contacts,,,,,,,
data_received,1678217708,199.000000,,,,,,,,,contacts,,,,,,,
iteration_duration,1678217708,332.362480,,,,,,,,,contacts,,,,,,,
iterations,1678217708,1.000000,,,,,,,,,contacts,,,,,,,
http_reqs,1678217708,1.000000,,,,true,,POST,http://20.210.36.32:8080/prediction/knn,HTTP/1.1,contacts,,200,,,http://20.210.36.32:8080/prediction/knn,,
http_req_duration,1678217708,199.614785,,,,true,,POST,http://20.210.36.32:8080/prediction/knn,HTTP/1.1,contacts,,200,,,http://20.210.36.32:8080/prediction/knn,,
http_req_blocked,1678217708,2.379054,,,,true,,POST,http://20.210.36.32:8080/prediction/knn,HTTP/1.1,contacts,,200,,,http://20.210.36.32:8080/prediction/knn,,
http_req_connecting,1678217708,2.295055,,,,true,,POST,http://20.210.36.32:8080/prediction/knn,HTTP/1.1,contacts,,200,,,http://20.210.36.32:8080/prediction/knn,,
http_req_tls_handshaking,1678217708,0.000000,,,,true,,POST,http://20.210.36.32:8080/prediction/knn,HTTP/1.1,contacts,,200,,,http://20.210.36.32:8080/prediction/knn,,
http_req_sending,1678217708,0.081999,,,,true,,POST,http://20.210.36.32:8080/prediction/knn,HTTP/1.1,contacts,,200,,,http://20.210.36.32:8080/prediction/knn,,
http_req_waiting,1678217708,199.454887,,,,true,,POST,http://20.210.36.32:8080/prediction/knn,HTTP/1.1,contacts,,200,,,http://20.210.36.32:8080/prediction/knn,,
http_req_receiving,1678217708,0.077899,,,,true,,POST,http://20.210.36.32:8080/prediction/knn,HTTP/1.1,contacts,,200,,,http://20.210.36.32:8080/prediction/knn,,
http_req_failed,1678217708,0.000000,,,,true,,POST,http://20.210.36.32:8080/prediction/knn,HTTP/1.1,contacts,,200,,,http://20.210.36.32:8080/prediction/knn,,
responseTime,1678217708,199.614785,,,,,,,,,contacts,,,,,,,
data_sent,1678217708,2088.000000,,,,,,,,,contacts,,,,,,,
data_received,1678217708,199.000000,,,,,,,,,contacts,,,,,,,
iteration_duration,1678217708,202.405630,,,,,,,,,contacts,,,,,,,
iterations,1678217708,1.000000,,,,,,,,,contacts,,,,,,,
http_reqs,1678217708,1.000000,,,,true,,POST,http://20.210.36.32:8080/prediction/knn,HTTP/1.1,contacts,,200,,,http://20.210.36.32:8080/prediction/knn,,
http_req_duration,1678217708,359.415551,,,,true,,POST,http://20.210.36.32:8080/prediction/knn,HTTP/1.1,contacts,,200,,,http://20.210.36.32:8080/prediction/knn,,
http_req_blocked,1678217708,2.500851,,,,true,,POST,http://20.210.36.32:8080/prediction/knn,HTTP/1.1,contacts,,200,,,http://20.210.36.32:8080/prediction/knn,,
http_req_connecting,1678217708,2.314254,,,,true,,POST,http://20.210.36.32:8080/prediction/knn,HTTP/1.1,contacts,,200,,,http://20.210.36.32:8080/prediction/knn,,
http_req_tls_handshaking,1678217708,0.000000,,,,true,,POST,http://20.210.36.32:8080/prediction/knn,HTTP/1.1,contacts,,200,,,http://20.210.36.32:8080/prediction/knn,,
http_req_sending,1678217708,0.251296,,,,true,,POST,http://20.210.36.32:8080/prediction/knn,HTTP/1.1,contacts,,200,,,http://20.210.36.32:8080/prediction/knn,,
http_req_waiting,1678217708,358.854761,,,,true,,POST,http://20.210.36.32:8080/prediction/knn,HTTP/1.1,contacts,,200,,,http://20.210.36.32:8080/prediction/knn,,
http_req_receiving,1678217708,0.309494,,,,true,,POST,http://20.210.36.32:8080/prediction/knn,HTTP/1.1,contacts,,200,,,http://20.210.36.32:8080/prediction/knn,,
http_req_failed,1678217708,0.000000,,,,true,,POST,http://20.210.36.32:8080/prediction/knn,HTTP/1.1,contacts,,200,,,http://20.210.36.32:8080/prediction/knn,,
responseTime,1678217708,359.415551,,,,,,,,,contacts,,,,,,,
data_sent,1678217708,2088.000000,,,,,,,,,contacts,,,,,,,
data_received,1678217708,199.000000,,,,,,,,,contacts,,,,,,,
iteration_duration,1678217708,362.179696,,,,,,,,,contacts,,,,,,,
iterations,1678217708,1.000000,,,,,,,,,contacts,,,,,,,
http_reqs,1678217708,1.000000,,,,true,,POST,http://20.210.36.32:8080/prediction/knn,HTTP/1.1,contacts,,200,,,http://20.210.36.32:8080/prediction/knn,,
http_req_duration,1678217708,325.218321,,,,true,,POST,http://20.210.36.32:8080/prediction/knn,HTTP/1.1,contacts,,200,,,http://20.210.36.32:8080/prediction/knn,,
http_req_blocked,1678217708,2.232356,,,,true,,POST,http://20.210.36.32:8080/prediction/knn,HTTP/1.1,contacts,,200,,,http://20.210.36.32:8080/prediction/knn,,
http_req_connecting,1678217708,2.071360,,,,true,,POST,http://20.210.36.32:8080/prediction/knn,HTTP/1.1,contacts,,200,,,http://20.210.36.32:8080/prediction/knn,,
http_req_tls_handshaking,1678217708,0.000000,,,,true,,POST,http://20.210.36.32:8080/prediction/knn,HTTP/1.1,contacts,,200,,,http://20.210.36.32:8080/prediction/knn,,
http_req_sending,1678217708,0.071198,,,,true,,POST,http://20.210.36.32:8080/prediction/knn,HTTP/1.1,contacts,,200,,,http://20.210.36.32:8080/prediction/knn,,
http_req_waiting,1678217708,324.969526,,,,true,,POST,http://20.210.36.32:8080/prediction/knn,HTTP/1.1,contacts,,200,,,http://20.210.36.32:8080/prediction/knn,,
http_req_receiving,1678217708,0.177597,,,,true,,POST,http://20.210.36.32:8080/prediction/knn,HTTP/1.1,contacts,,200,,,http://20.210.36.32:8080/prediction/knn,,
http_req_failed,1678217708,0.000000,,,,true,,POST,http://20.210.36.32:8080/prediction/knn,HTTP/1.1,contacts,,200,,,http://20.210.36.32:8080/prediction/knn,,
responseTime,1678217708,325.218321,,,,,,,,,contacts,,,,,,,
data_sent,1678217708,2088.000000,,,,,,,,,contacts,,,,,,,
data_received,1678217708,199.000000,,,,,,,,,contacts,,,,,,,
iteration_duration,1678217708,327.919468,,,,,,,,,contacts,,,,,,,
iterations,1678217708,1.000000,,,,,,,,,contacts,,,,,,,
http_reqs,1678217708,1.000000,,,,true,,POST,http://20.210.36.32:8080/prediction/knn,HTTP/1.1,contacts,,200,,,http://20.210.36.32:8080/prediction/knn,,
http_req_duration,1678217708,274.614164,,,,true,,POST,http://20.210.36.32:8080/prediction/knn,HTTP/1.1,contacts,,200,,,http://20.210.36.32:8080/prediction/knn,,
http_req_blocked,1678217708,2.328054,,,,true,,POST,http://20.210.36.32:8080/prediction/knn,HTTP/1.1,contacts,,200,,,http://20.210.36.32:8080/prediction/knn,,
http_req_connecting,1678217708,2.212356,,,,true,,POST,http://20.210.36.32:8080/prediction/knn,HTTP/1.1,contacts,,200,,,http://20.210.36.32:8080/prediction/knn,,
http_req_tls_handshaking,1678217708,0.000000,,,,true,,POST,http://20.210.36.32:8080/prediction/knn,HTTP/1.1,contacts,,200,,,http://20.210.36.32:8080/prediction/knn,,
http_req_sending,1678217708,0.121798,,,,true,,POST,http://20.210.36.32:8080/prediction/knn,HTTP/1.1,contacts,,200,,,http://20.210.36.32:8080/prediction/knn,,
http_req_waiting,1678217708,273.702462,,,,true,,POST,http://20.210.36.32:8080/prediction/knn,HTTP/1.1,contacts,,200,,,http://20.210.36.32:8080/prediction/knn,,
http_req_receiving,1678217708,0.789904,,,,true,,POST,http://20.210.36.32:8080/prediction/knn,HTTP/1.1,contacts,,200,,,http://20.210.36.32:8080/prediction/knn,,
http_req_failed,1678217708,0.000000,,,,true,,POST,http://20.210.36.32:8080/prediction/knn,HTTP/1.1,contacts,,200,,,http://20.210.36.32:8080/prediction/knn,,
responseTime,1678217708,274.614164,,,,,,,,,contacts,,,,,,,
data_sent,1678217708,2088.000000,,,,,,,,,contacts,,,,,,,
data_received,1678217708,199.000000,,,,,,,,,contacts,,,,,,,
iteration_duration,1678217708,277.595612,,,,,,,,,contacts,,,,,,,
iterations,1678217708,1.000000,,,,,,,,,contacts,,,,,,,
http_reqs,1678217708,1.000000,,,,true,,POST,http://20.210.36.32:8080/prediction/knn,HTTP/1.1,contacts,,200,,,http://20.210.36.32:8080/prediction/knn,,
http_req_duration,1678217708,306.433137,,,,true,,POST,http://20.210.36.32:8080/prediction/knn,HTTP/1.1,contacts,,200,,,http://20.210.36.32:8080/prediction/knn,,
http_req_blocked,1678217708,1.782965,,,,true,,POST,http://20.210.36.32:8080/prediction/knn,HTTP/1.1,contacts,,200,,,http://20.210.36.32:8080/prediction/knn,,
http_req_connecting,1678217708,1.701067,,,,true,,POST,http://20.210.36.32:8080/prediction/knn,HTTP/1.1,contacts,,200,,,http://20.210.36.32:8080/prediction/knn,,
http_req_tls_handshaking,1678217708,0.000000,,,,true,,POST,http://20.210.36.32:8080/prediction/knn,HTTP/1.1,contacts,,200,,,http://20.210.36.32:8080/prediction/knn,,
http_req_sending,1678217708,0.064599,,,,true,,POST,http://20.210.36.32:8080/prediction/knn,HTTP/1.1,contacts,,200,,,http://20.210.36.32:8080/prediction/knn,,
http_req_waiting,1678217708,295.858788,,,,true,,POST,http://20.210.36.32:8080/prediction/knn,HTTP/1.1,contacts,,200,,,http://20.210.36.32:8080/prediction/knn,,
http_req_receiving,1678217708,10.509750,,,,true,,POST,http://20.210.36.32:8080/prediction/knn,HTTP/1.1,contacts,,200,,,http://20.210.36.32:8080/prediction/knn,,
http_req_failed,1678217708,0.000000,,,,true,,POST,http://20.210.36.32:8080/prediction/knn,HTTP/1.1,contacts,,200,,,http://20.210.36.32:8080/prediction/knn,,
http_reqs,1678217708,1.000000,,,,true,,POST,http://20.210.36.32:8080/prediction/knn,HTTP/1.1,contacts,,200,,,http://20.210.36.32:8080/prediction/knn,,
http_req_duration,1678217708,256.490218,,,,true,,POST,http://20.210.36.32:8080/prediction/knn,HTTP/1.1,contacts,,200,,,http://20.210.36.32:8080/prediction/knn,,
http_req_blocked,1678217708,2.347854,,,,true,,POST,http://20.210.36.32:8080/prediction/knn,HTTP/1.1,contacts,,200,,,http://20.210.36.32:8080/prediction/knn,,
http_req_connecting,1678217708,2.254556,,,,true,,POST,http://20.210.36.32:8080/prediction/knn,HTTP/1.1,contacts,,200,,,http://20.210.36.32:8080/prediction/knn,,
http_req_tls_handshaking,1678217708,0.000000,,,,true,,POST,http://20.210.36.32:8080/prediction/knn,HTTP/1.1,contacts,,200,,,http://20.210.36.32:8080/prediction/knn,,
http_req_sending,1678217708,0.064499,,,,true,,POST,http://20.210.36.32:8080/prediction/knn,HTTP/1.1,contacts,,200,,,http://20.210.36.32:8080/prediction/knn,,
http_req_waiting,1678217708,256.314019,,,,true,,POST,http://20.210.36.32:8080/prediction/knn,HTTP/1.1,contacts,,200,,,http://20.210.36.32:8080/prediction/knn,,
http_req_receiving,1678217708,0.111700,,,,true,,POST,http://20.210.36.32:8080/prediction/knn,HTTP/1.1,contacts,,200,,,http://20.210.36.32:8080/prediction/knn,,
http_req_failed,1678217708,0.000000,,,,true,,POST,http://20.210.36.32:8080/prediction/knn,HTTP/1.1,contacts,,200,,,http://20.210.36.32:8080/prediction/knn,,
responseTime,1678217708,306.433137,,,,,,,,,contacts,,,,,,,
data_sent,1678217708,2088.000000,,,,,,,,,contacts,,,,,,,
data_received,1678217708,199.000000,,,,,,,,,contacts,,,,,,,
iteration_duration,1678217708,308.792497,,,,,,,,,contacts,,,,,,,
iterations,1678217708,1.000000,,,,,,,,,contacts,,,,,,,
responseTime,1678217708,256.490218,,,,,,,,,contacts,,,,,,,
data_sent,1678217708,2088.000000,,,,,,,,,contacts,,,,,,,
data_received,1678217708,199.000000,,,,,,,,,contacts,,,,,,,
iteration_duration,1678217708,259.764673,,,,,,,,,contacts,,,,,,,
iterations,1678217708,1.000000,,,,,,,,,contacts,,,,,,,
http_reqs,1678217708,1.000000,,,,true,,POST,http://20.210.36.32:8080/prediction/knn,HTTP/1.1,contacts,,200,,,http://20.210.36.32:8080/prediction/knn,,
http_req_duration,1678217708,312.790915,,,,true,,POST,http://20.210.36.32:8080/prediction/knn,HTTP/1.1,contacts,,200,,,http://20.210.36.32:8080/prediction/knn,,
http_req_blocked,1678217708,2.045660,,,,true,,POST,http://20.210.36.32:8080/prediction/knn,HTTP/1.1,contacts,,200,,,http://20.210.36.32:8080/prediction/knn,,
http_req_connecting,1678217708,1.969161,,,,true,,POST,http://20.210.36.32:8080/prediction/knn,HTTP/1.1,contacts,,200,,,http://20.210.36.32:8080/prediction/knn,,
http_req_tls_handshaking,1678217708,0.000000,,,,true,,POST,http://20.210.36.32:8080/prediction/knn,HTTP/1.1,contacts,,200,,,http://20.210.36.32:8080/prediction/knn,,
http_req_sending,1678217708,0.078199,,,,true,,POST,http://20.210.36.32:8080/prediction/knn,HTTP/1.1,contacts,,200,,,http://20.210.36.32:8080/prediction/knn,,
http_req_waiting,1678217708,312.520515,,,,true,,POST,http://20.210.36.32:8080/prediction/knn,HTTP/1.1,contacts,,200,,,http://20.210.36.32:8080/prediction/knn,,
http_req_receiving,1678217708,0.192201,,,,true,,POST,http://20.210.36.32:8080/prediction/knn,HTTP/1.1,contacts,,200,,,http://20.210.36.32:8080/prediction/knn,,
http_req_failed,1678217708,0.000000,,,,true,,POST,http://20.210.36.32:8080/prediction/knn,HTTP/1.1,contacts,,200,,,http://20.210.36.32:8080/prediction/knn,,
responseTime,1678217708,312.790915,,,,,,,,,contacts,,,,,,,
data_sent,1678217708,2088.000000,,,,,,,,,contacts,,,,,,,
data_received,1678217708,199.000000,,,,,,,,,contacts,,,,,,,
iteration_duration,1678217708,315.418669,,,,,,,,,contacts,,,,,,,
iterations,1678217708,1.000000,,,,,,,,,contacts,,,,,,,
http_reqs,1678217708,1.000000,,,,true,,POST,http://20.210.36.32:8080/prediction/knn,HTTP/1.1,contacts,,200,,,http://20.210.36.32:8080/prediction/knn,,
http_req_duration,1678217708,283.532607,,,,true,,POST,http://20.210.36.32:8080/prediction/knn,HTTP/1.1,contacts,,200,,,http://20.210.36.32:8080/prediction/knn,,
http_req_blocked,1678217708,2.395353,,,,true,,POST,http://20.210.36.32:8080/prediction/knn,HTTP/1.1,contacts,,200,,,http://20.210.36.32:8080/prediction/knn,,
http_req_connecting,1678217708,2.322155,,,,true,,POST,http://20.210.36.32:8080/prediction/knn,HTTP/1.1,contacts,,200,,,http://20.210.36.32:8080/prediction/knn,,
http_req_tls_handshaking,1678217708,0.000000,,,,true,,POST,http://20.210.36.32:8080/prediction/knn,HTTP/1.1,contacts,,200,,,http://20.210.36.32:8080/prediction/knn,,
http_req_sending,1678217708,0.125197,,,,true,,POST,http://20.210.36.32:8080/prediction/knn,HTTP/1.1,contacts,,200,,,http://20.210.36.32:8080/prediction/knn,,
http_req_waiting,1678217708,283.260110,,,,true,,POST,http://20.210.36.32:8080/prediction/knn,HTTP/1.1,contacts,,200,,,http://20.210.36.32:8080/prediction/knn,,
http_req_receiving,1678217708,0.147300,,,,true,,POST,http://20.210.36.32:8080/prediction/knn,HTTP/1.1,contacts,,200,,,http://20.210.36.32:8080/prediction/knn,,
http_req_failed,1678217708,0.000000,,,,true,,POST,http://20.210.36.32:8080/prediction/knn,HTTP/1.1,contacts,,200,,,http://20.210.36.32:8080/prediction/knn,,
responseTime,1678217708,283.532607,,,,,,,,,contacts,,,,,,,
data_sent,1678217708,2088.000000,,,,,,,,,contacts,,,,,,,
data_received,1678217708,199.000000,,,,,,,,,contacts,,,,,,,
iteration_duration,1678217708,286.455154,,,,,,,,,contacts,,,,,,,
iterations,1678217708,1.000000,,,,,,,,,contacts,,,,,,,
http_reqs,1678217708,1.000000,,,,true,,POST,http://20.210.36.32:8080/prediction/knn,HTTP/1.1,contacts,,200,,,http://20.210.36.32:8080/prediction/knn,,
http_req_duration,1678217708,314.204714,,,,true,,POST,http://20.210.36.32:8080/prediction/knn,HTTP/1.1,contacts,,200,,,http://20.210.36.32:8080/prediction/knn,,
http_req_blocked,1678217708,2.266355,,,,true,,POST,http://20.210.36.32:8080/prediction/knn,HTTP/1.1,contacts,,200,,,http://20.210.36.32:8080/prediction/knn,,
http_req_connecting,1678217708,2.165257,,,,true,,POST,http://20.210.36.32:8080/prediction/knn,HTTP/1.1,contacts,,200,,,http://20.210.36.32:8080/prediction/knn,,
http_req_tls_handshaking,1678217708,0.000000,,,,true,,POST,http://20.210.36.32:8080/prediction/knn,HTTP/1.1,contacts,,200,,,http://20.210.36.32:8080/prediction/knn,,
http_req_sending,1678217708,0.138497,,,,true,,POST,http://20.210.36.32:8080/prediction/knn,HTTP/1.1,contacts,,200,,,http://20.210.36.32:8080/prediction/knn,,
http_req_waiting,1678217708,313.916016,,,,true,,POST,http://20.210.36.32:8080/prediction/knn,HTTP/1.1,contacts,,200,,,http://20.210.36.32:8080/prediction/knn,,
http_req_receiving,1678217708,0.150201,,,,true,,POST,http://20.210.36.32:8080/prediction/knn,HTTP/1.1,contacts,,200,,,http://20.210.36.32:8080/prediction/knn,,
http_req_failed,1678217708,0.000000,,,,true,,POST,http://20.210.36.32:8080/prediction/knn,HTTP/1.1,contacts,,200,,,http://20.210.36.32:8080/prediction/knn,,
responseTime,1678217708,314.204714,,,,,,,,,contacts,,,,,,,
data_sent,1678217708,2088.000000,,,,,,,,,contacts,,,,,,,
data_received,1678217708,199.000000,,,,,,,,,contacts,,,,,,,
iteration_duration,1678217708,317.192966,,,,,,,,,contacts,,,,,,,
iterations,1678217708,1.000000,,,,,,,,,contacts,,,,,,,
http_reqs,1678217708,1.000000,,,,true,,POST,http://20.210.36.32:8080/prediction/knn,HTTP/1.1,contacts,,200,,,http://20.210.36.32:8080/prediction/knn,,
http_req_duration,1678217708,326.684582,,,,true,,POST,http://20.210.36.32:8080/prediction/knn,HTTP/1.1,contacts,,200,,,http://20.210.36.32:8080/prediction/knn,,
http_req_blocked,1678217708,2.088359,,,,true,,POST,http://20.210.36.32:8080/prediction/knn,HTTP/1.1,contacts,,200,,,http://20.210.36.32:8080/prediction/knn,,
http_req_connecting,1678217708,2.034860,,,,true,,POST,http://20.210.36.32:8080/prediction/knn,HTTP/1.1,contacts,,200,,,http://20.210.36.32:8080/prediction/knn,,
http_req_tls_handshaking,1678217708,0.000000,,,,true,,POST,http://20.210.36.32:8080/prediction/knn,HTTP/1.1,contacts,,200,,,http://20.210.36.32:8080/prediction/knn,,
http_req_sending,1678217708,0.068699,,,,true,,POST,http://20.210.36.32:8080/prediction/knn,HTTP/1.1,contacts,,200,,,http://20.210.36.32:8080/prediction/knn,,
http_req_waiting,1678217708,326.561183,,,,true,,POST,http://20.210.36.32:8080/prediction/knn,HTTP/1.1,contacts,,200,,,http://20.210.36.32:8080/prediction/knn,,
http_req_receiving,1678217708,0.054700,,,,true,,POST,http://20.210.36.32:8080/prediction/knn,HTTP/1.1,contacts,,200,,,http://20.210.36.32:8080/prediction/knn,,
http_req_failed,1678217708,0.000000,,,,true,,POST,http://20.210.36.32:8080/prediction/knn,HTTP/1.1,contacts,,200,,,http://20.210.36.32:8080/prediction/knn,,
responseTime,1678217708,326.684582,,,,,,,,,contacts,,,,,,,
data_sent,1678217708,2088.000000,,,,,,,,,contacts,,,,,,,
data_received,1678217708,199.000000,,,,,,,,,contacts,,,,,,,
iteration_duration,1678217708,329.802440,,,,,,,,,contacts,,,,,,,
iterations,1678217708,1.000000,,,,,,,,,contacts,,,,,,,
http_reqs,1678217708,1.000000,,,,true,,POST,http://20.210.36.32:8080/prediction/knn,HTTP/1.1,contacts,,200,,,http://20.210.36.32:8080/prediction/knn,,
http_req_duration,1678217708,315.238523,,,,true,,POST,http://20.210.36.32:8080/prediction/knn,HTTP/1.1,contacts,,200,,,http://20.210.36.32:8080/prediction/knn,,
http_req_blocked,1678217708,2.361454,,,,true,,POST,http://20.210.36.32:8080/prediction/knn,HTTP/1.1,contacts,,200,,,http://20.210.36.32:8080/prediction/knn,,
http_req_connecting,1678217708,2.277156,,,,true,,POST,http://20.210.36.32:8080/prediction/knn,HTTP/1.1,contacts,,200,,,http://20.210.36.32:8080/prediction/knn,,
http_req_tls_handshaking,1678217708,0.000000,,,,true,,POST,http://20.210.36.32:8080/prediction/knn,HTTP/1.1,contacts,,200,,,http://20.210.36.32:8080/prediction/knn,,
http_req_sending,1678217708,0.075198,,,,true,,POST,http://20.210.36.32:8080/prediction/knn,HTTP/1.1,contacts,,200,,,http://20.210.36.32:8080/prediction/knn,,
http_req_waiting,1678217708,313.060915,,,,true,,POST,http://20.210.36.32:8080/prediction/knn,HTTP/1.1,contacts,,200,,,http://20.210.36.32:8080/prediction/knn,,
http_req_receiving,1678217708,2.102410,,,,true,,POST,http://20.210.36.32:8080/prediction/knn,HTTP/1.1,contacts,,200,,,http://20.210.36.32:8080/prediction/knn,,
http_req_failed,1678217708,0.000000,,,,true,,POST,http://20.210.36.32:8080/prediction/knn,HTTP/1.1,contacts,,200,,,http://20.210.36.32:8080/prediction/knn,,
responseTime,1678217708,315.238523,,,,,,,,,contacts,,,,,,,
data_sent,1678217708,2088.000000,,,,,,,,,contacts,,,,,,,
data_received,1678217708,199.000000,,,,,,,,,contacts,,,,,,,
iteration_duration,1678217708,318.025873,,,,,,,,,contacts,,,,,,,
iterations,1678217708,1.000000,,,,,,,,,contacts,,,,,,,
http_reqs,1678217708,1.000000,,,,true,,POST,http://20.210.36.32:8080/prediction/knn,HTTP/1.1,contacts,,200,,,http://20.210.36.32:8080/prediction/knn,,
http_req_duration,1678217708,300.336412,,,,true,,POST,http://20.210.36.32:8080/prediction/knn,HTTP/1.1,contacts,,200,,,http://20.210.36.32:8080/prediction/knn,,
http_req_blocked,1678217708,2.182057,,,,true,,POST,http://20.210.36.32:8080/prediction/knn,HTTP/1.1,contacts,,200,,,http://20.210.36.32:8080/prediction/knn,,
http_req_connecting,1678217708,2.093759,,,,true,,POST,http://20.210.36.32:8080/prediction/knn,HTTP/1.1,contacts,,200,,,http://20.210.36.32:8080/prediction/knn,,
http_req_tls_handshaking,1678217708,0.000000,,,,true,,POST,http://20.210.36.32:8080/prediction/knn,HTTP/1.1,contacts,,200,,,http://20.210.36.32:8080/prediction/knn,,
http_req_sending,1678217708,0.096698,,,,true,,POST,http://20.210.36.32:8080/prediction/knn,HTTP/1.1,contacts,,200,,,http://20.210.36.32:8080/prediction/knn,,
http_req_waiting,1678217708,295.224690,,,,true,,POST,http://20.210.36.32:8080/prediction/knn,HTTP/1.1,contacts,,200,,,http://20.210.36.32:8080/prediction/knn,,
http_req_receiving,1678217708,5.015024,,,,true,,POST,http://20.210.36.32:8080/prediction/knn,HTTP/1.1,contacts,,200,,,http://20.210.36.32:8080/prediction/knn,,
http_req_failed,1678217708,0.000000,,,,true,,POST,http://20.210.36.32:8080/prediction/knn,HTTP/1.1,contacts,,200,,,http://20.210.36.32:8080/prediction/knn,,
responseTime,1678217708,300.336412,,,,,,,,,contacts,,,,,,,
data_sent,1678217708,2088.000000,,,,,,,,,contacts,,,,,,,
data_received,1678217708,199.000000,,,,,,,,,contacts,,,,,,,
iteration_duration,1678217708,302.871165,,,,,,,,,contacts,,,,,,,
iterations,1678217708,1.000000,,,,,,,,,contacts,,,,,,,
http_reqs,1678217708,1.000000,,,,true,,POST,http://20.210.36.32:8080/prediction/knn,HTTP/1.1,contacts,,200,,,http://20.210.36.32:8080/prediction/knn,,
http_req_duration,1678217708,293.248837,,,,true,,POST,http://20.210.36.32:8080/prediction/knn,HTTP/1.1,contacts,,200,,,http://20.210.36.32:8080/prediction/knn,,
http_req_blocked,1678217708,2.272556,,,,true,,POST,http://20.210.36.32:8080/prediction/knn,HTTP/1.1,contacts,,200,,,http://20.210.36.32:8080/prediction/knn,,
http_req_connecting,1678217708,2.175557,,,,true,,POST,http://20.210.36.32:8080/prediction/knn,HTTP/1.1,contacts,,200,,,http://20.210.36.32:8080/prediction/knn,,
http_req_tls_handshaking,1678217708,0.000000,,,,true,,POST,http://20.210.36.32:8080/prediction/knn,HTTP/1.1,contacts,,200,,,http://20.210.36.32:8080/prediction/knn,,
http_req_sending,1678217708,0.099998,,,,true,,POST,http://20.210.36.32:8080/prediction/knn,HTTP/1.1,contacts,,200,,,http://20.210.36.32:8080/prediction/knn,,
http_req_waiting,1678217708,293.078938,,,,true,,POST,http://20.210.36.32:8080/prediction/knn,HTTP/1.1,contacts,,200,,,http://20.210.36.32:8080/prediction/knn,,
http_req_receiving,1678217708,0.069901,,,,true,,POST,http://20.210.36.32:8080/prediction/knn,HTTP/1.1,contacts,,200,,,http://20.210.36.32:8080/prediction/knn,,
http_req_failed,1678217708,0.000000,,,,true,,POST,http://20.210.36.32:8080/prediction/knn,HTTP/1.1,contacts,,200,,,http://20.210.36.32:8080/prediction/knn,,
responseTime,1678217708,293.248837,,,,,,,,,contacts,,,,,,,
data_sent,1678217708,2088.000000,,,,,,,,,contacts,,,,,,,
data_received,1678217708,199.000000,,,,,,,,,contacts,,,,,,,
iteration_duration,1678217708,295.933987,,,,,,,,,contacts,,,,,,,
iterations,1678217708,1.000000,,,,,,,,,contacts,,,,,,,
http_reqs,1678217709,1.000000,,,,true,,POST,http://20.210.36.32:8080/prediction/knn,HTTP/1.1,contacts,,200,,,http://20.210.36.32:8080/prediction/knn,,
http_req_duration,1678217709,298.114269,,,,true,,POST,http://20.210.36.32:8080/prediction/knn,HTTP/1.1,contacts,,200,,,http://20.210.36.32:8080/prediction/knn,,
http_req_blocked,1678217709,2.318454,,,,true,,POST,http://20.210.36.32:8080/prediction/knn,HTTP/1.1,contacts,,200,,,http://20.210.36.32:8080/prediction/knn,,
http_req_connecting,1678217709,2.244456,,,,true,,POST,http://20.210.36.32:8080/prediction/knn,HTTP/1.1,contacts,,200,,,http://20.210.36.32:8080/prediction/knn,,
http_req_tls_handshaking,1678217709,0.000000,,,,true,,POST,http://20.210.36.32:8080/prediction/knn,HTTP/1.1,contacts,,200,,,http://20.210.36.32:8080/prediction/knn,,
http_req_sending,1678217709,0.071198,,,,true,,POST,http://20.210.36.32:8080/prediction/knn,HTTP/1.1,contacts,,200,,,http://20.210.36.32:8080/prediction/knn,,
http_req_waiting,1678217709,297.697470,,,,true,,POST,http://20.210.36.32:8080/prediction/knn,HTTP/1.1,contacts,,200,,,http://20.210.36.32:8080/prediction/knn,,
http_req_receiving,1678217709,0.345601,,,,true,,POST,http://20.210.36.32:8080/prediction/knn,HTTP/1.1,contacts,,200,,,http://20.210.36.32:8080/prediction/knn,,
http_req_failed,1678217709,0.000000,,,,true,,POST,http://20.210.36.32:8080/prediction/knn,HTTP/1.1,contacts,,200,,,http://20.210.36.32:8080/prediction/knn,,
responseTime,1678217709,298.114269,,,,,,,,,contacts,,,,,,,
data_sent,1678217709,2088.000000,,,,,,,,,contacts,,,,,,,
data_received,1678217709,199.000000,,,,,,,,,contacts,,,,,,,
iteration_duration,1678217709,301.000320,,,,,,,,,contacts,,,,,,,
iterations,1678217709,1.000000,,,,,,,,,contacts,,,,,,,
http_reqs,1678217709,1.000000,,,,true,,POST,http://20.210.36.32:8080/prediction/knn,HTTP/1.1,contacts,,200,,,http://20.210.36.32:8080/prediction/knn,,
http_req_duration,1678217709,297.488802,,,,true,,POST,http://20.210.36.32:8080/prediction/knn,HTTP/1.1,contacts,,200,,,http://20.210.36.32:8080/prediction/knn,,
http_req_blocked,1678217709,3.012741,,,,true,,POST,http://20.210.36.32:8080/prediction/knn,HTTP/1.1,contacts,,200,,,http://20.210.36.32:8080/prediction/knn,,
http_req_connecting,1678217709,2.950143,,,,true,,POST,http://20.210.36.32:8080/prediction/knn,HTTP/1.1,contacts,,200,,,http://20.210.36.32:8080/prediction/knn,,
http_req_tls_handshaking,1678217709,0.000000,,,,true,,POST,http://20.210.36.32:8080/prediction/knn,HTTP/1.1,contacts,,200,,,http://20.210.36.32:8080/prediction/knn,,
http_req_sending,1678217709,0.061598,,,,true,,POST,http://20.210.36.32:8080/prediction/knn,HTTP/1.1,contacts,,200,,,http://20.210.36.32:8080/prediction/knn,,
http_req_waiting,1678217709,297.311604,,,,true,,POST,http://20.210.36.32:8080/prediction/knn,HTTP/1.1,contacts,,200,,,http://20.210.36.32:8080/prediction/knn,,
http_req_receiving,1678217709,0.115600,,,,true,,POST,http://20.210.36.32:8080/prediction/knn,HTTP/1.1,contacts,,200,,,http://20.210.36.32:8080/prediction/knn,,
http_req_failed,1678217709,0.000000,,,,true,,POST,http://20.210.36.32:8080/prediction/knn,HTTP/1.1,contacts,,200,,,http://20.210.36.32:8080/prediction/knn,,
responseTime,1678217709,297.488802,,,,,,,,,contacts,,,,,,,
data_sent,1678217709,2088.000000,,,,,,,,,contacts,,,,,,,
data_received,1678217709,199.000000,,,,,,,,,contacts,,,,,,,
iteration_duration,1678217709,300.923139,,,,,,,,,contacts,,,,,,,
iterations,1678217709,1.000000,,,,,,,,,contacts,,,,,,,
http_reqs,1678217709,1.000000,,,,true,,POST,http://20.210.36.32:8080/prediction/knn,HTTP/1.1,contacts,,200,,,http://20.210.36.32:8080/prediction/knn,,
http_req_duration,1678217709,320.636340,,,,true,,POST,http://20.210.36.32:8080/prediction/knn,HTTP/1.1,contacts,,200,,,http://20.210.36.32:8080/prediction/knn,,
http_req_blocked,1678217709,2.050860,,,,true,,POST,http://20.210.36.32:8080/prediction/knn,HTTP/1.1,contacts,,200,,,http://20.210.36.32:8080/prediction/knn,,
http_req_connecting,1678217709,1.986161,,,,true,,POST,http://20.210.36.32:8080/prediction/knn,HTTP/1.1,contacts,,200,,,http://20.210.36.32:8080/prediction/knn,,
http_req_tls_handshaking,1678217709,0.000000,,,,true,,POST,http://20.210.36.32:8080/prediction/knn,HTTP/1.1,contacts,,200,,,http://20.210.36.32:8080/prediction/knn,,
http_req_sending,1678217709,0.059199,,,,true,,POST,http://20.210.36.32:8080/prediction/knn,HTTP/1.1,contacts,,200,,,http://20.210.36.32:8080/prediction/knn,,
http_req_waiting,1678217709,320.505941,,,,true,,POST,http://20.210.36.32:8080/prediction/knn,HTTP/1.1,contacts,,200,,,http://20.210.36.32:8080/prediction/knn,,
http_req_receiving,1678217709,0.071200,,,,true,,POST,http://20.210.36.32:8080/prediction/knn,HTTP/1.1,contacts,,200,,,http://20.210.36.32:8080/prediction/knn,,
http_req_failed,1678217709,0.000000,,,,true,,POST,http://20.210.36.32:8080/prediction/knn,HTTP/1.1,contacts,,200,,,http://20.210.36.32:8080/prediction/knn,,
responseTime,1678217709,320.636340,,,,,,,,,contacts,,,,,,,
data_sent,1678217709,2088.000000,,,,,,,,,contacts,,,,,,,
data_received,1678217709,199.000000,,,,,,,,,contacts,,,,,,,
iteration_duration,1678217709,323.158298,,,,,,,,,contacts,,,,,,,
iterations,1678217709,1.000000,,,,,,,,,contacts,,,,,,,
http_reqs,1678217709,1.000000,,,,true,,POST,http://20.210.36.32:8080/prediction/knn,HTTP/1.1,contacts,,200,,,http://20.210.36.32:8080/prediction/knn,,
http_req_duration,1678217709,332.073624,,,,true,,POST,http://20.210.36.32:8080/prediction/knn,HTTP/1.1,contacts,,200,,,http://20.210.36.32:8080/prediction/knn,,
http_req_blocked,1678217709,2.582249,,,,true,,POST,http://20.210.36.32:8080/prediction/knn,HTTP/1.1,contacts,,200,,,http://20.210.36.32:8080/prediction/knn,,
http_req_connecting,1678217709,2.526550,,,,true,,POST,http://20.210.36.32:8080/prediction/knn,HTTP/1.1,contacts,,200,,,http://20.210.36.32:8080/prediction/knn,,
http_req_tls_handshaking,1678217709,0.000000,,,,true,,POST,http://20.210.36.32:8080/prediction/knn,HTTP/1.1,contacts,,200,,,http://20.210.36.32:8080/prediction/knn,,
http_req_sending,1678217709,0.062699,,,,true,,POST,http://20.210.36.32:8080/prediction/knn,HTTP/1.1,contacts,,200,,,http://20.210.36.32:8080/prediction/knn,,
http_req_waiting,1678217709,323.141583,,,,true,,POST,http://20.210.36.32:8080/prediction/knn,HTTP/1.1,contacts,,200,,,http://20.210.36.32:8080/prediction/knn,,
http_req_receiving,1678217709,8.869342,,,,true,,POST,http://20.210.36.32:8080/prediction/knn,HTTP/1.1,contacts,,200,,,http://20.210.36.32:8080/prediction/knn,,
http_req_failed,1678217709,0.000000,,,,true,,POST,http://20.210.36.32:8080/prediction/knn,HTTP/1.1,contacts,,200,,,http://20.210.36.32:8080/prediction/knn,,
responseTime,1678217709,332.073624,,,,,,,,,contacts,,,,,,,
data_sent,1678217709,2088.000000,,,,,,,,,contacts,,,,,,,
data_received,1678217709,199.000000,,,,,,,,,contacts,,,,,,,
iteration_duration,1678217709,335.780557,,,,,,,,,contacts,,,,,,,
iterations,1678217709,1.000000,,,,,,,,,contacts,,,,,,,
http_reqs,1678217709,1.000000,,,,true,,POST,http://20.210.36.32:8080/prediction/knn,HTTP/1.1,contacts,,200,,,http://20.210.36.32:8080/prediction/knn,,
http_req_duration,1678217709,372.134058,,,,true,,POST,http://20.210.36.32:8080/prediction/knn,HTTP/1.1,contacts,,200,,,http://20.210.36.32:8080/prediction/knn,,
http_req_blocked,1678217709,1.972561,,,,true,,POST,http://20.210.36.32:8080/prediction/knn,HTTP/1.1,contacts,,200,,,http://20.210.36.32:8080/prediction/knn,,
http_req_connecting,1678217709,1.836364,,,,true,,POST,http://20.210.36.32:8080/prediction/knn,HTTP/1.1,contacts,,200,,,http://20.210.36.32:8080/prediction/knn,,
http_req_tls_handshaking,1678217709,0.000000,,,,true,,POST,http://20.210.36.32:8080/prediction/knn,HTTP/1.1,contacts,,200,,,http://20.210.36.32:8080/prediction/knn,,
http_req_sending,1678217709,0.136497,,,,true,,POST,http://20.210.36.32:8080/prediction/knn,HTTP/1.1,contacts,,200,,,http://20.210.36.32:8080/prediction/knn,,
http_req_waiting,1678217709,371.909761,,,,true,,POST,http://20.210.36.32:8080/prediction/knn,HTTP/1.1,contacts,,200,,,http://20.210.36.32:8080/prediction/knn,,
http_req_receiving,1678217709,0.087800,,,,true,,POST,http://20.210.36.32:8080/prediction/knn,HTTP/1.1,contacts,,200,,,http://20.210.36.32:8080/prediction/knn,,
http_req_failed,1678217709,0.000000,,,,true,,POST,http://20.210.36.32:8080/prediction/knn,HTTP/1.1,contacts,,200,,,http://20.210.36.32:8080/prediction/knn,,
responseTime,1678217709,372.134058,,,,,,,,,contacts,,,,,,,
data_sent,1678217709,2088.000000,,,,,,,,,contacts,,,,,,,
data_received,1678217709,199.000000,,,,,,,,,contacts,,,,,,,
iteration_duration,1678217709,374.745312,,,,,,,,,contacts,,,,,,,
iterations,1678217709,1.000000,,,,,,,,,contacts,,,,,,,
http_reqs,1678217709,1.000000,,,,true,,POST,http://20.210.36.32:8080/prediction/knn,HTTP/1.1,contacts,,200,,,http://20.210.36.32:8080/prediction/knn,,
http_req_duration,1678217709,381.522261,,,,true,,POST,http://20.210.36.32:8080/prediction/knn,HTTP/1.1,contacts,,200,,,http://20.210.36.32:8080/prediction/knn,,
http_req_blocked,1678217709,2.232656,,,,true,,POST,http://20.210.36.32:8080/prediction/knn,HTTP/1.1,contacts,,200,,,http://20.210.36.32:8080/prediction/knn,,
http_req_connecting,1678217709,2.176157,,,,true,,POST,http://20.210.36.32:8080/prediction/knn,HTTP/1.1,contacts,,200,,,http://20.210.36.32:8080/prediction/knn,,
http_req_tls_handshaking,1678217709,0.000000,,,,true,,POST,http://20.210.36.32:8080/prediction/knn,HTTP/1.1,contacts,,200,,,http://20.210.36.32:8080/prediction/knn,,
http_req_sending,1678217709,0.047799,,,,true,,POST,http://20.210.36.32:8080/prediction/knn,HTTP/1.1,contacts,,200,,,http://20.210.36.32:8080/prediction/knn,,
http_req_waiting,1678217709,381.119661,,,,true,,POST,http://20.210.36.32:8080/prediction/knn,HTTP/1.1,contacts,,200,,,http://20.210.36.32:8080/prediction/knn,,
http_req_receiving,1678217709,0.354801,,,,true,,POST,http://20.210.36.32:8080/prediction/knn,HTTP/1.1,contacts,,200,,,http://20.210.36.32:8080/prediction/knn,,
http_req_failed,1678217709,0.000000,,,,true,,POST,http://20.210.36.32:8080/prediction/knn,HTTP/1.1,contacts,,200,,,http://20.210.36.32:8080/prediction/knn,,
responseTime,1678217709,381.522261,,,,,,,,,contacts,,,,,,,
data_sent,1678217709,2088.000000,,,,,,,,,contacts,,,,,,,
data_received,1678217709,199.000000,,,,,,,,,contacts,,,,,,,
iteration_duration,1678217709,384.206714,,,,,,,,,contacts,,,,,,,
iterations,1678217709,1.000000,,,,,,,,,contacts,,,,,,,
http_reqs,1678217709,1.000000,,,,true,,POST,http://20.210.36.32:8080/prediction/knn,HTTP/1.1,contacts,,200,,,http://20.210.36.32:8080/prediction/knn,,
http_req_duration,1678217709,394.959613,,,,true,,POST,http://20.210.36.32:8080/prediction/knn,HTTP/1.1,contacts,,200,,,http://20.210.36.32:8080/prediction/knn,,
http_req_blocked,1678217709,2.726947,,,,true,,POST,http://20.210.36.32:8080/prediction/knn,HTTP/1.1,contacts,,200,,,http://20.210.36.32:8080/prediction/knn,,
http_req_connecting,1678217709,2.659648,,,,true,,POST,http://20.210.36.32:8080/prediction/knn,HTTP/1.1,contacts,,200,,,http://20.210.36.32:8080/prediction/knn,,
http_req_tls_handshaking,1678217709,0.000000,,,,true,,POST,http://20.210.36.32:8080/prediction/knn,HTTP/1.1,contacts,,200,,,http://20.210.36.32:8080/prediction/knn,,
http_req_sending,1678217709,0.138197,,,,true,,POST,http://20.210.36.32:8080/prediction/knn,HTTP/1.1,contacts,,200,,,http://20.210.36.32:8080/prediction/knn,,
http_req_waiting,1678217709,388.305686,,,,true,,POST,http://20.210.36.32:8080/prediction/knn,HTTP/1.1,contacts,,200,,,http://20.210.36.32:8080/prediction/knn,,
http_req_receiving,1678217709,6.515730,,,,true,,POST,http://20.210.36.32:8080/prediction/knn,HTTP/1.1,contacts,,200,,,http://20.210.36.32:8080/prediction/knn,,
http_req_failed,1678217709,0.000000,,,,true,,POST,http://20.210.36.32:8080/prediction/knn,HTTP/1.1,contacts,,200,,,http://20.210.36.32:8080/prediction/knn,,
responseTime,1678217709,394.959613,,,,,,,,,contacts,,,,,,,
data_sent,1678217709,2088.000000,,,,,,,,,contacts,,,,,,,
data_received,1678217709,199.000000,,,,,,,,,contacts,,,,,,,
iteration_duration,1678217709,398.252856,,,,,,,,,contacts,,,,,,,
iterations,1678217709,1.000000,,,,,,,,,contacts,,,,,,,
http_reqs,1678217709,1.000000,,,,true,,POST,http://20.210.36.32:8080/prediction/knn,HTTP/1.1,contacts,,200,,,http://20.210.36.32:8080/prediction/knn,,
http_req_duration,1678217709,358.133067,,,,true,,POST,http://20.210.36.32:8080/prediction/knn,HTTP/1.1,contacts,,200,,,http://20.210.36.32:8080/prediction/knn,,
http_req_blocked,1678217709,1.920863,,,,true,,POST,http://20.210.36.32:8080/prediction/knn,HTTP/1.1,contacts,,200,,,http://20.210.36.32:8080/prediction/knn,,
http_req_connecting,1678217709,1.851464,,,,true,,POST,http://20.210.36.32:8080/prediction/knn,HTTP/1.1,contacts,,200,,,http://20.210.36.32:8080/prediction/knn,,
http_req_tls_handshaking,1678217709,0.000000,,,,true,,POST,http://20.210.36.32:8080/prediction/knn,HTTP/1.1,contacts,,200,,,http://20.210.36.32:8080/prediction/knn,,
http_req_sending,1678217709,0.069399,,,,true,,POST,http://20.210.36.32:8080/prediction/knn,HTTP/1.1,contacts,,200,,,http://20.210.36.32:8080/prediction/knn,,
http_req_waiting,1678217709,357.558465,,,,true,,POST,http://20.210.36.32:8080/prediction/knn,HTTP/1.1,contacts,,200,,,http://20.210.36.32:8080/prediction/knn,,
http_req_receiving,1678217709,0.505203,,,,true,,POST,http://20.210.36.32:8080/prediction/knn,HTTP/1.1,contacts,,200,,,http://20.210.36.32:8080/prediction/knn,,
http_req_failed,1678217709,0.000000,,,,true,,POST,http://20.210.36.32:8080/prediction/knn,HTTP/1.1,contacts,,200,,,http://20.210.36.32:8080/prediction/knn,,
responseTime,1678217709,358.133067,,,,,,,,,contacts,,,,,,,
data_sent,1678217709,2088.000000,,,,,,,,,contacts,,,,,,,
data_received,1678217709,199.000000,,,,,,,,,contacts,,,,,,,
iteration_duration,1678217709,361.032221,,,,,,,,,contacts,,,,,,,
iterations,1678217709,1.000000,,,,,,,,,contacts,,,,,,,
http_reqs,1678217709,1.000000,,,,true,,POST,http://20.210.36.32:8080/prediction/knn,HTTP/1.1,contacts,,200,,,http://20.210.36.32:8080/prediction/knn,,
http_req_duration,1678217709,485.691632,,,,true,,POST,http://20.210.36.32:8080/prediction/knn,HTTP/1.1,contacts,,200,,,http://20.210.36.32:8080/prediction/knn,,
http_req_blocked,1678217709,2.317555,,,,true,,POST,http://20.210.36.32:8080/prediction/knn,HTTP/1.1,contacts,,200,,,http://20.210.36.32:8080/prediction/knn,,
http_req_connecting,1678217709,2.247455,,,,true,,POST,http://20.210.36.32:8080/prediction/knn,HTTP/1.1,contacts,,200,,,http://20.210.36.32:8080/prediction/knn,,
http_req_tls_handshaking,1678217709,0.000000,,,,true,,POST,http://20.210.36.32:8080/prediction/knn,HTTP/1.1,contacts,,200,,,http://20.210.36.32:8080/prediction/knn,,
http_req_sending,1678217709,0.086899,,,,true,,POST,http://20.210.36.32:8080/prediction/knn,HTTP/1.1,contacts,,200,,,http://20.210.36.32:8080/prediction/knn,,
http_req_waiting,1678217709,485.473232,,,,true,,POST,http://20.210.36.32:8080/prediction/knn,HTTP/1.1,contacts,,200,,,http://20.210.36.32:8080/prediction/knn,,
http_req_receiving,1678217709,0.131501,,,,true,,POST,http://20.210.36.32:8080/prediction/knn,HTTP/1.1,contacts,,200,,,http://20.210.36.32:8080/prediction/knn,,
http_req_failed,1678217709,0.000000,,,,true,,POST,http://20.210.36.32:8080/prediction/knn,HTTP/1.1,contacts,,200,,,http://20.210.36.32:8080/prediction/knn,,
responseTime,1678217709,485.691632,,,,,,,,,contacts,,,,,,,
data_sent,1678217709,2088.000000,,,,,,,,,contacts,,,,,,,
data_received,1678217709,199.000000,,,,,,,,,contacts,,,,,,,
iteration_duration,1678217709,489.202383,,,,,,,,,contacts,,,,,,,
iterations,1678217709,1.000000,,,,,,,,,contacts,,,,,,,
http_reqs,1678217709,1.000000,,,,true,,POST,http://20.210.36.32:8080/prediction/knn,HTTP/1.1,contacts,,200,,,http://20.210.36.32:8080/prediction/knn,,
http_req_duration,1678217709,489.001007,,,,true,,POST,http://20.210.36.32:8080/prediction/knn,HTTP/1.1,contacts,,200,,,http://20.210.36.32:8080/prediction/knn,,
http_req_blocked,1678217709,3.798326,,,,true,,POST,http://20.210.36.32:8080/prediction/knn,HTTP/1.1,contacts,,200,,,http://20.210.36.32:8080/prediction/knn,,
http_req_connecting,1678217709,3.713427,,,,true,,POST,http://20.210.36.32:8080/prediction/knn,HTTP/1.1,contacts,,200,,,http://20.210.36.32:8080/prediction/knn,,
http_req_tls_handshaking,1678217709,0.000000,,,,true,,POST,http://20.210.36.32:8080/prediction/knn,HTTP/1.1,contacts,,200,,,http://20.210.36.32:8080/prediction/knn,,
http_req_sending,1678217709,0.147397,,,,true,,POST,http://20.210.36.32:8080/prediction/knn,HTTP/1.1,contacts,,200,,,http://20.210.36.32:8080/prediction/knn,,
http_req_waiting,1678217709,486.767300,,,,true,,POST,http://20.210.36.32:8080/prediction/knn,HTTP/1.1,contacts,,200,,,http://20.210.36.32:8080/prediction/knn,,
http_req_receiving,1678217709,2.086310,,,,true,,POST,http://20.210.36.32:8080/prediction/knn,HTTP/1.1,contacts,,200,,,http://20.210.36.32:8080/prediction/knn,,
http_req_failed,1678217709,0.000000,,,,true,,POST,http://20.210.36.32:8080/prediction/knn,HTTP/1.1,contacts,,200,,,http://20.210.36.32:8080/prediction/knn,,
responseTime,1678217709,489.001007,,,,,,,,,contacts,,,,,,,
data_sent,1678217709,2088.000000,,,,,,,,,contacts,,,,,,,
data_received,1678217709,199.000000,,,,,,,,,contacts,,,,,,,
iteration_duration,1678217709,493.128628,,,,,,,,,contacts,,,,,,,
iterations,1678217709,1.000000,,,,,,,,,contacts,,,,,,,
http_reqs,1678217709,1.000000,,,,true,,POST,http://20.210.36.32:8080/prediction/knn,HTTP/1.1,contacts,,200,,,http://20.210.36.32:8080/prediction/knn,,
http_req_duration,1678217709,487.430850,,,,true,,POST,http://20.210.36.32:8080/prediction/knn,HTTP/1.1,contacts,,200,,,http://20.210.36.32:8080/prediction/knn,,
http_req_blocked,1678217709,2.581449,,,,true,,POST,http://20.210.36.32:8080/prediction/knn,HTTP/1.1,contacts,,200,,,http://20.210.36.32:8080/prediction/knn,,
http_req_connecting,1678217709,2.396353,,,,true,,POST,http://20.210.36.32:8080/prediction/knn,HTTP/1.1,contacts,,200,,,http://20.210.36.32:8080/prediction/knn,,
http_req_tls_handshaking,1678217709,0.000000,,,,true,,POST,http://20.210.36.32:8080/prediction/knn,HTTP/1.1,contacts,,200,,,http://20.210.36.32:8080/prediction/knn,,
http_req_sending,1678217709,0.163297,,,,true,,POST,http://20.210.36.32:8080/prediction/knn,HTTP/1.1,contacts,,200,,,http://20.210.36.32:8080/prediction/knn,,
http_req_waiting,1678217709,486.593550,,,,true,,POST,http://20.210.36.32:8080/prediction/knn,HTTP/1.1,contacts,,200,,,http://20.210.36.32:8080/prediction/knn,,
http_req_receiving,1678217709,0.674003,,,,true,,POST,http://20.210.36.32:8080/prediction/knn,HTTP/1.1,contacts,,200,,,http://20.210.36.32:8080/prediction/knn,,
http_req_failed,1678217709,0.000000,,,,true,,POST,http://20.210.36.32:8080/prediction/knn,HTTP/1.1,contacts,,200,,,http://20.210.36.32:8080/prediction/knn,,
responseTime,1678217709,487.430850,,,,,,,,,contacts,,,,,,,
data_sent,1678217709,2088.000000,,,,,,,,,contacts,,,,,,,
data_received,1678217709,199.000000,,,,,,,,,contacts,,,,,,,
iteration_duration,1678217709,490.801088,,,,,,,,,contacts,,,,,,,
iterations,1678217709,1.000000,,,,,,,,,contacts,,,,,,,
http_reqs,1678217709,1.000000,,,,true,,POST,http://20.210.36.32:8080/prediction/knn,HTTP/1.1,contacts,,200,,,http://20.210.36.32:8080/prediction/knn,,
http_req_duration,1678217709,288.544363,,,,true,,POST,http://20.210.36.32:8080/prediction/knn,HTTP/1.1,contacts,,200,,,http://20.210.36.32:8080/prediction/knn,,
http_req_blocked,1678217709,3.918618,,,,true,,POST,http://20.210.36.32:8080/prediction/knn,HTTP/1.1,contacts,,200,,,http://20.210.36.32:8080/prediction/knn,,
http_req_connecting,1678217709,3.826718,,,,true,,POST,http://20.210.36.32:8080/prediction/knn,HTTP/1.1,contacts,,200,,,http://20.210.36.32:8080/prediction/knn,,
http_req_tls_handshaking,1678217709,0.000000,,,,true,,POST,http://20.210.36.32:8080/prediction/knn,HTTP/1.1,contacts,,200,,,http://20.210.36.32:8080/prediction/knn,,
http_req_sending,1678217709,0.075700,,,,true,,POST,http://20.210.36.32:8080/prediction/knn,HTTP/1.1,contacts,,200,,,http://20.210.36.32:8080/prediction/knn,,
http_req_waiting,1678217709,288.397062,,,,true,,POST,http://20.210.36.32:8080/prediction/knn,HTTP/1.1,contacts,,200,,,http://20.210.36.32:8080/prediction/knn,,
http_req_receiving,1678217709,0.071601,,,,true,,POST,http://20.210.36.32:8080/prediction/knn,HTTP/1.1,contacts,,200,,,http://20.210.36.32:8080/prediction/knn,,
http_req_failed,1678217709,0.000000,,,,true,,POST,http://20.210.36.32:8080/prediction/knn,HTTP/1.1,contacts,,200,,,http://20.210.36.32:8080/prediction/knn,,
responseTime,1678217709,288.544363,,,,,,,,,contacts,,,,,,,
data_sent,1678217709,2088.000000,,,,,,,,,contacts,,,,,,,
data_received,1678217709,199.000000,,,,,,,,,contacts,,,,,,,
iteration_duration,1678217709,292.916683,,,,,,,,,contacts,,,,,,,
iterations,1678217709,1.000000,,,,,,,,,contacts,,,,,,,
http_reqs,1678217709,1.000000,,,,true,,POST,http://20.210.36.32:8080/prediction/knn,HTTP/1.1,contacts,,200,,,http://20.210.36.32:8080/prediction/knn,,
http_req_duration,1678217709,418.145075,,,,true,,POST,http://20.210.36.32:8080/prediction/knn,HTTP/1.1,contacts,,200,,,http://20.210.36.32:8080/prediction/knn,,
http_req_blocked,1678217709,2.192110,,,,true,,POST,http://20.210.36.32:8080/prediction/knn,HTTP/1.1,contacts,,200,,,http://20.210.36.32:8080/prediction/knn,,
http_req_connecting,1678217709,2.010009,,,,true,,POST,http://20.210.36.32:8080/prediction/knn,HTTP/1.1,contacts,,200,,,http://20.210.36.32:8080/prediction/knn,,
http_req_tls_handshaking,1678217709,0.000000,,,,true,,POST,http://20.210.36.32:8080/prediction/knn,HTTP/1.1,contacts,,200,,,http://20.210.36.32:8080/prediction/knn,,
http_req_sending,1678217709,0.111601,,,,true,,POST,http://20.210.36.32:8080/prediction/knn,HTTP/1.1,contacts,,200,,,http://20.210.36.32:8080/prediction/knn,,
http_req_waiting,1678217709,417.719572,,,,true,,POST,http://20.210.36.32:8080/prediction/knn,HTTP/1.1,contacts,,200,,,http://20.210.36.32:8080/prediction/knn,,
http_req_receiving,1678217709,0.313902,,,,true,,POST,http://20.210.36.32:8080/prediction/knn,HTTP/1.1,contacts,,200,,,http://20.210.36.32:8080/prediction/knn,,
http_req_failed,1678217709,0.000000,,,,true,,POST,http://20.210.36.32:8080/prediction/knn,HTTP/1.1,contacts,,200,,,http://20.210.36.32:8080/prediction/knn,,
responseTime,1678217709,418.145075,,,,,,,,,contacts,,,,,,,
data_sent,1678217709,2088.000000,,,,,,,,,contacts,,,,,,,
data_received,1678217709,199.000000,,,,,,,,,contacts,,,,,,,
iteration_duration,1678217709,420.727386,,,,,,,,,contacts,,,,,,,
iterations,1678217709,1.000000,,,,,,,,,contacts,,,,,,,
http_reqs,1678217709,1.000000,,,,true,,POST,http://20.210.36.32:8080/prediction/knn,HTTP/1.1,contacts,,200,,,http://20.210.36.32:8080/prediction/knn,,
http_req_duration,1678217709,385.672721,,,,true,,POST,http://20.210.36.32:8080/prediction/knn,HTTP/1.1,contacts,,200,,,http://20.210.36.32:8080/prediction/knn,,
http_req_blocked,1678217709,2.503012,,,,true,,POST,http://20.210.36.32:8080/prediction/knn,HTTP/1.1,contacts,,200,,,http://20.210.36.32:8080/prediction/knn,,
http_req_connecting,1678217709,2.344511,,,,true,,POST,http://20.210.36.32:8080/prediction/knn,HTTP/1.1,contacts,,200,,,http://20.210.36.32:8080/prediction/knn,,
http_req_tls_handshaking,1678217709,0.000000,,,,true,,POST,http://20.210.36.32:8080/prediction/knn,HTTP/1.1,contacts,,200,,,http://20.210.36.32:8080/prediction/knn,,
http_req_sending,1678217709,0.190301,,,,true,,POST,http://20.210.36.32:8080/prediction/knn,HTTP/1.1,contacts,,200,,,http://20.210.36.32:8080/prediction/knn,,
http_req_waiting,1678217709,383.055009,,,,true,,POST,http://20.210.36.32:8080/prediction/knn,HTTP/1.1,contacts,,200,,,http://20.210.36.32:8080/prediction/knn,,
http_req_receiving,1678217709,2.427411,,,,true,,POST,http://20.210.36.32:8080/prediction/knn,HTTP/1.1,contacts,,200,,,http://20.210.36.32:8080/prediction/knn,,
http_req_failed,1678217709,0.000000,,,,true,,POST,http://20.210.36.32:8080/prediction/knn,HTTP/1.1,contacts,,200,,,http://20.210.36.32:8080/prediction/knn,,
responseTime,1678217709,385.672721,,,,,,,,,contacts,,,,,,,
data_sent,1678217709,2088.000000,,,,,,,,,contacts,,,,,,,
data_received,1678217709,199.000000,,,,,,,,,contacts,,,,,,,
iteration_duration,1678217709,388.505335,,,,,,,,,contacts,,,,,,,
iterations,1678217709,1.000000,,,,,,,,,contacts,,,,,,,
http_reqs,1678217709,1.000000,,,,true,,POST,http://20.210.36.32:8080/prediction/knn,HTTP/1.1,contacts,,200,,,http://20.210.36.32:8080/prediction/knn,,
http_req_duration,1678217709,374.827370,,,,true,,POST,http://20.210.36.32:8080/prediction/knn,HTTP/1.1,contacts,,200,,,http://20.210.36.32:8080/prediction/knn,,
http_req_blocked,1678217709,1.972909,,,,true,,POST,http://20.210.36.32:8080/prediction/knn,HTTP/1.1,contacts,,200,,,http://20.210.36.32:8080/prediction/knn,,
http_req_connecting,1678217709,1.844708,,,,true,,POST,http://20.210.36.32:8080/prediction/knn,HTTP/1.1,contacts,,200,,,http://20.210.36.32:8080/prediction/knn,,
http_req_tls_handshaking,1678217709,0.000000,,,,true,,POST,http://20.210.36.32:8080/prediction/knn,HTTP/1.1,contacts,,200,,,http://20.210.36.32:8080/prediction/knn,,
http_req_sending,1678217709,0.075701,,,,true,,POST,http://20.210.36.32:8080/prediction/knn,HTTP/1.1,contacts,,200,,,http://20.210.36.32:8080/prediction/knn,,
http_req_waiting,1678217709,374.660569,,,,true,,POST,http://20.210.36.32:8080/prediction/knn,HTTP/1.1,contacts,,200,,,http://20.210.36.32:8080/prediction/knn,,
http_req_receiving,1678217709,0.091100,,,,true,,POST,http://20.210.36.32:8080/prediction/knn,HTTP/1.1,contacts,,200,,,http://20.210.36.32:8080/prediction/knn,,
http_req_failed,1678217709,0.000000,,,,true,,POST,http://20.210.36.32:8080/prediction/knn,HTTP/1.1,contacts,,200,,,http://20.210.36.32:8080/prediction/knn,,
responseTime,1678217709,374.827370,,,,,,,,,contacts,,,,,,,
data_sent,1678217709,2088.000000,,,,,,,,,contacts,,,,,,,
data_received,1678217709,199.000000,,,,,,,,,contacts,,,,,,,
iteration_duration,1678217709,377.371182,,,,,,,,,contacts,,,,,,,
iterations,1678217709,1.000000,,,,,,,,,contacts,,,,,,,
http_reqs,1678217709,1.000000,,,,true,,POST,http://20.210.36.32:8080/prediction/knn,HTTP/1.1,contacts,,200,,,http://20.210.36.32:8080/prediction/knn,,
http_req_duration,1678217709,402.177899,,,,true,,POST,http://20.210.36.32:8080/prediction/knn,HTTP/1.1,contacts,,200,,,http://20.210.36.32:8080/prediction/knn,,
http_req_blocked,1678217709,2.040010,,,,true,,POST,http://20.210.36.32:8080/prediction/knn,HTTP/1.1,contacts,,200,,,http://20.210.36.32:8080/prediction/knn,,
http_req_connecting,1678217709,1.916609,,,,true,,POST,http://20.210.36.32:8080/prediction/knn,HTTP/1.1,contacts,,200,,,http://20.210.36.32:8080/prediction/knn,,
http_req_tls_handshaking,1678217709,0.000000,,,,true,,POST,http://20.210.36.32:8080/prediction/knn,HTTP/1.1,contacts,,200,,,http://20.210.36.32:8080/prediction/knn,,
http_req_sending,1678217709,0.091000,,,,true,,POST,http://20.210.36.32:8080/prediction/knn,HTTP/1.1,contacts,,200,,,http://20.210.36.32:8080/prediction/knn,,
http_req_waiting,1678217709,400.667292,,,,true,,POST,http://20.210.36.32:8080/prediction/knn,HTTP/1.1,contacts,,200,,,http://20.210.36.32:8080/prediction/knn,,
http_req_receiving,1678217709,1.419607,,,,true,,POST,http://20.210.36.32:8080/prediction/knn,HTTP/1.1,contacts,,200,,,http://20.210.36.32:8080/prediction/knn,,
http_req_failed,1678217709,0.000000,,,,true,,POST,http://20.210.36.32:8080/prediction/knn,HTTP/1.1,contacts,,200,,,http://20.210.36.32:8080/prediction/knn,,
responseTime,1678217709,402.177899,,,,,,,,,contacts,,,,,,,
data_sent,1678217709,2088.000000,,,,,,,,,contacts,,,,,,,
data_received,1678217709,199.000000,,,,,,,,,contacts,,,,,,,
iteration_duration,1678217709,404.820412,,,,,,,,,contacts,,,,,,,
iterations,1678217709,1.000000,,,,,,,,,contacts,,,,,,,
http_reqs,1678217709,1.000000,,,,true,,POST,http://20.210.36.32:8080/prediction/knn,HTTP/1.1,contacts,,200,,,http://20.210.36.32:8080/prediction/knn,,
http_req_duration,1678217709,469.606718,,,,true,,POST,http://20.210.36.32:8080/prediction/knn,HTTP/1.1,contacts,,200,,,http://20.210.36.32:8080/prediction/knn,,
http_req_blocked,1678217709,2.073110,,,,true,,POST,http://20.210.36.32:8080/prediction/knn,HTTP/1.1,contacts,,200,,,http://20.210.36.32:8080/prediction/knn,,
http_req_connecting,1678217709,2.007209,,,,true,,POST,http://20.210.36.32:8080/prediction/knn,HTTP/1.1,contacts,,200,,,http://20.210.36.32:8080/prediction/knn,,
http_req_tls_handshaking,1678217709,0.000000,,,,true,,POST,http://20.210.36.32:8080/prediction/knn,HTTP/1.1,contacts,,200,,,http://20.210.36.32:8080/prediction/knn,,
http_req_sending,1678217709,0.102401,,,,true,,POST,http://20.210.36.32:8080/prediction/knn,HTTP/1.1,contacts,,200,,,http://20.210.36.32:8080/prediction/knn,,
http_req_waiting,1678217709,469.378916,,,,true,,POST,http://20.210.36.32:8080/prediction/knn,HTTP/1.1,contacts,,200,,,http://20.210.36.32:8080/prediction/knn,,
http_req_receiving,1678217709,0.125401,,,,true,,POST,http://20.210.36.32:8080/prediction/knn,HTTP/1.1,contacts,,200,,,http://20.210.36.32:8080/prediction/knn,,
http_req_failed,1678217709,0.000000,,,,true,,POST,http://20.210.36.32:8080/prediction/knn,HTTP/1.1,contacts,,200,,,http://20.210.36.32:8080/prediction/knn,,
responseTime,1678217709,469.606718,,,,,,,,,contacts,,,,,,,
data_sent,1678217709,2088.000000,,,,,,,,,contacts,,,,,,,
data_received,1678217709,199.000000,,,,,,,,,contacts,,,,,,,
iteration_duration,1678217709,472.106729,,,,,,,,,contacts,,,,,,,
iterations,1678217709,1.000000,,,,,,,,,contacts,,,,,,,
http_reqs,1678217709,1.000000,,,,true,,POST,http://20.210.36.32:8080/prediction/knn,HTTP/1.1,contacts,,200,,,http://20.210.36.32:8080/prediction/knn,,
http_req_duration,1678217709,422.790596,,,,true,,POST,http://20.210.36.32:8080/prediction/knn,HTTP/1.1,contacts,,200,,,http://20.210.36.32:8080/prediction/knn,,
http_req_blocked,1678217709,2.075510,,,,true,,POST,http://20.210.36.32:8080/prediction/knn,HTTP/1.1,contacts,,200,,,http://20.210.36.32:8080/prediction/knn,,
http_req_connecting,1678217709,1.949509,,,,true,,POST,http://20.210.36.32:8080/prediction/knn,HTTP/1.1,contacts,,200,,,http://20.210.36.32:8080/prediction/knn,,
http_req_tls_handshaking,1678217709,0.000000,,,,true,,POST,http://20.210.36.32:8080/prediction/knn,HTTP/1.1,contacts,,200,,,http://20.210.36.32:8080/prediction/knn,,
http_req_sending,1678217709,0.098300,,,,true,,POST,http://20.210.36.32:8080/prediction/knn,HTTP/1.1,contacts,,200,,,http://20.210.36.32:8080/prediction/knn,,
http_req_waiting,1678217709,422.622796,,,,true,,POST,http://20.210.36.32:8080/prediction/knn,HTTP/1.1,contacts,,200,,,http://20.210.36.32:8080/prediction/knn,,
http_req_receiving,1678217709,0.069500,,,,true,,POST,http://20.210.36.32:8080/prediction/knn,HTTP/1.1,contacts,,200,,,http://20.210.36.32:8080/prediction/knn,,
http_req_failed,1678217709,0.000000,,,,true,,POST,http://20.210.36.32:8080/prediction/knn,HTTP/1.1,contacts,,200,,,http://20.210.36.32:8080/prediction/knn,,
responseTime,1678217709,422.790596,,,,,,,,,contacts,,,,,,,
data_sent,1678217709,2088.000000,,,,,,,,,contacts,,,,,,,
data_received,1678217709,199.000000,,,,,,,,,contacts,,,,,,,
iteration_duration,1678217709,425.607110,,,,,,,,,contacts,,,,,,,
iterations,1678217709,1.000000,,,,,,,,,contacts,,,,,,,
http_reqs,1678217709,1.000000,,,,true,,POST,http://20.210.36.32:8080/prediction/knn,HTTP/1.1,contacts,,200,,,http://20.210.36.32:8080/prediction/knn,,
http_req_duration,1678217709,379.604492,,,,true,,POST,http://20.210.36.32:8080/prediction/knn,HTTP/1.1,contacts,,200,,,http://20.210.36.32:8080/prediction/knn,,
http_req_blocked,1678217709,3.618917,,,,true,,POST,http://20.210.36.32:8080/prediction/knn,HTTP/1.1,contacts,,200,,,http://20.210.36.32:8080/prediction/knn,,
http_req_connecting,1678217709,3.536117,,,,true,,POST,http://20.210.36.32:8080/prediction/knn,HTTP/1.1,contacts,,200,,,http://20.210.36.32:8080/prediction/knn,,
http_req_tls_handshaking,1678217709,0.000000,,,,true,,POST,http://20.210.36.32:8080/prediction/knn,HTTP/1.1,contacts,,200,,,http://20.210.36.32:8080/prediction/knn,,
http_req_sending,1678217709,0.125500,,,,true,,POST,http://20.210.36.32:8080/prediction/knn,HTTP/1.1,contacts,,200,,,http://20.210.36.32:8080/prediction/knn,,
http_req_waiting,1678217709,379.411092,,,,true,,POST,http://20.210.36.32:8080/prediction/knn,HTTP/1.1,contacts,,200,,,http://20.210.36.32:8080/prediction/knn,,
http_req_receiving,1678217709,0.067900,,,,true,,POST,http://20.210.36.32:8080/prediction/knn,HTTP/1.1,contacts,,200,,,http://20.210.36.32:8080/prediction/knn,,
http_req_failed,1678217709,0.000000,,,,true,,POST,http://20.210.36.32:8080/prediction/knn,HTTP/1.1,contacts,,200,,,http://20.210.36.32:8080/prediction/knn,,
http_reqs,1678217709,1.000000,,,,true,,POST,http://20.210.36.32:8080/prediction/knn,HTTP/1.1,contacts,,200,,,http://20.210.36.32:8080/prediction/knn,,
http_req_duration,1678217709,394.084060,,,,true,,POST,http://20.210.36.32:8080/prediction/knn,HTTP/1.1,contacts,,200,,,http://20.210.36.32:8080/prediction/knn,,
http_req_blocked,1678217709,7.206834,,,,true,,POST,http://20.210.36.32:8080/prediction/knn,HTTP/1.1,contacts,,200,,,http://20.210.36.32:8080/prediction/knn,,
http_req_connecting,1678217709,7.107934,,,,true,,POST,http://20.210.36.32:8080/prediction/knn,HTTP/1.1,contacts,,200,,,http://20.210.36.32:8080/prediction/knn,,
http_req_tls_handshaking,1678217709,0.000000,,,,true,,POST,http://20.210.36.32:8080/prediction/knn,HTTP/1.1,contacts,,200,,,http://20.210.36.32:8080/prediction/knn,,
http_req_sending,1678217709,0.093500,,,,true,,POST,http://20.210.36.32:8080/prediction/knn,HTTP/1.1,contacts,,200,,,http://20.210.36.32:8080/prediction/knn,,
http_req_waiting,1678217709,393.808360,,,,true,,POST,http://20.210.36.32:8080/prediction/knn,HTTP/1.1,contacts,,200,,,http://20.210.36.32:8080/prediction/knn,,
http_req_receiving,1678217709,0.182200,,,,true,,POST,http://20.210.36.32:8080/prediction/knn,HTTP/1.1,contacts,,200,,,http://20.210.36.32:8080/prediction/knn,,
http_req_failed,1678217709,0.000000,,,,true,,POST,http://20.210.36.32:8080/prediction/knn,HTTP/1.1,contacts,,200,,,http://20.210.36.32:8080/prediction/knn,,
responseTime,1678217709,394.084060,,,,,,,,,contacts,,,,,,,
data_sent,1678217709,2088.000000,,,,,,,,,contacts,,,,,,,
data_received,1678217709,199.000000,,,,,,,,,contacts,,,,,,,
iteration_duration,1678217709,402.133399,,,,,,,,,contacts,,,,,,,
iterations,1678217709,1.000000,,,,,,,,,contacts,,,,,,,
responseTime,1678217709,379.604492,,,,,,,,,contacts,,,,,,,
data_sent,1678217709,2088.000000,,,,,,,,,contacts,,,,,,,
data_received,1678217709,199.000000,,,,,,,,,contacts,,,,,,,
iteration_duration,1678217709,384.686116,,,,,,,,,contacts,,,,,,,
iterations,1678217709,1.000000,,,,,,,,,contacts,,,,,,,
http_reqs,1678217709,1.000000,,,,true,,POST,http://20.210.36.32:8080/prediction/knn,HTTP/1.1,contacts,,200,,,http://20.210.36.32:8080/prediction/knn,,
http_req_duration,1678217709,403.760207,,,,true,,POST,http://20.210.36.32:8080/prediction/knn,HTTP/1.1,contacts,,200,,,http://20.210.36.32:8080/prediction/knn,,
http_req_blocked,1678217709,4.067619,,,,true,,POST,http://20.210.36.32:8080/prediction/knn,HTTP/1.1,contacts,,200,,,http://20.210.36.32:8080/prediction/knn,,
http_req_connecting,1678217709,3.965518,,,,true,,POST,http://20.210.36.32:8080/prediction/knn,HTTP/1.1,contacts,,200,,,http://20.210.36.32:8080/prediction/knn,,
http_req_tls_handshaking,1678217709,0.000000,,,,true,,POST,http://20.210.36.32:8080/prediction/knn,HTTP/1.1,contacts,,200,,,http://20.210.36.32:8080/prediction/knn,,
http_req_sending,1678217709,0.224901,,,,true,,POST,http://20.210.36.32:8080/prediction/knn,HTTP/1.1,contacts,,200,,,http://20.210.36.32:8080/prediction/knn,,
http_req_waiting,1678217709,401.482396,,,,true,,POST,http://20.210.36.32:8080/prediction/knn,HTTP/1.1,contacts,,200,,,http://20.210.36.32:8080/prediction/knn,,
http_req_receiving,1678217709,2.052910,,,,true,,POST,http://20.210.36.32:8080/prediction/knn,HTTP/1.1,contacts,,200,,,http://20.210.36.32:8080/prediction/knn,,
http_req_failed,1678217709,0.000000,,,,true,,POST,http://20.210.36.32:8080/prediction/knn,HTTP/1.1,contacts,,200,,,http://20.210.36.32:8080/prediction/knn,,
responseTime,1678217709,403.760207,,,,,,,,,contacts,,,,,,,
data_sent,1678217709,2088.000000,,,,,,,,,contacts,,,,,,,
data_received,1678217709,199.000000,,,,,,,,,contacts,,,,,,,
iteration_duration,1678217709,408.282528,,,,,,,,,contacts,,,,,,,
iterations,1678217709,1.000000,,,,,,,,,contacts,,,,,,,
http_reqs,1678217709,1.000000,,,,true,,POST,http://20.210.36.32:8080/prediction/knn,HTTP/1.1,contacts,,200,,,http://20.210.36.32:8080/prediction/knn,,
http_req_duration,1678217709,482.376978,,,,true,,POST,http://20.210.36.32:8080/prediction/knn,HTTP/1.1,contacts,,200,,,http://20.210.36.32:8080/prediction/knn,,
http_req_blocked,1678217709,2.180610,,,,true,,POST,http://20.210.36.32:8080/prediction/knn,HTTP/1.1,contacts,,200,,,http://20.210.36.32:8080/prediction/knn,,
http_req_connecting,1678217709,2.105410,,,,true,,POST,http://20.210.36.32:8080/prediction/knn,HTTP/1.1,contacts,,200,,,http://20.210.36.32:8080/prediction/knn,,
http_req_tls_handshaking,1678217709,0.000000,,,,true,,POST,http://20.210.36.32:8080/prediction/knn,HTTP/1.1,contacts,,200,,,http://20.210.36.32:8080/prediction/knn,,
http_req_sending,1678217709,0.173001,,,,true,,POST,http://20.210.36.32:8080/prediction/knn,HTTP/1.1,contacts,,200,,,http://20.210.36.32:8080/prediction/knn,,
http_req_waiting,1678217709,481.709975,,,,true,,POST,http://20.210.36.32:8080/prediction/knn,HTTP/1.1,contacts,,200,,,http://20.210.36.32:8080/prediction/knn,,
http_req_receiving,1678217709,0.494002,,,,true,,POST,http://20.210.36.32:8080/prediction/knn,HTTP/1.1,contacts,,200,,,http://20.210.36.32:8080/prediction/knn,,
http_req_failed,1678217709,0.000000,,,,true,,POST,http://20.210.36.32:8080/prediction/knn,HTTP/1.1,contacts,,200,,,http://20.210.36.32:8080/prediction/knn,,
responseTime,1678217709,482.376978,,,,,,,,,contacts,,,,,,,
data_sent,1678217709,2088.000000,,,,,,,,,contacts,,,,,,,
data_received,1678217709,199.000000,,,,,,,,,contacts,,,,,,,
iteration_duration,1678217709,485.040690,,,,,,,,,contacts,,,,,,,
iterations,1678217709,1.000000,,,,,,,,,contacts,,,,,,,
http_reqs,1678217709,1.000000,,,,true,,POST,http://20.210.36.32:8080/prediction/knn,HTTP/1.1,contacts,,200,,,http://20.210.36.32:8080/prediction/knn,,
http_req_duration,1678217709,434.815154,,,,true,,POST,http://20.210.36.32:8080/prediction/knn,HTTP/1.1,contacts,,200,,,http://20.210.36.32:8080/prediction/knn,,
http_req_blocked,1678217709,4.349520,,,,true,,POST,http://20.210.36.32:8080/prediction/knn,HTTP/1.1,contacts,,200,,,http://20.210.36.32:8080/prediction/knn,,
http_req_connecting,1678217709,4.265620,,,,true,,POST,http://20.210.36.32:8080/prediction/knn,HTTP/1.1,contacts,,200,,,http://20.210.36.32:8080/prediction/knn,,
http_req_tls_handshaking,1678217709,0.000000,,,,true,,POST,http://20.210.36.32:8080/prediction/knn,HTTP/1.1,contacts,,200,,,http://20.210.36.32:8080/prediction/knn,,
http_req_sending,1678217709,0.088901,,,,true,,POST,http://20.210.36.32:8080/prediction/knn,HTTP/1.1,contacts,,200,,,http://20.210.36.32:8080/prediction/knn,,
http_req_waiting,1678217709,434.318351,,,,true,,POST,http://20.210.36.32:8080/prediction/knn,HTTP/1.1,contacts,,200,,,http://20.210.36.32:8080/prediction/knn,,
http_req_receiving,1678217709,0.407902,,,,true,,POST,http://20.210.36.32:8080/prediction/knn,HTTP/1.1,contacts,,200,,,http://20.210.36.32:8080/prediction/knn,,
http_req_failed,1678217709,0.000000,,,,true,,POST,http://20.210.36.32:8080/prediction/knn,HTTP/1.1,contacts,,200,,,http://20.210.36.32:8080/prediction/knn,,
responseTime,1678217709,434.815154,,,,,,,,,contacts,,,,,,,
data_sent,1678217709,2088.000000,,,,,,,,,contacts,,,,,,,
data_received,1678217709,199.000000,,,,,,,,,contacts,,,,,,,
iteration_duration,1678217709,439.688477,,,,,,,,,contacts,,,,,,,
iterations,1678217709,1.000000,,,,,,,,,contacts,,,,,,,
http_reqs,1678217709,1.000000,,,,true,,POST,http://20.210.36.32:8080/prediction/knn,HTTP/1.1,contacts,,200,,,http://20.210.36.32:8080/prediction/knn,,
http_req_duration,1678217709,431.712239,,,,true,,POST,http://20.210.36.32:8080/prediction/knn,HTTP/1.1,contacts,,200,,,http://20.210.36.32:8080/prediction/knn,,
http_req_blocked,1678217709,4.086620,,,,true,,POST,http://20.210.36.32:8080/prediction/knn,HTTP/1.1,contacts,,200,,,http://20.210.36.32:8080/prediction/knn,,
http_req_connecting,1678217709,3.882118,,,,true,,POST,http://20.210.36.32:8080/prediction/knn,HTTP/1.1,contacts,,200,,,http://20.210.36.32:8080/prediction/knn,,
http_req_tls_handshaking,1678217709,0.000000,,,,true,,POST,http://20.210.36.32:8080/prediction/knn,HTTP/1.1,contacts,,200,,,http://20.210.36.32:8080/prediction/knn,,
http_req_sending,1678217709,0.165601,,,,true,,POST,http://20.210.36.32:8080/prediction/knn,HTTP/1.1,contacts,,200,,,http://20.210.36.32:8080/prediction/knn,,
http_req_waiting,1678217709,429.522428,,,,true,,POST,http://20.210.36.32:8080/prediction/knn,HTTP/1.1,contacts,,200,,,http://20.210.36.32:8080/prediction/knn,,
http_req_receiving,1678217709,2.024210,,,,true,,POST,http://20.210.36.32:8080/prediction/knn,HTTP/1.1,contacts,,200,,,http://20.210.36.32:8080/prediction/knn,,
http_req_failed,1678217709,0.000000,,,,true,,POST,http://20.210.36.32:8080/prediction/knn,HTTP/1.1,contacts,,200,,,http://20.210.36.32:8080/prediction/knn,,
responseTime,1678217709,431.712239,,,,,,,,,contacts,,,,,,,
data_sent,1678217709,2088.000000,,,,,,,,,contacts,,,,,,,
data_received,1678217709,199.000000,,,,,,,,,contacts,,,,,,,
iteration_duration,1678217709,436.386761,,,,,,,,,contacts,,,,,,,
iterations,1678217709,1.000000,,,,,,,,,contacts,,,,,,,
http_reqs,1678217709,1.000000,,,,true,,POST,http://20.210.36.32:8080/prediction/knn,HTTP/1.1,contacts,,200,,,http://20.210.36.32:8080/prediction/knn,,
http_req_duration,1678217709,375.188971,,,,true,,POST,http://20.210.36.32:8080/prediction/knn,HTTP/1.1,contacts,,200,,,http://20.210.36.32:8080/prediction/knn,,
http_req_blocked,1678217709,5.233325,,,,true,,POST,http://20.210.36.32:8080/prediction/knn,HTTP/1.1,contacts,,200,,,http://20.210.36.32:8080/prediction/knn,,
http_req_connecting,1678217709,5.007724,,,,true,,POST,http://20.210.36.32:8080/prediction/knn,HTTP/1.1,contacts,,200,,,http://20.210.36.32:8080/prediction/knn,,
http_req_tls_handshaking,1678217709,0.000000,,,,true,,POST,http://20.210.36.32:8080/prediction/knn,HTTP/1.1,contacts,,200,,,http://20.210.36.32:8080/prediction/knn,,
http_req_sending,1678217709,0.083900,,,,true,,POST,http://20.210.36.32:8080/prediction/knn,HTTP/1.1,contacts,,200,,,http://20.210.36.32:8080/prediction/knn,,
http_req_waiting,1678217709,374.919870,,,,true,,POST,http://20.210.36.32:8080/prediction/knn,HTTP/1.1,contacts,,200,,,http://20.210.36.32:8080/prediction/knn,,
http_req_receiving,1678217709,0.185201,,,,true,,POST,http://20.210.36.32:8080/prediction/knn,HTTP/1.1,contacts,,200,,,http://20.210.36.32:8080/prediction/knn,,
http_req_failed,1678217709,0.000000,,,,true,,POST,http://20.210.36.32:8080/prediction/knn,HTTP/1.1,contacts,,200,,,http://20.210.36.32:8080/prediction/knn,,
responseTime,1678217709,375.188971,,,,,,,,,contacts,,,,,,,
data_sent,1678217709,2088.000000,,,,,,,,,contacts,,,,,,,
data_received,1678217709,199.000000,,,,,,,,,contacts,,,,,,,
iteration_duration,1678217709,385.409820,,,,,,,,,contacts,,,,,,,
iterations,1678217709,1.000000,,,,,,,,,contacts,,,,,,,
http_reqs,1678217709,1.000000,,,,true,,POST,http://20.210.36.32:8080/prediction/knn,HTTP/1.1,contacts,,200,,,http://20.210.36.32:8080/prediction/knn,,
http_req_duration,1678217709,436.188559,,,,true,,POST,http://20.210.36.32:8080/prediction/knn,HTTP/1.1,contacts,,200,,,http://20.210.36.32:8080/prediction/knn,,
http_req_blocked,1678217709,3.760818,,,,true,,POST,http://20.210.36.32:8080/prediction/knn,HTTP/1.1,contacts,,200,,,http://20.210.36.32:8080/prediction/knn,,
http_req_connecting,1678217709,3.631418,,,,true,,POST,http://20.210.36.32:8080/prediction/knn,HTTP/1.1,contacts,,200,,,http://20.210.36.32:8080/prediction/knn,,
http_req_tls_handshaking,1678217709,0.000000,,,,true,,POST,http://20.210.36.32:8080/prediction/knn,HTTP/1.1,contacts,,200,,,http://20.210.36.32:8080/prediction/knn,,
http_req_sending,1678217709,0.124500,,,,true,,POST,http://20.210.36.32:8080/prediction/knn,HTTP/1.1,contacts,,200,,,http://20.210.36.32:8080/prediction/knn,,
http_req_waiting,1678217709,435.969659,,,,true,,POST,http://20.210.36.32:8080/prediction/knn,HTTP/1.1,contacts,,200,,,http://20.210.36.32:8080/prediction/knn,,
http_req_receiving,1678217709,0.094400,,,,true,,POST,http://20.210.36.32:8080/prediction/knn,HTTP/1.1,contacts,,200,,,http://20.210.36.32:8080/prediction/knn,,
http_req_failed,1678217709,0.000000,,,,true,,POST,http://20.210.36.32:8080/prediction/knn,HTTP/1.1,contacts,,200,,,http://20.210.36.32:8080/prediction/knn,,
responseTime,1678217709,436.188559,,,,,,,,,contacts,,,,,,,
data_sent,1678217709,2088.000000,,,,,,,,,contacts,,,,,,,
data_received,1678217709,199.000000,,,,,,,,,contacts,,,,,,,
iteration_duration,1678217709,440.424479,,,,,,,,,contacts,,,,,,,
iterations,1678217709,1.000000,,,,,,,,,contacts,,,,,,,
vus,1678217709,24.000000,,,,,,,,,,,,,,,,
vus_max,1678217709,100.000000,,,,,,,,,,,,,,,,
http_reqs,1678217709,1.000000,,,,true,,POST,http://20.210.36.32:8080/prediction/knn,HTTP/1.1,contacts,,200,,,http://20.210.36.32:8080/prediction/knn,,
http_req_duration,1678217709,420.676187,,,,true,,POST,http://20.210.36.32:8080/prediction/knn,HTTP/1.1,contacts,,200,,,http://20.210.36.32:8080/prediction/knn,,
http_req_blocked,1678217709,5.861828,,,,true,,POST,http://20.210.36.32:8080/prediction/knn,HTTP/1.1,contacts,,200,,,http://20.210.36.32:8080/prediction/knn,,
http_req_connecting,1678217709,5.805527,,,,true,,POST,http://20.210.36.32:8080/prediction/knn,HTTP/1.1,contacts,,200,,,http://20.210.36.32:8080/prediction/knn,,
http_req_tls_handshaking,1678217709,0.000000,,,,true,,POST,http://20.210.36.32:8080/prediction/knn,HTTP/1.1,contacts,,200,,,http://20.210.36.32:8080/prediction/knn,,
http_req_sending,1678217709,0.128501,,,,true,,POST,http://20.210.36.32:8080/prediction/knn,HTTP/1.1,contacts,,200,,,http://20.210.36.32:8080/prediction/knn,,
http_req_waiting,1678217709,412.001046,,,,true,,POST,http://20.210.36.32:8080/prediction/knn,HTTP/1.1,contacts,,200,,,http://20.210.36.32:8080/prediction/knn,,
http_req_receiving,1678217709,8.546640,,,,true,,POST,http://20.210.36.32:8080/prediction/knn,HTTP/1.1,contacts,,200,,,http://20.210.36.32:8080/prediction/knn,,
http_req_failed,1678217709,0.000000,,,,true,,POST,http://20.210.36.32:8080/prediction/knn,HTTP/1.1,contacts,,200,,,http://20.210.36.32:8080/prediction/knn,,
responseTime,1678217709,420.676187,,,,,,,,,contacts,,,,,,,
data_sent,1678217709,2088.000000,,,,,,,,,contacts,,,,,,,
data_received,1678217709,199.000000,,,,,,,,,contacts,,,,,,,
iteration_duration,1678217709,427.094017,,,,,,,,,contacts,,,,,,,
iterations,1678217709,1.000000,,,,,,,,,contacts,,,,,,,
http_reqs,1678217709,1.000000,,,,true,,POST,http://20.210.36.32:8080/prediction/knn,HTTP/1.1,contacts,,200,,,http://20.210.36.32:8080/prediction/knn,,
http_req_duration,1678217709,447.406513,,,,true,,POST,http://20.210.36.32:8080/prediction/knn,HTTP/1.1,contacts,,200,,,http://20.210.36.32:8080/prediction/knn,,
http_req_blocked,1678217709,5.142524,,,,true,,POST,http://20.210.36.32:8080/prediction/knn,HTTP/1.1,contacts,,200,,,http://20.210.36.32:8080/prediction/knn,,
http_req_connecting,1678217709,4.128219,,,,true,,POST,http://20.210.36.32:8080/prediction/knn,HTTP/1.1,contacts,,200,,,http://20.210.36.32:8080/prediction/knn,,
http_req_tls_handshaking,1678217709,0.000000,,,,true,,POST,http://20.210.36.32:8080/prediction/knn,HTTP/1.1,contacts,,200,,,http://20.210.36.32:8080/prediction/knn,,
http_req_sending,1678217709,0.086501,,,,true,,POST,http://20.210.36.32:8080/prediction/knn,HTTP/1.1,contacts,,200,,,http://20.210.36.32:8080/prediction/knn,,
http_req_waiting,1678217709,446.368508,,,,true,,POST,http://20.210.36.32:8080/prediction/knn,HTTP/1.1,contacts,,200,,,http://20.210.36.32:8080/prediction/knn,,
http_req_receiving,1678217709,0.951504,,,,true,,POST,http://20.210.36.32:8080/prediction/knn,HTTP/1.1,contacts,,200,,,http://20.210.36.32:8080/prediction/knn,,
http_req_failed,1678217709,0.000000,,,,true,,POST,http://20.210.36.32:8080/prediction/knn,HTTP/1.1,contacts,,200,,,http://20.210.36.32:8080/prediction/knn,,
responseTime,1678217709,447.406513,,,,,,,,,contacts,,,,,,,
data_sent,1678217709,2088.000000,,,,,,,,,contacts,,,,,,,
data_received,1678217709,199.000000,,,,,,,,,contacts,,,,,,,
iteration_duration,1678217709,453.253140,,,,,,,,,contacts,,,,,,,
iterations,1678217709,1.000000,,,,,,,,,contacts,,,,,,,
http_reqs,1678217709,1.000000,,,,true,,POST,http://20.210.36.32:8080/prediction/knn,HTTP/1.1,contacts,,200,,,http://20.210.36.32:8080/prediction/knn,,
http_req_duration,1678217709,442.931392,,,,true,,POST,http://20.210.36.32:8080/prediction/knn,HTTP/1.1,contacts,,200,,,http://20.210.36.32:8080/prediction/knn,,
http_req_blocked,1678217709,5.449025,,,,true,,POST,http://20.210.36.32:8080/prediction/knn,HTTP/1.1,contacts,,200,,,http://20.210.36.32:8080/prediction/knn,,
http_req_connecting,1678217709,5.396225,,,,true,,POST,http://20.210.36.32:8080/prediction/knn,HTTP/1.1,contacts,,200,,,http://20.210.36.32:8080/prediction/knn,,
http_req_tls_handshaking,1678217709,0.000000,,,,true,,POST,http://20.210.36.32:8080/prediction/knn,HTTP/1.1,contacts,,200,,,http://20.210.36.32:8080/prediction/knn,,
http_req_sending,1678217709,0.092701,,,,true,,POST,http://20.210.36.32:8080/prediction/knn,HTTP/1.1,contacts,,200,,,http://20.210.36.32:8080/prediction/knn,,
http_req_waiting,1678217709,442.634490,,,,true,,POST,http://20.210.36.32:8080/prediction/knn,HTTP/1.1,contacts,,200,,,http://20.210.36.32:8080/prediction/knn,,
http_req_receiving,1678217709,0.204201,,,,true,,POST,http://20.210.36.32:8080/prediction/knn,HTTP/1.1,contacts,,200,,,http://20.210.36.32:8080/prediction/knn,,
http_req_failed,1678217709,0.000000,,,,true,,POST,http://20.210.36.32:8080/prediction/knn,HTTP/1.1,contacts,,200,,,http://20.210.36.32:8080/prediction/knn,,
responseTime,1678217709,442.931392,,,,,,,,,contacts,,,,,,,
data_sent,1678217709,2088.000000,,,,,,,,,contacts,,,,,,,
data_received,1678217709,199.000000,,,,,,,,,contacts,,,,,,,
iteration_duration,1678217709,448.963920,,,,,,,,,contacts,,,,,,,
iterations,1678217709,1.000000,,,,,,,,,contacts,,,,,,,
http_reqs,1678217709,1.000000,,,,true,,POST,http://20.210.36.32:8080/prediction/knn,HTTP/1.1,contacts,,200,,,http://20.210.36.32:8080/prediction/knn,,
http_req_duration,1678217709,558.897640,,,,true,,POST,http://20.210.36.32:8080/prediction/knn,HTTP/1.1,contacts,,200,,,http://20.210.36.32:8080/prediction/knn,,
http_req_blocked,1678217709,3.674018,,,,true,,POST,http://20.210.36.32:8080/prediction/knn,HTTP/1.1,contacts,,200,,,http://20.210.36.32:8080/prediction/knn,,
http_req_connecting,1678217709,3.587117,,,,true,,POST,http://20.210.36.32:8080/prediction/knn,HTTP/1.1,contacts,,200,,,http://20.210.36.32:8080/prediction/knn,,
http_req_tls_handshaking,1678217709,0.000000,,,,true,,POST,http://20.210.36.32:8080/prediction/knn,HTTP/1.1,contacts,,200,,,http://20.210.36.32:8080/prediction/knn,,
http_req_sending,1678217709,0.121501,,,,true,,POST,http://20.210.36.32:8080/prediction/knn,HTTP/1.1,contacts,,200,,,http://20.210.36.32:8080/prediction/knn,,
http_req_waiting,1678217709,558.705238,,,,true,,POST,http://20.210.36.32:8080/prediction/knn,HTTP/1.1,contacts,,200,,,http://20.210.36.32:8080/prediction/knn,,
http_req_receiving,1678217709,0.070901,,,,true,,POST,http://20.210.36.32:8080/prediction/knn,HTTP/1.1,contacts,,200,,,http://20.210.36.32:8080/prediction/knn,,
http_req_failed,1678217709,0.000000,,,,true,,POST,http://20.210.36.32:8080/prediction/knn,HTTP/1.1,contacts,,200,,,http://20.210.36.32:8080/prediction/knn,,
responseTime,1678217709,558.897640,,,,,,,,,contacts,,,,,,,
data_sent,1678217709,2088.000000,,,,,,,,,contacts,,,,,,,
data_received,1678217709,199.000000,,,,,,,,,contacts,,,,,,,
iteration_duration,1678217709,562.894158,,,,,,,,,contacts,,,,,,,
iterations,1678217709,1.000000,,,,,,,,,contacts,,,,,,,
http_reqs,1678217709,1.000000,,,,true,,POST,http://20.210.36.32:8080/prediction/knn,HTTP/1.1,contacts,,200,,,http://20.210.36.32:8080/prediction/knn,,
http_req_duration,1678217709,376.574178,,,,true,,POST,http://20.210.36.32:8080/prediction/knn,HTTP/1.1,contacts,,200,,,http://20.210.36.32:8080/prediction/knn,,
http_req_blocked,1678217709,4.390121,,,,true,,POST,http://20.210.36.32:8080/prediction/knn,HTTP/1.1,contacts,,200,,,http://20.210.36.32:8080/prediction/knn,,
http_req_connecting,1678217709,4.291921,,,,true,,POST,http://20.210.36.32:8080/prediction/knn,HTTP/1.1,contacts,,200,,,http://20.210.36.32:8080/prediction/knn,,
http_req_tls_handshaking,1678217709,0.000000,,,,true,,POST,http://20.210.36.32:8080/prediction/knn,HTTP/1.1,contacts,,200,,,http://20.210.36.32:8080/prediction/knn,,
http_req_sending,1678217709,0.088500,,,,true,,POST,http://20.210.36.32:8080/prediction/knn,HTTP/1.1,contacts,,200,,,http://20.210.36.32:8080/prediction/knn,,
http_req_waiting,1678217709,376.381477,,,,true,,POST,http://20.210.36.32:8080/prediction/knn,HTTP/1.1,contacts,,200,,,http://20.210.36.32:8080/prediction/knn,,
http_req_receiving,1678217709,0.104201,,,,true,,POST,http://20.210.36.32:8080/prediction/knn,HTTP/1.1,contacts,,200,,,http://20.210.36.32:8080/prediction/knn,,
http_req_failed,1678217709,0.000000,,,,true,,POST,http://20.210.36.32:8080/prediction/knn,HTTP/1.1,contacts,,200,,,http://20.210.36.32:8080/prediction/knn,,
responseTime,1678217709,376.574178,,,,,,,,,contacts,,,,,,,
data_sent,1678217709,2088.000000,,,,,,,,,contacts,,,,,,,
data_received,1678217709,199.000000,,,,,,,,,contacts,,,,,,,
iteration_duration,1678217709,381.523602,,,,,,,,,contacts,,,,,,,
iterations,1678217709,1.000000,,,,,,,,,contacts,,,,,,,
http_reqs,1678217709,1.000000,,,,true,,POST,http://20.210.36.32:8080/prediction/knn,HTTP/1.1,contacts,,200,,,http://20.210.36.32:8080/prediction/knn,,
http_req_duration,1678217709,336.779291,,,,true,,POST,http://20.210.36.32:8080/prediction/knn,HTTP/1.1,contacts,,200,,,http://20.210.36.32:8080/prediction/knn,,
http_req_blocked,1678217709,3.690117,,,,true,,POST,http://20.210.36.32:8080/prediction/knn,HTTP/1.1,contacts,,200,,,http://20.210.36.32:8080/prediction/knn,,
http_req_connecting,1678217709,3.576917,,,,true,,POST,http://20.210.36.32:8080/prediction/knn,HTTP/1.1,contacts,,200,,,http://20.210.36.32:8080/prediction/knn,,
http_req_tls_handshaking,1678217709,0.000000,,,,true,,POST,http://20.210.36.32:8080/prediction/knn,HTTP/1.1,contacts,,200,,,http://20.210.36.32:8080/prediction/knn,,
http_req_sending,1678217709,0.078701,,,,true,,POST,http://20.210.36.32:8080/prediction/knn,HTTP/1.1,contacts,,200,,,http://20.210.36.32:8080/prediction/knn,,
http_req_waiting,1678217709,334.676880,,,,true,,POST,http://20.210.36.32:8080/prediction/knn,HTTP/1.1,contacts,,200,,,http://20.210.36.32:8080/prediction/knn,,
http_req_receiving,1678217709,2.023710,,,,true,,POST,http://20.210.36.32:8080/prediction/knn,HTTP/1.1,contacts,,200,,,http://20.210.36.32:8080/prediction/knn,,
http_req_failed,1678217709,0.000000,,,,true,,POST,http://20.210.36.32:8080/prediction/knn,HTTP/1.1,contacts,,200,,,http://20.210.36.32:8080/prediction/knn,,
responseTime,1678217709,336.779291,,,,,,,,,contacts,,,,,,,
data_sent,1678217709,2088.000000,,,,,,,,,contacts,,,,,,,
data_received,1678217709,199.000000,,,,,,,,,contacts,,,,,,,
iteration_duration,1678217709,341.090010,,,,,,,,,contacts,,,,,,,
iterations,1678217709,1.000000,,,,,,,,,contacts,,,,,,,
http_reqs,1678217709,1.000000,,,,true,,POST,http://20.210.36.32:8080/prediction/knn,HTTP/1.1,contacts,,200,,,http://20.210.36.32:8080/prediction/knn,,
http_req_duration,1678217709,354.487574,,,,true,,POST,http://20.210.36.32:8080/prediction/knn,HTTP/1.1,contacts,,200,,,http://20.210.36.32:8080/prediction/knn,,
http_req_blocked,1678217709,4.158820,,,,true,,POST,http://20.210.36.32:8080/prediction/knn,HTTP/1.1,contacts,,200,,,http://20.210.36.32:8080/prediction/knn,,
http_req_connecting,1678217709,4.085319,,,,true,,POST,http://20.210.36.32:8080/prediction/knn,HTTP/1.1,contacts,,200,,,http://20.210.36.32:8080/prediction/knn,,
http_req_tls_handshaking,1678217709,0.000000,,,,true,,POST,http://20.210.36.32:8080/prediction/knn,HTTP/1.1,contacts,,200,,,http://20.210.36.32:8080/prediction/knn,,
http_req_sending,1678217709,0.074400,,,,true,,POST,http://20.210.36.32:8080/prediction/knn,HTTP/1.1,contacts,,200,,,http://20.210.36.32:8080/prediction/knn,,
http_req_waiting,1678217709,354.330573,,,,true,,POST,http://20.210.36.32:8080/prediction/knn,HTTP/1.1,contacts,,200,,,http://20.210.36.32:8080/prediction/knn,,
http_req_receiving,1678217709,0.082601,,,,true,,POST,http://20.210.36.32:8080/prediction/knn,HTTP/1.1,contacts,,200,,,http://20.210.36.32:8080/prediction/knn,,
http_req_failed,1678217709,0.000000,,,,true,,POST,http://20.210.36.32:8080/prediction/knn,HTTP/1.1,contacts,,200,,,http://20.210.36.32:8080/prediction/knn,,
responseTime,1678217709,354.487574,,,,,,,,,contacts,,,,,,,
data_sent,1678217709,2088.000000,,,,,,,,,contacts,,,,,,,
data_received,1678217709,199.000000,,,,,,,,,contacts,,,,,,,
iteration_duration,1678217709,359.172096,,,,,,,,,contacts,,,,,,,
iterations,1678217709,1.000000,,,,,,,,,contacts,,,,,,,
http_reqs,1678217709,1.000000,,,,true,,POST,http://20.210.36.32:8080/prediction/knn,HTTP/1.1,contacts,,200,,,http://20.210.36.32:8080/prediction/knn,,
http_req_duration,1678217709,440.355980,,,,true,,POST,http://20.210.36.32:8080/prediction/knn,HTTP/1.1,contacts,,200,,,http://20.210.36.32:8080/prediction/knn,,
http_req_blocked,1678217709,3.884619,,,,true,,POST,http://20.210.36.32:8080/prediction/knn,HTTP/1.1,contacts,,200,,,http://20.210.36.32:8080/prediction/knn,,
http_req_connecting,1678217709,3.792118,,,,true,,POST,http://20.210.36.32:8080/prediction/knn,HTTP/1.1,contacts,,200,,,http://20.210.36.32:8080/prediction/knn,,
http_req_tls_handshaking,1678217709,0.000000,,,,true,,POST,http://20.210.36.32:8080/prediction/knn,HTTP/1.1,contacts,,200,,,http://20.210.36.32:8080/prediction/knn,,
http_req_sending,1678217709,0.096501,,,,true,,POST,http://20.210.36.32:8080/prediction/knn,HTTP/1.1,contacts,,200,,,http://20.210.36.32:8080/prediction/knn,,
http_req_waiting,1678217709,440.100378,,,,true,,POST,http://20.210.36.32:8080/prediction/knn,HTTP/1.1,contacts,,200,,,http://20.210.36.32:8080/prediction/knn,,
http_req_receiving,1678217709,0.159101,,,,true,,POST,http://20.210.36.32:8080/prediction/knn,HTTP/1.1,contacts,,200,,,http://20.210.36.32:8080/prediction/knn,,
http_req_failed,1678217709,0.000000,,,,true,,POST,http://20.210.36.32:8080/prediction/knn,HTTP/1.1,contacts,,200,,,http://20.210.36.32:8080/prediction/knn,,
http_reqs,1678217709,1.000000,,,,true,,POST,http://20.210.36.32:8080/prediction/knn,HTTP/1.1,contacts,,200,,,http://20.210.36.32:8080/prediction/knn,,
http_req_duration,1678217709,448.892620,,,,true,,POST,http://20.210.36.32:8080/prediction/knn,HTTP/1.1,contacts,,200,,,http://20.210.36.32:8080/prediction/knn,,
http_req_blocked,1678217709,3.738318,,,,true,,POST,http://20.210.36.32:8080/prediction/knn,HTTP/1.1,contacts,,200,,,http://20.210.36.32:8080/prediction/knn,,
http_req_connecting,1678217709,3.640317,,,,true,,POST,http://20.210.36.32:8080/prediction/knn,HTTP/1.1,contacts,,200,,,http://20.210.36.32:8080/prediction/knn,,
http_req_tls_handshaking,1678217709,0.000000,,,,true,,POST,http://20.210.36.32:8080/prediction/knn,HTTP/1.1,contacts,,200,,,http://20.210.36.32:8080/prediction/knn,,
http_req_sending,1678217709,0.052800,,,,true,,POST,http://20.210.36.32:8080/prediction/knn,HTTP/1.1,contacts,,200,,,http://20.210.36.32:8080/prediction/knn,,
http_req_waiting,1678217709,423.946702,,,,true,,POST,http://20.210.36.32:8080/prediction/knn,HTTP/1.1,contacts,,200,,,http://20.210.36.32:8080/prediction/knn,,
http_req_receiving,1678217709,24.893118,,,,true,,POST,http://20.210.36.32:8080/prediction/knn,HTTP/1.1,contacts,,200,,,http://20.210.36.32:8080/prediction/knn,,
http_req_failed,1678217709,0.000000,,,,true,,POST,http://20.210.36.32:8080/prediction/knn,HTTP/1.1,contacts,,200,,,http://20.210.36.32:8080/prediction/knn,,
responseTime,1678217709,440.355980,,,,,,,,,contacts,,,,,,,
data_sent,1678217709,2088.000000,,,,,,,,,contacts,,,,,,,
data_received,1678217709,199.000000,,,,,,,,,contacts,,,,,,,
iteration_duration,1678217709,445.573604,,,,,,,,,contacts,,,,,,,
iterations,1678217709,1.000000,,,,,,,,,contacts,,,,,,,
responseTime,1678217709,448.892620,,,,,,,,,contacts,,,,,,,
data_sent,1678217709,2088.000000,,,,,,,,,contacts,,,,,,,
data_received,1678217709,199.000000,,,,,,,,,contacts,,,,,,,
iteration_duration,1678217709,454.748348,,,,,,,,,contacts,,,,,,,
iterations,1678217709,1.000000,,,,,,,,,contacts,,,,,,,
http_reqs,1678217709,1.000000,,,,true,,POST,http://20.210.36.32:8080/prediction/knn,HTTP/1.1,contacts,,200,,,http://20.210.36.32:8080/prediction/knn,,
http_req_duration,1678217709,388.777436,,,,true,,POST,http://20.210.36.32:8080/prediction/knn,HTTP/1.1,contacts,,200,,,http://20.210.36.32:8080/prediction/knn,,
http_req_blocked,1678217709,3.782718,,,,true,,POST,http://20.210.36.32:8080/prediction/knn,HTTP/1.1,contacts,,200,,,http://20.210.36.32:8080/prediction/knn,,
http_req_connecting,1678217709,3.720918,,,,true,,POST,http://20.210.36.32:8080/prediction/knn,HTTP/1.1,contacts,,200,,,http://20.210.36.32:8080/prediction/knn,,
http_req_tls_handshaking,1678217709,0.000000,,,,true,,POST,http://20.210.36.32:8080/prediction/knn,HTTP/1.1,contacts,,200,,,http://20.210.36.32:8080/prediction/knn,,
http_req_sending,1678217709,0.091800,,,,true,,POST,http://20.210.36.32:8080/prediction/knn,HTTP/1.1,contacts,,200,,,http://20.210.36.32:8080/prediction/knn,,
http_req_waiting,1678217709,388.554935,,,,true,,POST,http://20.210.36.32:8080/prediction/knn,HTTP/1.1,contacts,,200,,,http://20.210.36.32:8080/prediction/knn,,
http_req_receiving,1678217709,0.130701,,,,true,,POST,http://20.210.36.32:8080/prediction/knn,HTTP/1.1,contacts,,200,,,http://20.210.36.32:8080/prediction/knn,,
http_req_failed,1678217709,0.000000,,,,true,,POST,http://20.210.36.32:8080/prediction/knn,HTTP/1.1,contacts,,200,,,http://20.210.36.32:8080/prediction/knn,,
responseTime,1678217709,388.777436,,,,,,,,,contacts,,,,,,,
data_sent,1678217709,2088.000000,,,,,,,,,contacts,,,,,,,
data_received,1678217709,199.000000,,,,,,,,,contacts,,,,,,,
iteration_duration,1678217709,393.073956,,,,,,,,,contacts,,,,,,,
iterations,1678217709,1.000000,,,,,,,,,contacts,,,,,,,
http_reqs,1678217709,1.000000,,,,true,,POST,http://20.210.36.32:8080/prediction/knn,HTTP/1.1,contacts,,200,,,http://20.210.36.32:8080/prediction/knn,,
http_req_duration,1678217709,499.466059,,,,true,,POST,http://20.210.36.32:8080/prediction/knn,HTTP/1.1,contacts,,200,,,http://20.210.36.32:8080/prediction/knn,,
http_req_blocked,1678217709,4.035219,,,,true,,POST,http://20.210.36.32:8080/prediction/knn,HTTP/1.1,contacts,,200,,,http://20.210.36.32:8080/prediction/knn,,
http_req_connecting,1678217709,3.981218,,,,true,,POST,http://20.210.36.32:8080/prediction/knn,HTTP/1.1,contacts,,200,,,http://20.210.36.32:8080/prediction/knn,,
http_req_tls_handshaking,1678217709,0.000000,,,,true,,POST,http://20.210.36.32:8080/prediction/knn,HTTP/1.1,contacts,,200,,,http://20.210.36.32:8080/prediction/knn,,
http_req_sending,1678217709,0.048101,,,,true,,POST,http://20.210.36.32:8080/prediction/knn,HTTP/1.1,contacts,,200,,,http://20.210.36.32:8080/prediction/knn,,
http_req_waiting,1678217709,491.755922,,,,true,,POST,http://20.210.36.32:8080/prediction/knn,HTTP/1.1,contacts,,200,,,http://20.210.36.32:8080/prediction/knn,,
http_req_receiving,1678217709,7.662036,,,,true,,POST,http://20.210.36.32:8080/prediction/knn,HTTP/1.1,contacts,,200,,,http://20.210.36.32:8080/prediction/knn,,
http_req_failed,1678217709,0.000000,,,,true,,POST,http://20.210.36.32:8080/prediction/knn,HTTP/1.1,contacts,,200,,,http://20.210.36.32:8080/prediction/knn,,
responseTime,1678217709,499.466059,,,,,,,,,contacts,,,,,,,
data_sent,1678217709,2088.000000,,,,,,,,,contacts,,,,,,,
data_received,1678217709,199.000000,,,,,,,,,contacts,,,,,,,
iteration_duration,1678217709,503.840579,,,,,,,,,contacts,,,,,,,
iterations,1678217709,1.000000,,,,,,,,,contacts,,,,,,,
http_reqs,1678217709,1.000000,,,,true,,POST,http://20.210.36.32:8080/prediction/knn,HTTP/1.1,contacts,,200,,,http://20.210.36.32:8080/prediction/knn,,
http_req_duration,1678217709,480.571670,,,,true,,POST,http://20.210.36.32:8080/prediction/knn,HTTP/1.1,contacts,,200,,,http://20.210.36.32:8080/prediction/knn,,
http_req_blocked,1678217709,16.272576,,,,true,,POST,http://20.210.36.32:8080/prediction/knn,HTTP/1.1,contacts,,200,,,http://20.210.36.32:8080/prediction/knn,,
http_req_connecting,1678217709,16.229876,,,,true,,POST,http://20.210.36.32:8080/prediction/knn,HTTP/1.1,contacts,,200,,,http://20.210.36.32:8080/prediction/knn,,
http_req_tls_handshaking,1678217709,0.000000,,,,true,,POST,http://20.210.36.32:8080/prediction/knn,HTTP/1.1,contacts,,200,,,http://20.210.36.32:8080/prediction/knn,,
http_req_sending,1678217709,0.096801,,,,true,,POST,http://20.210.36.32:8080/prediction/knn,HTTP/1.1,contacts,,200,,,http://20.210.36.32:8080/prediction/knn,,
http_req_waiting,1678217709,479.127862,,,,true,,POST,http://20.210.36.32:8080/prediction/knn,HTTP/1.1,contacts,,200,,,http://20.210.36.32:8080/prediction/knn,,
http_req_receiving,1678217709,1.347007,,,,true,,POST,http://20.210.36.32:8080/prediction/knn,HTTP/1.1,contacts,,200,,,http://20.210.36.32:8080/prediction/knn,,
http_req_failed,1678217709,0.000000,,,,true,,POST,http://20.210.36.32:8080/prediction/knn,HTTP/1.1,contacts,,200,,,http://20.210.36.32:8080/prediction/knn,,
responseTime,1678217709,480.571670,,,,,,,,,contacts,,,,,,,
data_sent,1678217709,2088.000000,,,,,,,,,contacts,,,,,,,
data_received,1678217709,199.000000,,,,,,,,,contacts,,,,,,,
iteration_duration,1678217709,497.228548,,,,,,,,,contacts,,,,,,,
iterations,1678217709,1.000000,,,,,,,,,contacts,,,,,,,
http_reqs,1678217709,1.000000,,,,true,,POST,http://20.210.36.32:8080/prediction/knn,HTTP/1.1,contacts,,200,,,http://20.210.36.32:8080/prediction/knn,,
http_req_duration,1678217709,408.867331,,,,true,,POST,http://20.210.36.32:8080/prediction/knn,HTTP/1.1,contacts,,200,,,http://20.210.36.32:8080/prediction/knn,,
http_req_blocked,1678217709,3.823318,,,,true,,POST,http://20.210.36.32:8080/prediction/knn,HTTP/1.1,contacts,,200,,,http://20.210.36.32:8080/prediction/knn,,
http_req_connecting,1678217709,3.675218,,,,true,,POST,http://20.210.36.32:8080/prediction/knn,HTTP/1.1,contacts,,200,,,http://20.210.36.32:8080/prediction/knn,,
http_req_tls_handshaking,1678217709,0.000000,,,,true,,POST,http://20.210.36.32:8080/prediction/knn,HTTP/1.1,contacts,,200,,,http://20.210.36.32:8080/prediction/knn,,
http_req_sending,1678217709,0.136500,,,,true,,POST,http://20.210.36.32:8080/prediction/knn,HTTP/1.1,contacts,,200,,,http://20.210.36.32:8080/prediction/knn,,
http_req_waiting,1678217709,407.630425,,,,true,,POST,http://20.210.36.32:8080/prediction/knn,HTTP/1.1,contacts,,200,,,http://20.210.36.32:8080/prediction/knn,,
http_req_receiving,1678217709,1.100406,,,,true,,POST,http://20.210.36.32:8080/prediction/knn,HTTP/1.1,contacts,,200,,,http://20.210.36.32:8080/prediction/knn,,
http_req_failed,1678217709,0.000000,,,,true,,POST,http://20.210.36.32:8080/prediction/knn,HTTP/1.1,contacts,,200,,,http://20.210.36.32:8080/prediction/knn,,
responseTime,1678217709,408.867331,,,,,,,,,contacts,,,,,,,
data_sent,1678217709,2088.000000,,,,,,,,,contacts,,,,,,,
data_received,1678217709,199.000000,,,,,,,,,contacts,,,,,,,
iteration_duration,1678217709,412.928450,,,,,,,,,contacts,,,,,,,
iterations,1678217709,1.000000,,,,,,,,,contacts,,,,,,,
http_reqs,1678217709,1.000000,,,,true,,POST,http://20.210.36.32:8080/prediction/knn,HTTP/1.1,contacts,,200,,,http://20.210.36.32:8080/prediction/knn,,
http_req_duration,1678217709,478.811861,,,,true,,POST,http://20.210.36.32:8080/prediction/knn,HTTP/1.1,contacts,,200,,,http://20.210.36.32:8080/prediction/knn,,
http_req_blocked,1678217709,4.192720,,,,true,,POST,http://20.210.36.32:8080/prediction/knn,HTTP/1.1,contacts,,200,,,http://20.210.36.32:8080/prediction/knn,,
http_req_connecting,1678217709,4.139520,,,,true,,POST,http://20.210.36.32:8080/prediction/knn,HTTP/1.1,contacts,,200,,,http://20.210.36.32:8080/prediction/knn,,
http_req_tls_handshaking,1678217709,0.000000,,,,true,,POST,http://20.210.36.32:8080/prediction/knn,HTTP/1.1,contacts,,200,,,http://20.210.36.32:8080/prediction/knn,,
http_req_sending,1678217709,0.083600,,,,true,,POST,http://20.210.36.32:8080/prediction/knn,HTTP/1.1,contacts,,200,,,http://20.210.36.32:8080/prediction/knn,,
http_req_waiting,1678217709,474.871142,,,,true,,POST,http://20.210.36.32:8080/prediction/knn,HTTP/1.1,contacts,,200,,,http://20.210.36.32:8080/prediction/knn,,
http_req_receiving,1678217709,3.857119,,,,true,,POST,http://20.210.36.32:8080/prediction/knn,HTTP/1.1,contacts,,200,,,http://20.210.36.32:8080/prediction/knn,,
http_req_failed,1678217709,0.000000,,,,true,,POST,http://20.210.36.32:8080/prediction/knn,HTTP/1.1,contacts,,200,,,http://20.210.36.32:8080/prediction/knn,,
responseTime,1678217709,478.811861,,,,,,,,,contacts,,,,,,,
data_sent,1678217709,2088.000000,,,,,,,,,contacts,,,,,,,
data_received,1678217709,199.000000,,,,,,,,,contacts,,,,,,,
iteration_duration,1678217709,483.321482,,,,,,,,,contacts,,,,,,,
iterations,1678217709,1.000000,,,,,,,,,contacts,,,,,,,
http_reqs,1678217709,1.000000,,,,true,,POST,http://20.210.36.32:8080/prediction/knn,HTTP/1.1,contacts,,200,,,http://20.210.36.32:8080/prediction/knn,,
http_req_duration,1678217709,473.353635,,,,true,,POST,http://20.210.36.32:8080/prediction/knn,HTTP/1.1,contacts,,200,,,http://20.210.36.32:8080/prediction/knn,,
http_req_blocked,1678217709,4.348020,,,,true,,POST,http://20.210.36.32:8080/prediction/knn,HTTP/1.1,contacts,,200,,,http://20.210.36.32:8080/prediction/knn,,
http_req_connecting,1678217709,4.242620,,,,true,,POST,http://20.210.36.32:8080/prediction/knn,HTTP/1.1,contacts,,200,,,http://20.210.36.32:8080/prediction/knn,,
http_req_tls_handshaking,1678217709,0.000000,,,,true,,POST,http://20.210.36.32:8080/prediction/knn,HTTP/1.1,contacts,,200,,,http://20.210.36.32:8080/prediction/knn,,
http_req_sending,1678217709,0.084900,,,,true,,POST,http://20.210.36.32:8080/prediction/knn,HTTP/1.1,contacts,,200,,,http://20.210.36.32:8080/prediction/knn,,
http_req_waiting,1678217709,473.180335,,,,true,,POST,http://20.210.36.32:8080/prediction/knn,HTTP/1.1,contacts,,200,,,http://20.210.36.32:8080/prediction/knn,,
http_req_receiving,1678217709,0.088400,,,,true,,POST,http://20.210.36.32:8080/prediction/knn,HTTP/1.1,contacts,,200,,,http://20.210.36.32:8080/prediction/knn,,
http_req_failed,1678217709,0.000000,,,,true,,POST,http://20.210.36.32:8080/prediction/knn,HTTP/1.1,contacts,,200,,,http://20.210.36.32:8080/prediction/knn,,
responseTime,1678217709,473.353635,,,,,,,,,contacts,,,,,,,
data_sent,1678217709,2088.000000,,,,,,,,,contacts,,,,,,,
data_received,1678217709,199.000000,,,,,,,,,contacts,,,,,,,
iteration_duration,1678217709,478.074657,,,,,,,,,contacts,,,,,,,
iterations,1678217709,1.000000,,,,,,,,,contacts,,,,,,,
http_reqs,1678217709,1.000000,,,,true,,POST,http://20.210.36.32:8080/prediction/knn,HTTP/1.1,contacts,,200,,,http://20.210.36.32:8080/prediction/knn,,
http_req_duration,1678217709,459.830671,,,,true,,POST,http://20.210.36.32:8080/prediction/knn,HTTP/1.1,contacts,,200,,,http://20.210.36.32:8080/prediction/knn,,
http_req_blocked,1678217709,4.545222,,,,true,,POST,http://20.210.36.32:8080/prediction/knn,HTTP/1.1,contacts,,200,,,http://20.210.36.32:8080/prediction/knn,,
http_req_connecting,1678217709,4.449521,,,,true,,POST,http://20.210.36.32:8080/prediction/knn,HTTP/1.1,contacts,,200,,,http://20.210.36.32:8080/prediction/knn,,
http_req_tls_handshaking,1678217709,0.000000,,,,true,,POST,http://20.210.36.32:8080/prediction/knn,HTTP/1.1,contacts,,200,,,http://20.210.36.32:8080/prediction/knn,,
http_req_sending,1678217709,0.093900,,,,true,,POST,http://20.210.36.32:8080/prediction/knn,HTTP/1.1,contacts,,200,,,http://20.210.36.32:8080/prediction/knn,,
http_req_waiting,1678217709,445.926906,,,,true,,POST,http://20.210.36.32:8080/prediction/knn,HTTP/1.1,contacts,,200,,,http://20.210.36.32:8080/prediction/knn,,
http_req_receiving,1678217709,13.809865,,,,true,,POST,http://20.210.36.32:8080/prediction/knn,HTTP/1.1,contacts,,200,,,http://20.210.36.32:8080/prediction/knn,,
http_req_failed,1678217709,0.000000,,,,true,,POST,http://20.210.36.32:8080/prediction/knn,HTTP/1.1,contacts,,200,,,http://20.210.36.32:8080/prediction/knn,,
responseTime,1678217709,459.830671,,,,,,,,,contacts,,,,,,,
data_sent,1678217709,2088.000000,,,,,,,,,contacts,,,,,,,
data_received,1678217709,199.000000,,,,,,,,,contacts,,,,,,,
iteration_duration,1678217709,465.870900,,,,,,,,,contacts,,,,,,,
iterations,1678217709,1.000000,,,,,,,,,contacts,,,,,,,
http_reqs,1678217709,1.000000,,,,true,,POST,http://20.210.36.32:8080/prediction/knn,HTTP/1.1,contacts,,200,,,http://20.210.36.32:8080/prediction/knn,,
http_req_duration,1678217709,481.635574,,,,true,,POST,http://20.210.36.32:8080/prediction/knn,HTTP/1.1,contacts,,200,,,http://20.210.36.32:8080/prediction/knn,,
http_req_blocked,1678217709,3.922519,,,,true,,POST,http://20.210.36.32:8080/prediction/knn,HTTP/1.1,contacts,,200,,,http://20.210.36.32:8080/prediction/knn,,
http_req_connecting,1678217709,3.871519,,,,true,,POST,http://20.210.36.32:8080/prediction/knn,HTTP/1.1,contacts,,200,,,http://20.210.36.32:8080/prediction/knn,,
http_req_tls_handshaking,1678217709,0.000000,,,,true,,POST,http://20.210.36.32:8080/prediction/knn,HTTP/1.1,contacts,,200,,,http://20.210.36.32:8080/prediction/knn,,
http_req_sending,1678217709,0.070500,,,,true,,POST,http://20.210.36.32:8080/prediction/knn,HTTP/1.1,contacts,,200,,,http://20.210.36.32:8080/prediction/knn,,
http_req_waiting,1678217709,481.512374,,,,true,,POST,http://20.210.36.32:8080/prediction/knn,HTTP/1.1,contacts,,200,,,http://20.210.36.32:8080/prediction/knn,,
http_req_receiving,1678217709,0.052700,,,,true,,POST,http://20.210.36.32:8080/prediction/knn,HTTP/1.1,contacts,,200,,,http://20.210.36.32:8080/prediction/knn,,
http_req_failed,1678217709,0.000000,,,,true,,POST,http://20.210.36.32:8080/prediction/knn,HTTP/1.1,contacts,,200,,,http://20.210.36.32:8080/prediction/knn,,
responseTime,1678217709,481.635574,,,,,,,,,contacts,,,,,,,
data_sent,1678217709,2088.000000,,,,,,,,,contacts,,,,,,,
data_received,1678217709,199.000000,,,,,,,,,contacts,,,,,,,
iteration_duration,1678217709,485.915695,,,,,,,,,contacts,,,,,,,
iterations,1678217709,1.000000,,,,,,,,,contacts,,,,,,,
http_reqs,1678217709,1.000000,,,,true,,POST,http://20.210.36.32:8080/prediction/knn,HTTP/1.1,contacts,,200,,,http://20.210.36.32:8080/prediction/knn,,
http_req_duration,1678217709,522.055266,,,,true,,POST,http://20.210.36.32:8080/prediction/knn,HTTP/1.1,contacts,,200,,,http://20.210.36.32:8080/prediction/knn,,
http_req_blocked,1678217709,5.253824,,,,true,,POST,http://20.210.36.32:8080/prediction/knn,HTTP/1.1,contacts,,200,,,http://20.210.36.32:8080/prediction/knn,,
http_req_connecting,1678217709,5.188024,,,,true,,POST,http://20.210.36.32:8080/prediction/knn,HTTP/1.1,contacts,,200,,,http://20.210.36.32:8080/prediction/knn,,
http_req_tls_handshaking,1678217709,0.000000,,,,true,,POST,http://20.210.36.32:8080/prediction/knn,HTTP/1.1,contacts,,200,,,http://20.210.36.32:8080/prediction/knn,,
http_req_sending,1678217709,0.071101,,,,true,,POST,http://20.210.36.32:8080/prediction/knn,HTTP/1.1,contacts,,200,,,http://20.210.36.32:8080/prediction/knn,,
http_req_waiting,1678217709,520.894359,,,,true,,POST,http://20.210.36.32:8080/prediction/knn,HTTP/1.1,contacts,,200,,,http://20.210.36.32:8080/prediction/knn,,
http_req_receiving,1678217709,1.089806,,,,true,,POST,http://20.210.36.32:8080/prediction/knn,HTTP/1.1,contacts,,200,,,http://20.210.36.32:8080/prediction/knn,,
http_req_failed,1678217709,0.000000,,,,true,,POST,http://20.210.36.32:8080/prediction/knn,HTTP/1.1,contacts,,200,,,http://20.210.36.32:8080/prediction/knn,,
responseTime,1678217709,522.055266,,,,,,,,,contacts,,,,,,,
data_sent,1678217709,2088.000000,,,,,,,,,contacts,,,,,,,
data_received,1678217709,199.000000,,,,,,,,,contacts,,,,,,,
iteration_duration,1678217709,528.305495,,,,,,,,,contacts,,,,,,,
iterations,1678217709,1.000000,,,,,,,,,contacts,,,,,,,
http_reqs,1678217709,1.000000,,,,true,,POST,http://20.210.36.32:8080/prediction/knn,HTTP/1.1,contacts,,200,,,http://20.210.36.32:8080/prediction/knn,,
http_req_duration,1678217709,494.410635,,,,true,,POST,http://20.210.36.32:8080/prediction/knn,HTTP/1.1,contacts,,200,,,http://20.210.36.32:8080/prediction/knn,,
http_req_blocked,1678217709,2.459512,,,,true,,POST,http://20.210.36.32:8080/prediction/knn,HTTP/1.1,contacts,,200,,,http://20.210.36.32:8080/prediction/knn,,
http_req_connecting,1678217709,2.376711,,,,true,,POST,http://20.210.36.32:8080/prediction/knn,HTTP/1.1,contacts,,200,,,http://20.210.36.32:8080/prediction/knn,,
http_req_tls_handshaking,1678217709,0.000000,,,,true,,POST,http://20.210.36.32:8080/prediction/knn,HTTP/1.1,contacts,,200,,,http://20.210.36.32:8080/prediction/knn,,
http_req_sending,1678217709,0.074501,,,,true,,POST,http://20.210.36.32:8080/prediction/knn,HTTP/1.1,contacts,,200,,,http://20.210.36.32:8080/prediction/knn,,
http_req_waiting,1678217709,494.160033,,,,true,,POST,http://20.210.36.32:8080/prediction/knn,HTTP/1.1,contacts,,200,,,http://20.210.36.32:8080/prediction/knn,,
http_req_receiving,1678217709,0.176101,,,,true,,POST,http://20.210.36.32:8080/prediction/knn,HTTP/1.1,contacts,,200,,,http://20.210.36.32:8080/prediction/knn,,
http_req_failed,1678217709,0.000000,,,,true,,POST,http://20.210.36.32:8080/prediction/knn,HTTP/1.1,contacts,,200,,,http://20.210.36.32:8080/prediction/knn,,
responseTime,1678217709,494.410635,,,,,,,,,contacts,,,,,,,
data_sent,1678217709,2088.000000,,,,,,,,,contacts,,,,,,,
data_received,1678217709,199.000000,,,,,,,,,contacts,,,,,,,
iteration_duration,1678217709,497.228648,,,,,,,,,contacts,,,,,,,
iterations,1678217709,1.000000,,,,,,,,,contacts,,,,,,,
http_reqs,1678217709,1.000000,,,,true,,POST,http://20.210.36.32:8080/prediction/knn,HTTP/1.1,contacts,,200,,,http://20.210.36.32:8080/prediction/knn,,
http_req_duration,1678217709,496.807446,,,,true,,POST,http://20.210.36.32:8080/prediction/knn,HTTP/1.1,contacts,,200,,,http://20.210.36.32:8080/prediction/knn,,
http_req_blocked,1678217709,2.106310,,,,true,,POST,http://20.210.36.32:8080/prediction/knn,HTTP/1.1,contacts,,200,,,http://20.210.36.32:8080/prediction/knn,,
http_req_connecting,1678217709,2.048909,,,,true,,POST,http://20.210.36.32:8080/prediction/knn,HTTP/1.1,contacts,,200,,,http://20.210.36.32:8080/prediction/knn,,
http_req_tls_handshaking,1678217709,0.000000,,,,true,,POST,http://20.210.36.32:8080/prediction/knn,HTTP/1.1,contacts,,200,,,http://20.210.36.32:8080/prediction/knn,,
http_req_sending,1678217709,0.092801,,,,true,,POST,http://20.210.36.32:8080/prediction/knn,HTTP/1.1,contacts,,200,,,http://20.210.36.32:8080/prediction/knn,,
http_req_waiting,1678217709,496.578045,,,,true,,POST,http://20.210.36.32:8080/prediction/knn,HTTP/1.1,contacts,,200,,,http://20.210.36.32:8080/prediction/knn,,
http_req_receiving,1678217709,0.136600,,,,true,,POST,http://20.210.36.32:8080/prediction/knn,HTTP/1.1,contacts,,200,,,http://20.210.36.32:8080/prediction/knn,,
http_req_failed,1678217709,0.000000,,,,true,,POST,http://20.210.36.32:8080/prediction/knn,HTTP/1.1,contacts,,200,,,http://20.210.36.32:8080/prediction/knn,,
responseTime,1678217709,496.807446,,,,,,,,,contacts,,,,,,,
data_sent,1678217709,2088.000000,,,,,,,,,contacts,,,,,,,
data_received,1678217709,199.000000,,,,,,,,,contacts,,,,,,,
iteration_duration,1678217709,499.371358,,,,,,,,,contacts,,,,,,,
iterations,1678217709,1.000000,,,,,,,,,contacts,,,,,,,
http_reqs,1678217709,1.000000,,,,true,,POST,http://20.210.36.32:8080/prediction/knn,HTTP/1.1,contacts,,200,,,http://20.210.36.32:8080/prediction/knn,,
http_req_duration,1678217709,449.438422,,,,true,,POST,http://20.210.36.32:8080/prediction/knn,HTTP/1.1,contacts,,200,,,http://20.210.36.32:8080/prediction/knn,,
http_req_blocked,1678217709,2.162011,,,,true,,POST,http://20.210.36.32:8080/prediction/knn,HTTP/1.1,contacts,,200,,,http://20.210.36.32:8080/prediction/knn,,
http_req_connecting,1678217709,2.090310,,,,true,,POST,http://20.210.36.32:8080/prediction/knn,HTTP/1.1,contacts,,200,,,http://20.210.36.32:8080/prediction/knn,,
http_req_tls_handshaking,1678217709,0.000000,,,,true,,POST,http://20.210.36.32:8080/prediction/knn,HTTP/1.1,contacts,,200,,,http://20.210.36.32:8080/prediction/knn,,
http_req_sending,1678217709,0.103900,,,,true,,POST,http://20.210.36.32:8080/prediction/knn,HTTP/1.1,contacts,,200,,,http://20.210.36.32:8080/prediction/knn,,
http_req_waiting,1678217709,449.240121,,,,true,,POST,http://20.210.36.32:8080/prediction/knn,HTTP/1.1,contacts,,200,,,http://20.210.36.32:8080/prediction/knn,,
http_req_receiving,1678217709,0.094401,,,,true,,POST,http://20.210.36.32:8080/prediction/knn,HTTP/1.1,contacts,,200,,,http://20.210.36.32:8080/prediction/knn,,
http_req_failed,1678217709,0.000000,,,,true,,POST,http://20.210.36.32:8080/prediction/knn,HTTP/1.1,contacts,,200,,,http://20.210.36.32:8080/prediction/knn,,
responseTime,1678217709,449.438422,,,,,,,,,contacts,,,,,,,
data_sent,1678217709,2088.000000,,,,,,,,,contacts,,,,,,,
data_received,1678217709,199.000000,,,,,,,,,contacts,,,,,,,
iteration_duration,1678217709,453.365141,,,,,,,,,contacts,,,,,,,
iterations,1678217709,1.000000,,,,,,,,,contacts,,,,,,,
http_reqs,1678217710,1.000000,,,,true,,POST,http://20.210.36.32:8080/prediction/knn,HTTP/1.1,contacts,,200,,,http://20.210.36.32:8080/prediction/knn,,
http_req_duration,1678217710,565.684272,,,,true,,POST,http://20.210.36.32:8080/prediction/knn,HTTP/1.1,contacts,,200,,,http://20.210.36.32:8080/prediction/knn,,
http_req_blocked,1678217710,2.036509,,,,true,,POST,http://20.210.36.32:8080/prediction/knn,HTTP/1.1,contacts,,200,,,http://20.210.36.32:8080/prediction/knn,,
http_req_connecting,1678217710,1.987809,,,,true,,POST,http://20.210.36.32:8080/prediction/knn,HTTP/1.1,contacts,,200,,,http://20.210.36.32:8080/prediction/knn,,
http_req_tls_handshaking,1678217710,0.000000,,,,true,,POST,http://20.210.36.32:8080/prediction/knn,HTTP/1.1,contacts,,200,,,http://20.210.36.32:8080/prediction/knn,,
http_req_sending,1678217710,0.083901,,,,true,,POST,http://20.210.36.32:8080/prediction/knn,HTTP/1.1,contacts,,200,,,http://20.210.36.32:8080/prediction/knn,,
http_req_waiting,1678217710,565.471070,,,,true,,POST,http://20.210.36.32:8080/prediction/knn,HTTP/1.1,contacts,,200,,,http://20.210.36.32:8080/prediction/knn,,
http_req_receiving,1678217710,0.129301,,,,true,,POST,http://20.210.36.32:8080/prediction/knn,HTTP/1.1,contacts,,200,,,http://20.210.36.32:8080/prediction/knn,,
http_req_failed,1678217710,0.000000,,,,true,,POST,http://20.210.36.32:8080/prediction/knn,HTTP/1.1,contacts,,200,,,http://20.210.36.32:8080/prediction/knn,,
responseTime,1678217710,565.684272,,,,,,,,,contacts,,,,,,,
data_sent,1678217710,2088.000000,,,,,,,,,contacts,,,,,,,
data_received,1678217710,199.000000,,,,,,,,,contacts,,,,,,,
iteration_duration,1678217710,568.220883,,,,,,,,,contacts,,,,,,,
iterations,1678217710,1.000000,,,,,,,,,contacts,,,,,,,
http_reqs,1678217710,1.000000,,,,true,,POST,http://20.210.36.32:8080/prediction/knn,HTTP/1.1,contacts,,200,,,http://20.210.36.32:8080/prediction/knn,,
http_req_duration,1678217710,519.000051,,,,true,,POST,http://20.210.36.32:8080/prediction/knn,HTTP/1.1,contacts,,200,,,http://20.210.36.32:8080/prediction/knn,,
http_req_blocked,1678217710,2.280711,,,,true,,POST,http://20.210.36.32:8080/prediction/knn,HTTP/1.1,contacts,,200,,,http://20.210.36.32:8080/prediction/knn,,
http_req_connecting,1678217710,2.219011,,,,true,,POST,http://20.210.36.32:8080/prediction/knn,HTTP/1.1,contacts,,200,,,http://20.210.36.32:8080/prediction/knn,,
http_req_tls_handshaking,1678217710,0.000000,,,,true,,POST,http://20.210.36.32:8080/prediction/knn,HTTP/1.1,contacts,,200,,,http://20.210.36.32:8080/prediction/knn,,
http_req_sending,1678217710,0.061100,,,,true,,POST,http://20.210.36.32:8080/prediction/knn,HTTP/1.1,contacts,,200,,,http://20.210.36.32:8080/prediction/knn,,
http_req_waiting,1678217710,518.835250,,,,true,,POST,http://20.210.36.32:8080/prediction/knn,HTTP/1.1,contacts,,200,,,http://20.210.36.32:8080/prediction/knn,,
http_req_receiving,1678217710,0.103701,,,,true,,POST,http://20.210.36.32:8080/prediction/knn,HTTP/1.1,contacts,,200,,,http://20.210.36.32:8080/prediction/knn,,
http_req_failed,1678217710,0.000000,,,,true,,POST,http://20.210.36.32:8080/prediction/knn,HTTP/1.1,contacts,,200,,,http://20.210.36.32:8080/prediction/knn,,
responseTime,1678217710,519.000051,,,,,,,,,contacts,,,,,,,
data_sent,1678217710,2088.000000,,,,,,,,,contacts,,,,,,,
data_received,1678217710,199.000000,,,,,,,,,contacts,,,,,,,
iteration_duration,1678217710,521.673463,,,,,,,,,contacts,,,,,,,
iterations,1678217710,1.000000,,,,,,,,,contacts,,,,,,,
http_reqs,1678217710,1.000000,,,,true,,POST,http://20.210.36.32:8080/prediction/knn,HTTP/1.1,contacts,,200,,,http://20.210.36.32:8080/prediction/knn,,
http_req_duration,1678217710,516.661840,,,,true,,POST,http://20.210.36.32:8080/prediction/knn,HTTP/1.1,contacts,,200,,,http://20.210.36.32:8080/prediction/knn,,
http_req_blocked,1678217710,1.985009,,,,true,,POST,http://20.210.36.32:8080/prediction/knn,HTTP/1.1,contacts,,200,,,http://20.210.36.32:8080/prediction/knn,,
http_req_connecting,1678217710,1.926809,,,,true,,POST,http://20.210.36.32:8080/prediction/knn,HTTP/1.1,contacts,,200,,,http://20.210.36.32:8080/prediction/knn,,
http_req_tls_handshaking,1678217710,0.000000,,,,true,,POST,http://20.210.36.32:8080/prediction/knn,HTTP/1.1,contacts,,200,,,http://20.210.36.32:8080/prediction/knn,,
http_req_sending,1678217710,0.086700,,,,true,,POST,http://20.210.36.32:8080/prediction/knn,HTTP/1.1,contacts,,200,,,http://20.210.36.32:8080/prediction/knn,,
http_req_waiting,1678217710,515.311834,,,,true,,POST,http://20.210.36.32:8080/prediction/knn,HTTP/1.1,contacts,,200,,,http://20.210.36.32:8080/prediction/knn,,
http_req_receiving,1678217710,1.263306,,,,true,,POST,http://20.210.36.32:8080/prediction/knn,HTTP/1.1,contacts,,200,,,http://20.210.36.32:8080/prediction/knn,,
http_req_failed,1678217710,0.000000,,,,true,,POST,http://20.210.36.32:8080/prediction/knn,HTTP/1.1,contacts,,200,,,http://20.210.36.32:8080/prediction/knn,,
responseTime,1678217710,516.661840,,,,,,,,,contacts,,,,,,,
data_sent,1678217710,2088.000000,,,,,,,,,contacts,,,,,,,
data_received,1678217710,199.000000,,,,,,,,,contacts,,,,,,,
iteration_duration,1678217710,519.049351,,,,,,,,,contacts,,,,,,,
iterations,1678217710,1.000000,,,,,,,,,contacts,,,,,,,
http_reqs,1678217710,1.000000,,,,true,,POST,http://20.210.36.32:8080/prediction/knn,HTTP/1.1,contacts,,200,,,http://20.210.36.32:8080/prediction/knn,,
http_req_duration,1678217710,504.534682,,,,true,,POST,http://20.210.36.32:8080/prediction/knn,HTTP/1.1,contacts,,200,,,http://20.210.36.32:8080/prediction/knn,,
http_req_blocked,1678217710,2.202711,,,,true,,POST,http://20.210.36.32:8080/prediction/knn,HTTP/1.1,contacts,,200,,,http://20.210.36.32:8080/prediction/knn,,
http_req_connecting,1678217710,2.146210,,,,true,,POST,http://20.210.36.32:8080/prediction/knn,HTTP/1.1,contacts,,200,,,http://20.210.36.32:8080/prediction/knn,,
http_req_tls_handshaking,1678217710,0.000000,,,,true,,POST,http://20.210.36.32:8080/prediction/knn,HTTP/1.1,contacts,,200,,,http://20.210.36.32:8080/prediction/knn,,
http_req_sending,1678217710,0.070400,,,,true,,POST,http://20.210.36.32:8080/prediction/knn,HTTP/1.1,contacts,,200,,,http://20.210.36.32:8080/prediction/knn,,
http_req_waiting,1678217710,500.509664,,,,true,,POST,http://20.210.36.32:8080/prediction/knn,HTTP/1.1,contacts,,200,,,http://20.210.36.32:8080/prediction/knn,,
http_req_receiving,1678217710,3.954618,,,,true,,POST,http://20.210.36.32:8080/prediction/knn,HTTP/1.1,contacts,,200,,,http://20.210.36.32:8080/prediction/knn,,
http_req_failed,1678217710,0.000000,,,,true,,POST,http://20.210.36.32:8080/prediction/knn,HTTP/1.1,contacts,,200,,,http://20.210.36.32:8080/prediction/knn,,
responseTime,1678217710,504.534682,,,,,,,,,contacts,,,,,,,
data_sent,1678217710,2088.000000,,,,,,,,,contacts,,,,,,,
data_received,1678217710,199.000000,,,,,,,,,contacts,,,,,,,
iteration_duration,1678217710,507.392596,,,,,,,,,contacts,,,,,,,
iterations,1678217710,1.000000,,,,,,,,,contacts,,,,,,,
http_reqs,1678217710,1.000000,,,,true,,POST,http://20.210.36.32:8080/prediction/knn,HTTP/1.1,contacts,,200,,,http://20.210.36.32:8080/prediction/knn,,
http_req_duration,1678217710,506.733193,,,,true,,POST,http://20.210.36.32:8080/prediction/knn,HTTP/1.1,contacts,,200,,,http://20.210.36.32:8080/prediction/knn,,
http_req_blocked,1678217710,2.173111,,,,true,,POST,http://20.210.36.32:8080/prediction/knn,HTTP/1.1,contacts,,200,,,http://20.210.36.32:8080/prediction/knn,,
http_req_connecting,1678217710,2.006309,,,,true,,POST,http://20.210.36.32:8080/prediction/knn,HTTP/1.1,contacts,,200,,,http://20.210.36.32:8080/prediction/knn,,
http_req_tls_handshaking,1678217710,0.000000,,,,true,,POST,http://20.210.36.32:8080/prediction/knn,HTTP/1.1,contacts,,200,,,http://20.210.36.32:8080/prediction/knn,,
http_req_sending,1678217710,0.247901,,,,true,,POST,http://20.210.36.32:8080/prediction/knn,HTTP/1.1,contacts,,200,,,http://20.210.36.32:8080/prediction/knn,,
http_req_waiting,1678217710,506.385892,,,,true,,POST,http://20.210.36.32:8080/prediction/knn,HTTP/1.1,contacts,,200,,,http://20.210.36.32:8080/prediction/knn,,
http_req_receiving,1678217710,0.099400,,,,true,,POST,http://20.210.36.32:8080/prediction/knn,HTTP/1.1,contacts,,200,,,http://20.210.36.32:8080/prediction/knn,,
http_req_failed,1678217710,0.000000,,,,true,,POST,http://20.210.36.32:8080/prediction/knn,HTTP/1.1,contacts,,200,,,http://20.210.36.32:8080/prediction/knn,,
responseTime,1678217710,506.733193,,,,,,,,,contacts,,,,,,,
data_sent,1678217710,2088.000000,,,,,,,,,contacts,,,,,,,
data_received,1678217710,199.000000,,,,,,,,,contacts,,,,,,,
iteration_duration,1678217710,509.280705,,,,,,,,,contacts,,,,,,,
iterations,1678217710,1.000000,,,,,,,,,contacts,,,,,,,
http_reqs,1678217710,1.000000,,,,true,,POST,http://20.210.36.32:8080/prediction/knn,HTTP/1.1,contacts,,200,,,http://20.210.36.32:8080/prediction/knn,,
http_req_duration,1678217710,554.730420,,,,true,,POST,http://20.210.36.32:8080/prediction/knn,HTTP/1.1,contacts,,200,,,http://20.210.36.32:8080/prediction/knn,,
http_req_blocked,1678217710,2.040009,,,,true,,POST,http://20.210.36.32:8080/prediction/knn,HTTP/1.1,contacts,,200,,,http://20.210.36.32:8080/prediction/knn,,
http_req_connecting,1678217710,1.993409,,,,true,,POST,http://20.210.36.32:8080/prediction/knn,HTTP/1.1,contacts,,200,,,http://20.210.36.32:8080/prediction/knn,,
http_req_tls_handshaking,1678217710,0.000000,,,,true,,POST,http://20.210.36.32:8080/prediction/knn,HTTP/1.1,contacts,,200,,,http://20.210.36.32:8080/prediction/knn,,
http_req_sending,1678217710,0.085400,,,,true,,POST,http://20.210.36.32:8080/prediction/knn,HTTP/1.1,contacts,,200,,,http://20.210.36.32:8080/prediction/knn,,
http_req_waiting,1678217710,552.776711,,,,true,,POST,http://20.210.36.32:8080/prediction/knn,HTTP/1.1,contacts,,200,,,http://20.210.36.32:8080/prediction/knn,,
http_req_receiving,1678217710,1.868309,,,,true,,POST,http://20.210.36.32:8080/prediction/knn,HTTP/1.1,contacts,,200,,,http://20.210.36.32:8080/prediction/knn,,
http_req_failed,1678217710,0.000000,,,,true,,POST,http://20.210.36.32:8080/prediction/knn,HTTP/1.1,contacts,,200,,,http://20.210.36.32:8080/prediction/knn,,
responseTime,1678217710,554.730420,,,,,,,,,contacts,,,,,,,
data_sent,1678217710,2088.000000,,,,,,,,,contacts,,,,,,,
data_received,1678217710,199.000000,,,,,,,,,contacts,,,,,,,
iteration_duration,1678217710,557.174831,,,,,,,,,contacts,,,,,,,
iterations,1678217710,1.000000,,,,,,,,,contacts,,,,,,,
http_reqs,1678217710,1.000000,,,,true,,POST,http://20.210.36.32:8080/prediction/knn,HTTP/1.1,contacts,,200,,,http://20.210.36.32:8080/prediction/knn,,
http_req_duration,1678217710,665.836444,,,,true,,POST,http://20.210.36.32:8080/prediction/knn,HTTP/1.1,contacts,,200,,,http://20.210.36.32:8080/prediction/knn,,
http_req_blocked,1678217710,2.493312,,,,true,,POST,http://20.210.36.32:8080/prediction/knn,HTTP/1.1,contacts,,200,,,http://20.210.36.32:8080/prediction/knn,,
http_req_connecting,1678217710,2.432712,,,,true,,POST,http://20.210.36.32:8080/prediction/knn,HTTP/1.1,contacts,,200,,,http://20.210.36.32:8080/prediction/knn,,
http_req_tls_handshaking,1678217710,0.000000,,,,true,,POST,http://20.210.36.32:8080/prediction/knn,HTTP/1.1,contacts,,200,,,http://20.210.36.32:8080/prediction/knn,,
http_req_sending,1678217710,0.054600,,,,true,,POST,http://20.210.36.32:8080/prediction/knn,HTTP/1.1,contacts,,200,,,http://20.210.36.32:8080/prediction/knn,,
http_req_waiting,1678217710,665.664444,,,,true,,POST,http://20.210.36.32:8080/prediction/knn,HTTP/1.1,contacts,,200,,,http://20.210.36.32:8080/prediction/knn,,
http_req_receiving,1678217710,0.117400,,,,true,,POST,http://20.210.36.32:8080/prediction/knn,HTTP/1.1,contacts,,200,,,http://20.210.36.32:8080/prediction/knn,,
http_req_failed,1678217710,0.000000,,,,true,,POST,http://20.210.36.32:8080/prediction/knn,HTTP/1.1,contacts,,200,,,http://20.210.36.32:8080/prediction/knn,,
responseTime,1678217710,665.836444,,,,,,,,,contacts,,,,,,,
data_sent,1678217710,2088.000000,,,,,,,,,contacts,,,,,,,
data_received,1678217710,199.000000,,,,,,,,,contacts,,,,,,,
iteration_duration,1678217710,668.709258,,,,,,,,,contacts,,,,,,,
iterations,1678217710,1.000000,,,,,,,,,contacts,,,,,,,
http_reqs,1678217710,1.000000,,,,true,,POST,http://20.210.36.32:8080/prediction/knn,HTTP/1.1,contacts,,200,,,http://20.210.36.32:8080/prediction/knn,,
http_req_duration,1678217710,512.743221,,,,true,,POST,http://20.210.36.32:8080/prediction/knn,HTTP/1.1,contacts,,200,,,http://20.210.36.32:8080/prediction/knn,,
http_req_blocked,1678217710,2.701113,,,,true,,POST,http://20.210.36.32:8080/prediction/knn,HTTP/1.1,contacts,,200,,,http://20.210.36.32:8080/prediction/knn,,
http_req_connecting,1678217710,2.624113,,,,true,,POST,http://20.210.36.32:8080/prediction/knn,HTTP/1.1,contacts,,200,,,http://20.210.36.32:8080/prediction/knn,,
http_req_tls_handshaking,1678217710,0.000000,,,,true,,POST,http://20.210.36.32:8080/prediction/knn,HTTP/1.1,contacts,,200,,,http://20.210.36.32:8080/prediction/knn,,
http_req_sending,1678217710,0.073700,,,,true,,POST,http://20.210.36.32:8080/prediction/knn,HTTP/1.1,contacts,,200,,,http://20.210.36.32:8080/prediction/knn,,
http_req_waiting,1678217710,506.162990,,,,true,,POST,http://20.210.36.32:8080/prediction/knn,HTTP/1.1,contacts,,200,,,http://20.210.36.32:8080/prediction/knn,,
http_req_receiving,1678217710,6.506531,,,,true,,POST,http://20.210.36.32:8080/prediction/knn,HTTP/1.1,contacts,,200,,,http://20.210.36.32:8080/prediction/knn,,
http_req_failed,1678217710,0.000000,,,,true,,POST,http://20.210.36.32:8080/prediction/knn,HTTP/1.1,contacts,,200,,,http://20.210.36.32:8080/prediction/knn,,
responseTime,1678217710,512.743221,,,,,,,,,contacts,,,,,,,
data_sent,1678217710,2088.000000,,,,,,,,,contacts,,,,,,,
data_received,1678217710,199.000000,,,,,,,,,contacts,,,,,,,
iteration_duration,1678217710,515.866536,,,,,,,,,contacts,,,,,,,
iterations,1678217710,1.000000,,,,,,,,,contacts,,,,,,,
http_reqs,1678217710,1.000000,,,,true,,POST,http://20.210.36.32:8080/prediction/knn,HTTP/1.1,contacts,,200,,,http://20.210.36.32:8080/prediction/knn,,
http_req_duration,1678217710,676.176293,,,,true,,POST,http://20.210.36.32:8080/prediction/knn,HTTP/1.1,contacts,,200,,,http://20.210.36.32:8080/prediction/knn,,
http_req_blocked,1678217710,1.947709,,,,true,,POST,http://20.210.36.32:8080/prediction/knn,HTTP/1.1,contacts,,200,,,http://20.210.36.32:8080/prediction/knn,,
http_req_connecting,1678217710,1.856809,,,,true,,POST,http://20.210.36.32:8080/prediction/knn,HTTP/1.1,contacts,,200,,,http://20.210.36.32:8080/prediction/knn,,
http_req_tls_handshaking,1678217710,0.000000,,,,true,,POST,http://20.210.36.32:8080/prediction/knn,HTTP/1.1,contacts,,200,,,http://20.210.36.32:8080/prediction/knn,,
http_req_sending,1678217710,0.054900,,,,true,,POST,http://20.210.36.32:8080/prediction/knn,HTTP/1.1,contacts,,200,,,http://20.210.36.32:8080/prediction/knn,,
http_req_waiting,1678217710,674.608086,,,,true,,POST,http://20.210.36.32:8080/prediction/knn,HTTP/1.1,contacts,,200,,,http://20.210.36.32:8080/prediction/knn,,
http_req_receiving,1678217710,1.513307,,,,true,,POST,http://20.210.36.32:8080/prediction/knn,HTTP/1.1,contacts,,200,,,http://20.210.36.32:8080/prediction/knn,,
http_req_failed,1678217710,0.000000,,,,true,,POST,http://20.210.36.32:8080/prediction/knn,HTTP/1.1,contacts,,200,,,http://20.210.36.32:8080/prediction/knn,,
responseTime,1678217710,676.176293,,,,,,,,,contacts,,,,,,,
data_sent,1678217710,2088.000000,,,,,,,,,contacts,,,,,,,
data_received,1678217710,199.000000,,,,,,,,,contacts,,,,,,,
iteration_duration,1678217710,678.961006,,,,,,,,,contacts,,,,,,,
iterations,1678217710,1.000000,,,,,,,,,contacts,,,,,,,
http_reqs,1678217710,1.000000,,,,true,,POST,http://20.210.36.32:8080/prediction/knn,HTTP/1.1,contacts,,200,,,http://20.210.36.32:8080/prediction/knn,,
http_req_duration,1678217710,636.659507,,,,true,,POST,http://20.210.36.32:8080/prediction/knn,HTTP/1.1,contacts,,200,,,http://20.210.36.32:8080/prediction/knn,,
http_req_blocked,1678217710,2.493312,,,,true,,POST,http://20.210.36.32:8080/prediction/knn,HTTP/1.1,contacts,,200,,,http://20.210.36.32:8080/prediction/knn,,
http_req_connecting,1678217710,2.327811,,,,true,,POST,http://20.210.36.32:8080/prediction/knn,HTTP/1.1,contacts,,200,,,http://20.210.36.32:8080/prediction/knn,,
http_req_tls_handshaking,1678217710,0.000000,,,,true,,POST,http://20.210.36.32:8080/prediction/knn,HTTP/1.1,contacts,,200,,,http://20.210.36.32:8080/prediction/knn,,
http_req_sending,1678217710,0.213601,,,,true,,POST,http://20.210.36.32:8080/prediction/knn,HTTP/1.1,contacts,,200,,,http://20.210.36.32:8080/prediction/knn,,
http_req_waiting,1678217710,634.946998,,,,true,,POST,http://20.210.36.32:8080/prediction/knn,HTTP/1.1,contacts,,200,,,http://20.210.36.32:8080/prediction/knn,,
http_req_receiving,1678217710,1.498908,,,,true,,POST,http://20.210.36.32:8080/prediction/knn,HTTP/1.1,contacts,,200,,,http://20.210.36.32:8080/prediction/knn,,
http_req_failed,1678217710,0.000000,,,,true,,POST,http://20.210.36.32:8080/prediction/knn,HTTP/1.1,contacts,,200,,,http://20.210.36.32:8080/prediction/knn,,
responseTime,1678217710,636.659507,,,,,,,,,contacts,,,,,,,
data_sent,1678217710,2088.000000,,,,,,,,,contacts,,,,,,,
data_received,1678217710,199.000000,,,,,,,,,contacts,,,,,,,
iteration_duration,1678217710,639.473719,,,,,,,,,contacts,,,,,,,
iterations,1678217710,1.000000,,,,,,,,,contacts,,,,,,,
http_reqs,1678217710,1.000000,,,,true,,POST,http://20.210.36.32:8080/prediction/knn,HTTP/1.1,contacts,,200,,,http://20.210.36.32:8080/prediction/knn,,
http_req_duration,1678217710,675.542190,,,,true,,POST,http://20.210.36.32:8080/prediction/knn,HTTP/1.1,contacts,,200,,,http://20.210.36.32:8080/prediction/knn,,
http_req_blocked,1678217710,2.288811,,,,true,,POST,http://20.210.36.32:8080/prediction/knn,HTTP/1.1,contacts,,200,,,http://20.210.36.32:8080/prediction/knn,,
http_req_connecting,1678217710,2.213011,,,,true,,POST,http://20.210.36.32:8080/prediction/knn,HTTP/1.1,contacts,,200,,,http://20.210.36.32:8080/prediction/knn,,
http_req_tls_handshaking,1678217710,0.000000,,,,true,,POST,http://20.210.36.32:8080/prediction/knn,HTTP/1.1,contacts,,200,,,http://20.210.36.32:8080/prediction/knn,,
http_req_sending,1678217710,0.050800,,,,true,,POST,http://20.210.36.32:8080/prediction/knn,HTTP/1.1,contacts,,200,,,http://20.210.36.32:8080/prediction/knn,,
http_req_waiting,1678217710,674.345784,,,,true,,POST,http://20.210.36.32:8080/prediction/knn,HTTP/1.1,contacts,,200,,,http://20.210.36.32:8080/prediction/knn,,
http_req_receiving,1678217710,1.145606,,,,true,,POST,http://20.210.36.32:8080/prediction/knn,HTTP/1.1,contacts,,200,,,http://20.210.36.32:8080/prediction/knn,,
http_req_failed,1678217710,0.000000,,,,true,,POST,http://20.210.36.32:8080/prediction/knn,HTTP/1.1,contacts,,200,,,http://20.210.36.32:8080/prediction/knn,,
responseTime,1678217710,675.542190,,,,,,,,,contacts,,,,,,,
data_sent,1678217710,2088.000000,,,,,,,,,contacts,,,,,,,
data_received,1678217710,199.000000,,,,,,,,,contacts,,,,,,,
iteration_duration,1678217710,678.627405,,,,,,,,,contacts,,,,,,,
iterations,1678217710,1.000000,,,,,,,,,contacts,,,,,,,
http_reqs,1678217710,1.000000,,,,true,,POST,http://20.210.36.32:8080/prediction/knn,HTTP/1.1,contacts,,200,,,http://20.210.36.32:8080/prediction/knn,,
http_req_duration,1678217710,471.600427,,,,true,,POST,http://20.210.36.32:8080/prediction/knn,HTTP/1.1,contacts,,200,,,http://20.210.36.32:8080/prediction/knn,,
http_req_blocked,1678217710,2.019410,,,,true,,POST,http://20.210.36.32:8080/prediction/knn,HTTP/1.1,contacts,,200,,,http://20.210.36.32:8080/prediction/knn,,
http_req_connecting,1678217710,1.936609,,,,true,,POST,http://20.210.36.32:8080/prediction/knn,HTTP/1.1,contacts,,200,,,http://20.210.36.32:8080/prediction/knn,,
http_req_tls_handshaking,1678217710,0.000000,,,,true,,POST,http://20.210.36.32:8080/prediction/knn,HTTP/1.1,contacts,,200,,,http://20.210.36.32:8080/prediction/knn,,
http_req_sending,1678217710,0.090100,,,,true,,POST,http://20.210.36.32:8080/prediction/knn,HTTP/1.1,contacts,,200,,,http://20.210.36.32:8080/prediction/knn,,
http_req_waiting,1678217710,471.248226,,,,true,,POST,http://20.210.36.32:8080/prediction/knn,HTTP/1.1,contacts,,200,,,http://20.210.36.32:8080/prediction/knn,,
http_req_receiving,1678217710,0.262101,,,,true,,POST,http://20.210.36.32:8080/prediction/knn,HTTP/1.1,contacts,,200,,,http://20.210.36.32:8080/prediction/knn,,
http_req_failed,1678217710,0.000000,,,,true,,POST,http://20.210.36.32:8080/prediction/knn,HTTP/1.1,contacts,,200,,,http://20.210.36.32:8080/prediction/knn,,
responseTime,1678217710,471.600427,,,,,,,,,contacts,,,,,,,
data_sent,1678217710,2088.000000,,,,,,,,,contacts,,,,,,,
data_received,1678217710,199.000000,,,,,,,,,contacts,,,,,,,
iteration_duration,1678217710,473.967338,,,,,,,,,contacts,,,,,,,
iterations,1678217710,1.000000,,,,,,,,,contacts,,,,,,,
http_reqs,1678217710,1.000000,,,,true,,POST,http://20.210.36.32:8080/prediction/knn,HTTP/1.1,contacts,,200,,,http://20.210.36.32:8080/prediction/knn,,
http_req_duration,1678217710,528.956797,,,,true,,POST,http://20.210.36.32:8080/prediction/knn,HTTP/1.1,contacts,,200,,,http://20.210.36.32:8080/prediction/knn,,
http_req_blocked,1678217710,2.046710,,,,true,,POST,http://20.210.36.32:8080/prediction/knn,HTTP/1.1,contacts,,200,,,http://20.210.36.32:8080/prediction/knn,,
http_req_connecting,1678217710,1.980610,,,,true,,POST,http://20.210.36.32:8080/prediction/knn,HTTP/1.1,contacts,,200,,,http://20.210.36.32:8080/prediction/knn,,
http_req_tls_handshaking,1678217710,0.000000,,,,true,,POST,http://20.210.36.32:8080/prediction/knn,HTTP/1.1,contacts,,200,,,http://20.210.36.32:8080/prediction/knn,,
http_req_sending,1678217710,0.061500,,,,true,,POST,http://20.210.36.32:8080/prediction/knn,HTTP/1.1,contacts,,200,,,http://20.210.36.32:8080/prediction/knn,,
http_req_waiting,1678217710,528.014593,,,,true,,POST,http://20.210.36.32:8080/prediction/knn,HTTP/1.1,contacts,,200,,,http://20.210.36.32:8080/prediction/knn,,
http_req_receiving,1678217710,0.880704,,,,true,,POST,http://20.210.36.32:8080/prediction/knn,HTTP/1.1,contacts,,200,,,http://20.210.36.32:8080/prediction/knn,,
http_req_failed,1678217710,0.000000,,,,true,,POST,http://20.210.36.32:8080/prediction/knn,HTTP/1.1,contacts,,200,,,http://20.210.36.32:8080/prediction/knn,,
responseTime,1678217710,528.956797,,,,,,,,,contacts,,,,,,,
data_sent,1678217710,2088.000000,,,,,,,,,contacts,,,,,,,
data_received,1678217710,199.000000,,,,,,,,,contacts,,,,,,,
iteration_duration,1678217710,531.793312,,,,,,,,,contacts,,,,,,,
iterations,1678217710,1.000000,,,,,,,,,contacts,,,,,,,
http_reqs,1678217710,1.000000,,,,true,,POST,http://20.210.36.32:8080/prediction/knn,HTTP/1.1,contacts,,200,,,http://20.210.36.32:8080/prediction/knn,,
http_req_duration,1678217710,716.306883,,,,true,,POST,http://20.210.36.32:8080/prediction/knn,HTTP/1.1,contacts,,200,,,http://20.210.36.32:8080/prediction/knn,,
http_req_blocked,1678217710,2.195811,,,,true,,POST,http://20.210.36.32:8080/prediction/knn,HTTP/1.1,contacts,,200,,,http://20.210.36.32:8080/prediction/knn,,
http_req_connecting,1678217710,2.142810,,,,true,,POST,http://20.210.36.32:8080/prediction/knn,HTTP/1.1,contacts,,200,,,http://20.210.36.32:8080/prediction/knn,,
http_req_tls_handshaking,1678217710,0.000000,,,,true,,POST,http://20.210.36.32:8080/prediction/knn,HTTP/1.1,contacts,,200,,,http://20.210.36.32:8080/prediction/knn,,
http_req_sending,1678217710,0.059301,,,,true,,POST,http://20.210.36.32:8080/prediction/knn,HTTP/1.1,contacts,,200,,,http://20.210.36.32:8080/prediction/knn,,
http_req_waiting,1678217710,706.909038,,,,true,,POST,http://20.210.36.32:8080/prediction/knn,HTTP/1.1,contacts,,200,,,http://20.210.36.32:8080/prediction/knn,,
http_req_receiving,1678217710,9.338544,,,,true,,POST,http://20.210.36.32:8080/prediction/knn,HTTP/1.1,contacts,,200,,,http://20.210.36.32:8080/prediction/knn,,
http_req_failed,1678217710,0.000000,,,,true,,POST,http://20.210.36.32:8080/prediction/knn,HTTP/1.1,contacts,,200,,,http://20.210.36.32:8080/prediction/knn,,
responseTime,1678217710,716.306883,,,,,,,,,contacts,,,,,,,
data_sent,1678217710,2088.000000,,,,,,,,,contacts,,,,,,,
data_received,1678217710,199.000000,,,,,,,,,contacts,,,,,,,
iteration_duration,1678217710,718.897595,,,,,,,,,contacts,,,,,,,
iterations,1678217710,1.000000,,,,,,,,,contacts,,,,,,,
http_reqs,1678217710,1.000000,,,,true,,POST,http://20.210.36.32:8080/prediction/knn,HTTP/1.1,contacts,,200,,,http://20.210.36.32:8080/prediction/knn,,
http_req_duration,1678217710,650.952774,,,,true,,POST,http://20.210.36.32:8080/prediction/knn,HTTP/1.1,contacts,,200,,,http://20.210.36.32:8080/prediction/knn,,
http_req_blocked,1678217710,2.160710,,,,true,,POST,http://20.210.36.32:8080/prediction/knn,HTTP/1.1,contacts,,200,,,http://20.210.36.32:8080/prediction/knn,,
http_req_connecting,1678217710,2.097810,,,,true,,POST,http://20.210.36.32:8080/prediction/knn,HTTP/1.1,contacts,,200,,,http://20.210.36.32:8080/prediction/knn,,
http_req_tls_handshaking,1678217710,0.000000,,,,true,,POST,http://20.210.36.32:8080/prediction/knn,HTTP/1.1,contacts,,200,,,http://20.210.36.32:8080/prediction/knn,,
http_req_sending,1678217710,0.047500,,,,true,,POST,http://20.210.36.32:8080/prediction/knn,HTTP/1.1,contacts,,200,,,http://20.210.36.32:8080/prediction/knn,,
http_req_waiting,1678217710,642.991236,,,,true,,POST,http://20.210.36.32:8080/prediction/knn,HTTP/1.1,contacts,,200,,,http://20.210.36.32:8080/prediction/knn,,
http_req_receiving,1678217710,7.914038,,,,true,,POST,http://20.210.36.32:8080/prediction/knn,HTTP/1.1,contacts,,200,,,http://20.210.36.32:8080/prediction/knn,,
http_req_failed,1678217710,0.000000,,,,true,,POST,http://20.210.36.32:8080/prediction/knn,HTTP/1.1,contacts,,200,,,http://20.210.36.32:8080/prediction/knn,,
responseTime,1678217710,650.952774,,,,,,,,,contacts,,,,,,,
data_sent,1678217710,2088.000000,,,,,,,,,contacts,,,,,,,
data_received,1678217710,199.000000,,,,,,,,,contacts,,,,,,,
iteration_duration,1678217710,653.474785,,,,,,,,,contacts,,,,,,,
iterations,1678217710,1.000000,,,,,,,,,contacts,,,,,,,
http_reqs,1678217710,1.000000,,,,true,,POST,http://20.210.36.32:8080/prediction/knn,HTTP/1.1,contacts,,200,,,http://20.210.36.32:8080/prediction/knn,,
http_req_duration,1678217710,622.924842,,,,true,,POST,http://20.210.36.32:8080/prediction/knn,HTTP/1.1,contacts,,200,,,http://20.210.36.32:8080/prediction/knn,,
http_req_blocked,1678217710,2.095710,,,,true,,POST,http://20.210.36.32:8080/prediction/knn,HTTP/1.1,contacts,,200,,,http://20.210.36.32:8080/prediction/knn,,
http_req_connecting,1678217710,2.025010,,,,true,,POST,http://20.210.36.32:8080/prediction/knn,HTTP/1.1,contacts,,200,,,http://20.210.36.32:8080/prediction/knn,,
http_req_tls_handshaking,1678217710,0.000000,,,,true,,POST,http://20.210.36.32:8080/prediction/knn,HTTP/1.1,contacts,,200,,,http://20.210.36.32:8080/prediction/knn,,
http_req_sending,1678217710,0.069800,,,,true,,POST,http://20.210.36.32:8080/prediction/knn,HTTP/1.1,contacts,,200,,,http://20.210.36.32:8080/prediction/knn,,
http_req_waiting,1678217710,622.750041,,,,true,,POST,http://20.210.36.32:8080/prediction/knn,HTTP/1.1,contacts,,200,,,http://20.210.36.32:8080/prediction/knn,,
http_req_receiving,1678217710,0.105001,,,,true,,POST,http://20.210.36.32:8080/prediction/knn,HTTP/1.1,contacts,,200,,,http://20.210.36.32:8080/prediction/knn,,
http_req_failed,1678217710,0.000000,,,,true,,POST,http://20.210.36.32:8080/prediction/knn,HTTP/1.1,contacts,,200,,,http://20.210.36.32:8080/prediction/knn,,
responseTime,1678217710,622.924842,,,,,,,,,contacts,,,,,,,
data_sent,1678217710,2088.000000,,,,,,,,,contacts,,,,,,,
data_received,1678217710,199.000000,,,,,,,,,contacts,,,,,,,
iteration_duration,1678217710,625.530754,,,,,,,,,contacts,,,,,,,
iterations,1678217710,1.000000,,,,,,,,,contacts,,,,,,,
http_reqs,1678217710,1.000000,,,,true,,POST,http://20.210.36.32:8080/prediction/knn,HTTP/1.1,contacts,,200,,,http://20.210.36.32:8080/prediction/knn,,
http_req_duration,1678217710,646.192851,,,,true,,POST,http://20.210.36.32:8080/prediction/knn,HTTP/1.1,contacts,,200,,,http://20.210.36.32:8080/prediction/knn,,
http_req_blocked,1678217710,2.204111,,,,true,,POST,http://20.210.36.32:8080/prediction/knn,HTTP/1.1,contacts,,200,,,http://20.210.36.32:8080/prediction/knn,,
http_req_connecting,1678217710,2.138210,,,,true,,POST,http://20.210.36.32:8080/prediction/knn,HTTP/1.1,contacts,,200,,,http://20.210.36.32:8080/prediction/knn,,
http_req_tls_handshaking,1678217710,0.000000,,,,true,,POST,http://20.210.36.32:8080/prediction/knn,HTTP/1.1,contacts,,200,,,http://20.210.36.32:8080/prediction/knn,,
http_req_sending,1678217710,0.072200,,,,true,,POST,http://20.210.36.32:8080/prediction/knn,HTTP/1.1,contacts,,200,,,http://20.210.36.32:8080/prediction/knn,,
http_req_waiting,1678217710,646.004050,,,,true,,POST,http://20.210.36.32:8080/prediction/knn,HTTP/1.1,contacts,,200,,,http://20.210.36.32:8080/prediction/knn,,
http_req_receiving,1678217710,0.116601,,,,true,,POST,http://20.210.36.32:8080/prediction/knn,HTTP/1.1,contacts,,200,,,http://20.210.36.32:8080/prediction/knn,,
http_req_failed,1678217710,0.000000,,,,true,,POST,http://20.210.36.32:8080/prediction/knn,HTTP/1.1,contacts,,200,,,http://20.210.36.32:8080/prediction/knn,,
responseTime,1678217710,646.192851,,,,,,,,,contacts,,,,,,,
data_sent,1678217710,2088.000000,,,,,,,,,contacts,,,,,,,
data_received,1678217710,199.000000,,,,,,,,,contacts,,,,,,,
iteration_duration,1678217710,649.745768,,,,,,,,,contacts,,,,,,,
iterations,1678217710,1.000000,,,,,,,,,contacts,,,,,,,
http_reqs,1678217710,1.000000,,,,true,,POST,http://20.210.36.32:8080/prediction/knn,HTTP/1.1,contacts,,200,,,http://20.210.36.32:8080/prediction/knn,,
http_req_duration,1678217710,673.726581,,,,true,,POST,http://20.210.36.32:8080/prediction/knn,HTTP/1.1,contacts,,200,,,http://20.210.36.32:8080/prediction/knn,,
http_req_blocked,1678217710,1.807609,,,,true,,POST,http://20.210.36.32:8080/prediction/knn,HTTP/1.1,contacts,,200,,,http://20.210.36.32:8080/prediction/knn,,
http_req_connecting,1678217710,1.765009,,,,true,,POST,http://20.210.36.32:8080/prediction/knn,HTTP/1.1,contacts,,200,,,http://20.210.36.32:8080/prediction/knn,,
http_req_tls_handshaking,1678217710,0.000000,,,,true,,POST,http://20.210.36.32:8080/prediction/knn,HTTP/1.1,contacts,,200,,,http://20.210.36.32:8080/prediction/knn,,
http_req_sending,1678217710,0.039300,,,,true,,POST,http://20.210.36.32:8080/prediction/knn,HTTP/1.1,contacts,,200,,,http://20.210.36.32:8080/prediction/knn,,
http_req_waiting,1678217710,656.919702,,,,true,,POST,http://20.210.36.32:8080/prediction/knn,HTTP/1.1,contacts,,200,,,http://20.210.36.32:8080/prediction/knn,,
http_req_receiving,1678217710,16.767579,,,,true,,POST,http://20.210.36.32:8080/prediction/knn,HTTP/1.1,contacts,,200,,,http://20.210.36.32:8080/prediction/knn,,
http_req_failed,1678217710,0.000000,,,,true,,POST,http://20.210.36.32:8080/prediction/knn,HTTP/1.1,contacts,,200,,,http://20.210.36.32:8080/prediction/knn,,
responseTime,1678217710,673.726581,,,,,,,,,contacts,,,,,,,
data_sent,1678217710,2088.000000,,,,,,,,,contacts,,,,,,,
data_received,1678217710,199.000000,,,,,,,,,contacts,,,,,,,
iteration_duration,1678217710,676.004692,,,,,,,,,contacts,,,,,,,
iterations,1678217710,1.000000,,,,,,,,,contacts,,,,,,,
http_reqs,1678217710,1.000000,,,,true,,POST,http://20.210.36.32:8080/prediction/knn,HTTP/1.1,contacts,,200,,,http://20.210.36.32:8080/prediction/knn,,
http_req_duration,1678217710,626.152357,,,,true,,POST,http://20.210.36.32:8080/prediction/knn,HTTP/1.1,contacts,,200,,,http://20.210.36.32:8080/prediction/knn,,
http_req_blocked,1678217710,2.617712,,,,true,,POST,http://20.210.36.32:8080/prediction/knn,HTTP/1.1,contacts,,200,,,http://20.210.36.32:8080/prediction/knn,,
http_req_connecting,1678217710,2.566212,,,,true,,POST,http://20.210.36.32:8080/prediction/knn,HTTP/1.1,contacts,,200,,,http://20.210.36.32:8080/prediction/knn,,
http_req_tls_handshaking,1678217710,0.000000,,,,true,,POST,http://20.210.36.32:8080/prediction/knn,HTTP/1.1,contacts,,200,,,http://20.210.36.32:8080/prediction/knn,,
http_req_sending,1678217710,0.041400,,,,true,,POST,http://20.210.36.32:8080/prediction/knn,HTTP/1.1,contacts,,200,,,http://20.210.36.32:8080/prediction/knn,,
http_req_waiting,1678217710,613.310797,,,,true,,POST,http://20.210.36.32:8080/prediction/knn,HTTP/1.1,contacts,,200,,,http://20.210.36.32:8080/prediction/knn,,
http_req_receiving,1678217710,12.800160,,,,true,,POST,http://20.210.36.32:8080/prediction/knn,HTTP/1.1,contacts,,200,,,http://20.210.36.32:8080/prediction/knn,,
http_req_failed,1678217710,0.000000,,,,true,,POST,http://20.210.36.32:8080/prediction/knn,HTTP/1.1,contacts,,200,,,http://20.210.36.32:8080/prediction/knn,,
responseTime,1678217710,626.152357,,,,,,,,,contacts,,,,,,,
data_sent,1678217710,2088.000000,,,,,,,,,contacts,,,,,,,
data_received,1678217710,199.000000,,,,,,,,,contacts,,,,,,,
iteration_duration,1678217710,629.163971,,,,,,,,,contacts,,,,,,,
iterations,1678217710,1.000000,,,,,,,,,contacts,,,,,,,
vus,1678217710,29.000000,,,,,,,,,,,,,,,,
vus_max,1678217710,100.000000,,,,,,,,,,,,,,,,
http_reqs,1678217710,1.000000,,,,true,,POST,http://20.210.36.32:8080/prediction/knn,HTTP/1.1,contacts,,200,,,http://20.210.36.32:8080/prediction/knn,,
http_req_duration,1678217710,754.716063,,,,true,,POST,http://20.210.36.32:8080/prediction/knn,HTTP/1.1,contacts,,200,,,http://20.210.36.32:8080/prediction/knn,,
http_req_blocked,1678217710,2.102510,,,,true,,POST,http://20.210.36.32:8080/prediction/knn,HTTP/1.1,contacts,,200,,,http://20.210.36.32:8080/prediction/knn,,
http_req_connecting,1678217710,2.038010,,,,true,,POST,http://20.210.36.32:8080/prediction/knn,HTTP/1.1,contacts,,200,,,http://20.210.36.32:8080/prediction/knn,,
http_req_tls_handshaking,1678217710,0.000000,,,,true,,POST,http://20.210.36.32:8080/prediction/knn,HTTP/1.1,contacts,,200,,,http://20.210.36.32:8080/prediction/knn,,
http_req_sending,1678217710,0.072900,,,,true,,POST,http://20.210.36.32:8080/prediction/knn,HTTP/1.1,contacts,,200,,,http://20.210.36.32:8080/prediction/knn,,
http_req_waiting,1678217710,754.350662,,,,true,,POST,http://20.210.36.32:8080/prediction/knn,HTTP/1.1,contacts,,200,,,http://20.210.36.32:8080/prediction/knn,,
http_req_receiving,1678217710,0.292501,,,,true,,POST,http://20.210.36.32:8080/prediction/knn,HTTP/1.1,contacts,,200,,,http://20.210.36.32:8080/prediction/knn,,
http_req_failed,1678217710,0.000000,,,,true,,POST,http://20.210.36.32:8080/prediction/knn,HTTP/1.1,contacts,,200,,,http://20.210.36.32:8080/prediction/knn,,
responseTime,1678217710,754.716063,,,,,,,,,contacts,,,,,,,
data_sent,1678217710,2088.000000,,,,,,,,,contacts,,,,,,,
data_received,1678217710,199.000000,,,,,,,,,contacts,,,,,,,
iteration_duration,1678217710,757.239875,,,,,,,,,contacts,,,,,,,
iterations,1678217710,1.000000,,,,,,,,,contacts,,,,,,,
http_reqs,1678217710,1.000000,,,,true,,POST,http://20.210.36.32:8080/prediction/knn,HTTP/1.1,contacts,,200,,,http://20.210.36.32:8080/prediction/knn,,
http_req_duration,1678217710,737.323381,,,,true,,POST,http://20.210.36.32:8080/prediction/knn,HTTP/1.1,contacts,,200,,,http://20.210.36.32:8080/prediction/knn,,
http_req_blocked,1678217710,2.644513,,,,true,,POST,http://20.210.36.32:8080/prediction/knn,HTTP/1.1,contacts,,200,,,http://20.210.36.32:8080/prediction/knn,,
http_req_connecting,1678217710,2.588313,,,,true,,POST,http://20.210.36.32:8080/prediction/knn,HTTP/1.1,contacts,,200,,,http://20.210.36.32:8080/prediction/knn,,
http_req_tls_handshaking,1678217710,0.000000,,,,true,,POST,http://20.210.36.32:8080/prediction/knn,HTTP/1.1,contacts,,200,,,http://20.210.36.32:8080/prediction/knn,,
http_req_sending,1678217710,0.053900,,,,true,,POST,http://20.210.36.32:8080/prediction/knn,HTTP/1.1,contacts,,200,,,http://20.210.36.32:8080/prediction/knn,,
http_req_waiting,1678217710,736.590678,,,,true,,POST,http://20.210.36.32:8080/prediction/knn,HTTP/1.1,contacts,,200,,,http://20.210.36.32:8080/prediction/knn,,
http_req_receiving,1678217710,0.678803,,,,true,,POST,http://20.210.36.32:8080/prediction/knn,HTTP/1.1,contacts,,200,,,http://20.210.36.32:8080/prediction/knn,,
http_req_failed,1678217710,0.000000,,,,true,,POST,http://20.210.36.32:8080/prediction/knn,HTTP/1.1,contacts,,200,,,http://20.210.36.32:8080/prediction/knn,,
responseTime,1678217710,737.323381,,,,,,,,,contacts,,,,,,,
data_sent,1678217710,2088.000000,,,,,,,,,contacts,,,,,,,
data_received,1678217710,199.000000,,,,,,,,,contacts,,,,,,,
iteration_duration,1678217710,740.762498,,,,,,,,,contacts,,,,,,,
iterations,1678217710,1.000000,,,,,,,,,contacts,,,,,,,
http_reqs,1678217710,1.000000,,,,true,,POST,http://20.210.36.32:8080/prediction/knn,HTTP/1.1,contacts,,200,,,http://20.210.36.32:8080/prediction/knn,,
http_req_duration,1678217710,743.286410,,,,true,,POST,http://20.210.36.32:8080/prediction/knn,HTTP/1.1,contacts,,200,,,http://20.210.36.32:8080/prediction/knn,,
http_req_blocked,1678217710,2.224510,,,,true,,POST,http://20.210.36.32:8080/prediction/knn,HTTP/1.1,contacts,,200,,,http://20.210.36.32:8080/prediction/knn,,
http_req_connecting,1678217710,2.165210,,,,true,,POST,http://20.210.36.32:8080/prediction/knn,HTTP/1.1,contacts,,200,,,http://20.210.36.32:8080/prediction/knn,,
http_req_tls_handshaking,1678217710,0.000000,,,,true,,POST,http://20.210.36.32:8080/prediction/knn,HTTP/1.1,contacts,,200,,,http://20.210.36.32:8080/prediction/knn,,
http_req_sending,1678217710,0.058800,,,,true,,POST,http://20.210.36.32:8080/prediction/knn,HTTP/1.1,contacts,,200,,,http://20.210.36.32:8080/prediction/knn,,
http_req_waiting,1678217710,741.640003,,,,true,,POST,http://20.210.36.32:8080/prediction/knn,HTTP/1.1,contacts,,200,,,http://20.210.36.32:8080/prediction/knn,,
http_req_receiving,1678217710,1.587607,,,,true,,POST,http://20.210.36.32:8080/prediction/knn,HTTP/1.1,contacts,,200,,,http://20.210.36.32:8080/prediction/knn,,
http_req_failed,1678217710,0.000000,,,,true,,POST,http://20.210.36.32:8080/prediction/knn,HTTP/1.1,contacts,,200,,,http://20.210.36.32:8080/prediction/knn,,
responseTime,1678217710,743.286410,,,,,,,,,contacts,,,,,,,
data_sent,1678217710,2088.000000,,,,,,,,,contacts,,,,,,,
data_received,1678217710,199.000000,,,,,,,,,contacts,,,,,,,
iteration_duration,1678217710,745.853322,,,,,,,,,contacts,,,,,,,
iterations,1678217710,1.000000,,,,,,,,,contacts,,,,,,,
http_reqs,1678217710,1.000000,,,,true,,POST,http://20.210.36.32:8080/prediction/knn,HTTP/1.1,contacts,,200,,,http://20.210.36.32:8080/prediction/knn,,
http_req_duration,1678217710,677.339698,,,,true,,POST,http://20.210.36.32:8080/prediction/knn,HTTP/1.1,contacts,,200,,,http://20.210.36.32:8080/prediction/knn,,
http_req_blocked,1678217710,4.480721,,,,true,,POST,http://20.210.36.32:8080/prediction/knn,HTTP/1.1,contacts,,200,,,http://20.210.36.32:8080/prediction/knn,,
http_req_connecting,1678217710,4.397621,,,,true,,POST,http://20.210.36.32:8080/prediction/knn,HTTP/1.1,contacts,,200,,,http://20.210.36.32:8080/prediction/knn,,
http_req_tls_handshaking,1678217710,0.000000,,,,true,,POST,http://20.210.36.32:8080/prediction/knn,HTTP/1.1,contacts,,200,,,http://20.210.36.32:8080/prediction/knn,,
http_req_sending,1678217710,0.116300,,,,true,,POST,http://20.210.36.32:8080/prediction/knn,HTTP/1.1,contacts,,200,,,http://20.210.36.32:8080/prediction/knn,,
http_req_waiting,1678217710,677.129398,,,,true,,POST,http://20.210.36.32:8080/prediction/knn,HTTP/1.1,contacts,,200,,,http://20.210.36.32:8080/prediction/knn,,
http_req_receiving,1678217710,0.094000,,,,true,,POST,http://20.210.36.32:8080/prediction/knn,HTTP/1.1,contacts,,200,,,http://20.210.36.32:8080/prediction/knn,,
http_req_failed,1678217710,0.000000,,,,true,,POST,http://20.210.36.32:8080/prediction/knn,HTTP/1.1,contacts,,200,,,http://20.210.36.32:8080/prediction/knn,,
responseTime,1678217710,677.339698,,,,,,,,,contacts,,,,,,,
data_sent,1678217710,2088.000000,,,,,,,,,contacts,,,,,,,
data_received,1678217710,199.000000,,,,,,,,,contacts,,,,,,,
iteration_duration,1678217710,682.204422,,,,,,,,,contacts,,,,,,,
iterations,1678217710,1.000000,,,,,,,,,contacts,,,,,,,
http_reqs,1678217710,1.000000,,,,true,,POST,http://20.210.36.32:8080/prediction/knn,HTTP/1.1,contacts,,200,,,http://20.210.36.32:8080/prediction/knn,,
http_req_duration,1678217710,607.395168,,,,true,,POST,http://20.210.36.32:8080/prediction/knn,HTTP/1.1,contacts,,200,,,http://20.210.36.32:8080/prediction/knn,,
http_req_blocked,1678217710,3.938418,,,,true,,POST,http://20.210.36.32:8080/prediction/knn,HTTP/1.1,contacts,,200,,,http://20.210.36.32:8080/prediction/knn,,
http_req_connecting,1678217710,3.893218,,,,true,,POST,http://20.210.36.32:8080/prediction/knn,HTTP/1.1,contacts,,200,,,http://20.210.36.32:8080/prediction/knn,,
http_req_tls_handshaking,1678217710,0.000000,,,,true,,POST,http://20.210.36.32:8080/prediction/knn,HTTP/1.1,contacts,,200,,,http://20.210.36.32:8080/prediction/knn,,
http_req_sending,1678217710,0.070000,,,,true,,POST,http://20.210.36.32:8080/prediction/knn,HTTP/1.1,contacts,,200,,,http://20.210.36.32:8080/prediction/knn,,
http_req_waiting,1678217710,607.166568,,,,true,,POST,http://20.210.36.32:8080/prediction/knn,HTTP/1.1,contacts,,200,,,http://20.210.36.32:8080/prediction/knn,,
http_req_receiving,1678217710,0.158600,,,,true,,POST,http://20.210.36.32:8080/prediction/knn,HTTP/1.1,contacts,,200,,,http://20.210.36.32:8080/prediction/knn,,
http_req_failed,1678217710,0.000000,,,,true,,POST,http://20.210.36.32:8080/prediction/knn,HTTP/1.1,contacts,,200,,,http://20.210.36.32:8080/prediction/knn,,
responseTime,1678217710,607.395168,,,,,,,,,contacts,,,,,,,
data_sent,1678217710,2088.000000,,,,,,,,,contacts,,,,,,,
data_received,1678217710,199.000000,,,,,,,,,contacts,,,,,,,
iteration_duration,1678217710,611.898290,,,,,,,,,contacts,,,,,,,
iterations,1678217710,1.000000,,,,,,,,,contacts,,,,,,,
http_reqs,1678217710,1.000000,,,,true,,POST,http://20.210.36.32:8080/prediction/knn,HTTP/1.1,contacts,,200,,,http://20.210.36.32:8080/prediction/knn,,
http_req_duration,1678217710,698.003996,,,,true,,POST,http://20.210.36.32:8080/prediction/knn,HTTP/1.1,contacts,,200,,,http://20.210.36.32:8080/prediction/knn,,
http_req_blocked,1678217710,4.083319,,,,true,,POST,http://20.210.36.32:8080/prediction/knn,HTTP/1.1,contacts,,200,,,http://20.210.36.32:8080/prediction/knn,,
http_req_connecting,1678217710,4.016319,,,,true,,POST,http://20.210.36.32:8080/prediction/knn,HTTP/1.1,contacts,,200,,,http://20.210.36.32:8080/prediction/knn,,
http_req_tls_handshaking,1678217710,0.000000,,,,true,,POST,http://20.210.36.32:8080/prediction/knn,HTTP/1.1,contacts,,200,,,http://20.210.36.32:8080/prediction/knn,,
http_req_sending,1678217710,0.060400,,,,true,,POST,http://20.210.36.32:8080/prediction/knn,HTTP/1.1,contacts,,200,,,http://20.210.36.32:8080/prediction/knn,,
http_req_waiting,1678217710,697.838796,,,,true,,POST,http://20.210.36.32:8080/prediction/knn,HTTP/1.1,contacts,,200,,,http://20.210.36.32:8080/prediction/knn,,
http_req_receiving,1678217710,0.104800,,,,true,,POST,http://20.210.36.32:8080/prediction/knn,HTTP/1.1,contacts,,200,,,http://20.210.36.32:8080/prediction/knn,,
http_req_failed,1678217710,0.000000,,,,true,,POST,http://20.210.36.32:8080/prediction/knn,HTTP/1.1,contacts,,200,,,http://20.210.36.32:8080/prediction/knn,,
responseTime,1678217710,698.003996,,,,,,,,,contacts,,,,,,,
data_sent,1678217710,2088.000000,,,,,,,,,contacts,,,,,,,
data_received,1678217710,199.000000,,,,,,,,,contacts,,,,,,,
iteration_duration,1678217710,702.593518,,,,,,,,,contacts,,,,,,,
iterations,1678217710,1.000000,,,,,,,,,contacts,,,,,,,
http_reqs,1678217710,1.000000,,,,true,,POST,http://20.210.36.32:8080/prediction/knn,HTTP/1.1,contacts,,200,,,http://20.210.36.32:8080/prediction/knn,,
http_req_duration,1678217710,609.653279,,,,true,,POST,http://20.210.36.32:8080/prediction/knn,HTTP/1.1,contacts,,200,,,http://20.210.36.32:8080/prediction/knn,,
http_req_blocked,1678217710,4.026119,,,,true,,POST,http://20.210.36.32:8080/prediction/knn,HTTP/1.1,contacts,,200,,,http://20.210.36.32:8080/prediction/knn,,
http_req_connecting,1678217710,3.974919,,,,true,,POST,http://20.210.36.32:8080/prediction/knn,HTTP/1.1,contacts,,200,,,http://20.210.36.32:8080/prediction/knn,,
http_req_tls_handshaking,1678217710,0.000000,,,,true,,POST,http://20.210.36.32:8080/prediction/knn,HTTP/1.1,contacts,,200,,,http://20.210.36.32:8080/prediction/knn,,
http_req_sending,1678217710,0.041100,,,,true,,POST,http://20.210.36.32:8080/prediction/knn,HTTP/1.1,contacts,,200,,,http://20.210.36.32:8080/prediction/knn,,
http_req_waiting,1678217710,609.550979,,,,true,,POST,http://20.210.36.32:8080/prediction/knn,HTTP/1.1,contacts,,200,,,http://20.210.36.32:8080/prediction/knn,,
http_req_receiving,1678217710,0.061200,,,,true,,POST,http://20.210.36.32:8080/prediction/knn,HTTP/1.1,contacts,,200,,,http://20.210.36.32:8080/prediction/knn,,
http_req_failed,1678217710,0.000000,,,,true,,POST,http://20.210.36.32:8080/prediction/knn,HTTP/1.1,contacts,,200,,,http://20.210.36.32:8080/prediction/knn,,
responseTime,1678217710,609.653279,,,,,,,,,contacts,,,,,,,
data_sent,1678217710,2088.000000,,,,,,,,,contacts,,,,,,,
data_received,1678217710,199.000000,,,,,,,,,contacts,,,,,,,
iteration_duration,1678217710,614.092000,,,,,,,,,contacts,,,,,,,
iterations,1678217710,1.000000,,,,,,,,,contacts,,,,,,,
http_reqs,1678217710,1.000000,,,,true,,POST,http://20.210.36.32:8080/prediction/knn,HTTP/1.1,contacts,,200,,,http://20.210.36.32:8080/prediction/knn,,
http_req_duration,1678217710,711.033058,,,,true,,POST,http://20.210.36.32:8080/prediction/knn,HTTP/1.1,contacts,,200,,,http://20.210.36.32:8080/prediction/knn,,
http_req_blocked,1678217710,2.640713,,,,true,,POST,http://20.210.36.32:8080/prediction/knn,HTTP/1.1,contacts,,200,,,http://20.210.36.32:8080/prediction/knn,,
http_req_connecting,1678217710,2.581412,,,,true,,POST,http://20.210.36.32:8080/prediction/knn,HTTP/1.1,contacts,,200,,,http://20.210.36.32:8080/prediction/knn,,
http_req_tls_handshaking,1678217710,0.000000,,,,true,,POST,http://20.210.36.32:8080/prediction/knn,HTTP/1.1,contacts,,200,,,http://20.210.36.32:8080/prediction/knn,,
http_req_sending,1678217710,0.058901,,,,true,,POST,http://20.210.36.32:8080/prediction/knn,HTTP/1.1,contacts,,200,,,http://20.210.36.32:8080/prediction/knn,,
http_req_waiting,1678217710,710.602455,,,,true,,POST,http://20.210.36.32:8080/prediction/knn,HTTP/1.1,contacts,,200,,,http://20.210.36.32:8080/prediction/knn,,
http_req_receiving,1678217710,0.371702,,,,true,,POST,http://20.210.36.32:8080/prediction/knn,HTTP/1.1,contacts,,200,,,http://20.210.36.32:8080/prediction/knn,,
http_req_failed,1678217710,0.000000,,,,true,,POST,http://20.210.36.32:8080/prediction/knn,HTTP/1.1,contacts,,200,,,http://20.210.36.32:8080/prediction/knn,,
responseTime,1678217710,711.033058,,,,,,,,,contacts,,,,,,,
data_sent,1678217710,2088.000000,,,,,,,,,contacts,,,,,,,
data_received,1678217710,199.000000,,,,,,,,,contacts,,,,,,,
iteration_duration,1678217710,714.066072,,,,,,,,,contacts,,,,,,,
iterations,1678217710,1.000000,,,,,,,,,contacts,,,,,,,
http_reqs,1678217710,1.000000,,,,true,,POST,http://20.210.36.32:8080/prediction/knn,HTTP/1.1,contacts,,200,,,http://20.210.36.32:8080/prediction/knn,,
http_req_duration,1678217710,571.544999,,,,true,,POST,http://20.210.36.32:8080/prediction/knn,HTTP/1.1,contacts,,200,,,http://20.210.36.32:8080/prediction/knn,,
http_req_blocked,1678217710,4.375021,,,,true,,POST,http://20.210.36.32:8080/prediction/knn,HTTP/1.1,contacts,,200,,,http://20.210.36.32:8080/prediction/knn,,
http_req_connecting,1678217710,4.308220,,,,true,,POST,http://20.210.36.32:8080/prediction/knn,HTTP/1.1,contacts,,200,,,http://20.210.36.32:8080/prediction/knn,,
http_req_tls_handshaking,1678217710,0.000000,,,,true,,POST,http://20.210.36.32:8080/prediction/knn,HTTP/1.1,contacts,,200,,,http://20.210.36.32:8080/prediction/knn,,
http_req_sending,1678217710,0.076901,,,,true,,POST,http://20.210.36.32:8080/prediction/knn,HTTP/1.1,contacts,,200,,,http://20.210.36.32:8080/prediction/knn,,
http_req_waiting,1678217710,571.035796,,,,true,,POST,http://20.210.36.32:8080/prediction/knn,HTTP/1.1,contacts,,200,,,http://20.210.36.32:8080/prediction/knn,,
http_req_receiving,1678217710,0.432302,,,,true,,POST,http://20.210.36.32:8080/prediction/knn,HTTP/1.1,contacts,,200,,,http://20.210.36.32:8080/prediction/knn,,
http_req_failed,1678217710,0.000000,,,,true,,POST,http://20.210.36.32:8080/prediction/knn,HTTP/1.1,contacts,,200,,,http://20.210.36.32:8080/prediction/knn,,
responseTime,1678217710,571.544999,,,,,,,,,contacts,,,,,,,
data_sent,1678217710,2088.000000,,,,,,,,,contacts,,,,,,,
data_received,1678217710,199.000000,,,,,,,,,contacts,,,,,,,
iteration_duration,1678217710,576.336522,,,,,,,,,contacts,,,,,,,
iterations,1678217710,1.000000,,,,,,,,,contacts,,,,,,,
http_reqs,1678217710,1.000000,,,,true,,POST,http://20.210.36.32:8080/prediction/knn,HTTP/1.1,contacts,,200,,,http://20.210.36.32:8080/prediction/knn,,
http_req_duration,1678217710,675.549590,,,,true,,POST,http://20.210.36.32:8080/prediction/knn,HTTP/1.1,contacts,,200,,,http://20.210.36.32:8080/prediction/knn,,
http_req_blocked,1678217710,3.994619,,,,true,,POST,http://20.210.36.32:8080/prediction/knn,HTTP/1.1,contacts,,200,,,http://20.210.36.32:8080/prediction/knn,,
http_req_connecting,1678217710,3.921319,,,,true,,POST,http://20.210.36.32:8080/prediction/knn,HTTP/1.1,contacts,,200,,,http://20.210.36.32:8080/prediction/knn,,
http_req_tls_handshaking,1678217710,0.000000,,,,true,,POST,http://20.210.36.32:8080/prediction/knn,HTTP/1.1,contacts,,200,,,http://20.210.36.32:8080/prediction/knn,,
http_req_sending,1678217710,0.076900,,,,true,,POST,http://20.210.36.32:8080/prediction/knn,HTTP/1.1,contacts,,200,,,http://20.210.36.32:8080/prediction/knn,,
http_req_waiting,1678217710,674.436585,,,,true,,POST,http://20.210.36.32:8080/prediction/knn,HTTP/1.1,contacts,,200,,,http://20.210.36.32:8080/prediction/knn,,
http_req_receiving,1678217710,1.036105,,,,true,,POST,http://20.210.36.32:8080/prediction/knn,HTTP/1.1,contacts,,200,,,http://20.210.36.32:8080/prediction/knn,,
http_req_failed,1678217710,0.000000,,,,true,,POST,http://20.210.36.32:8080/prediction/knn,HTTP/1.1,contacts,,200,,,http://20.210.36.32:8080/prediction/knn,,
responseTime,1678217710,675.549590,,,,,,,,,contacts,,,,,,,
data_sent,1678217710,2088.000000,,,,,,,,,contacts,,,,,,,
data_received,1678217710,199.000000,,,,,,,,,contacts,,,,,,,
iteration_duration,1678217710,679.864810,,,,,,,,,contacts,,,,,,,
iterations,1678217710,1.000000,,,,,,,,,contacts,,,,,,,
http_reqs,1678217710,1.000000,,,,true,,POST,http://20.210.36.32:8080/prediction/knn,HTTP/1.1,contacts,,200,,,http://20.210.36.32:8080/prediction/knn,,
http_req_duration,1678217710,622.695840,,,,true,,POST,http://20.210.36.32:8080/prediction/knn,HTTP/1.1,contacts,,200,,,http://20.210.36.32:8080/prediction/knn,,
http_req_blocked,1678217710,4.561621,,,,true,,POST,http://20.210.36.32:8080/prediction/knn,HTTP/1.1,contacts,,200,,,http://20.210.36.32:8080/prediction/knn,,
http_req_connecting,1678217710,4.485321,,,,true,,POST,http://20.210.36.32:8080/prediction/knn,HTTP/1.1,contacts,,200,,,http://20.210.36.32:8080/prediction/knn,,
http_req_tls_handshaking,1678217710,0.000000,,,,true,,POST,http://20.210.36.32:8080/prediction/knn,HTTP/1.1,contacts,,200,,,http://20.210.36.32:8080/prediction/knn,,
http_req_sending,1678217710,0.069700,,,,true,,POST,http://20.210.36.32:8080/prediction/knn,HTTP/1.1,contacts,,200,,,http://20.210.36.32:8080/prediction/knn,,
http_req_waiting,1678217710,621.161934,,,,true,,POST,http://20.210.36.32:8080/prediction/knn,HTTP/1.1,contacts,,200,,,http://20.210.36.32:8080/prediction/knn,,
http_req_receiving,1678217710,1.464206,,,,true,,POST,http://20.210.36.32:8080/prediction/knn,HTTP/1.1,contacts,,200,,,http://20.210.36.32:8080/prediction/knn,,
http_req_failed,1678217710,0.000000,,,,true,,POST,http://20.210.36.32:8080/prediction/knn,HTTP/1.1,contacts,,200,,,http://20.210.36.32:8080/prediction/knn,,
responseTime,1678217710,622.695840,,,,,,,,,contacts,,,,,,,
data_sent,1678217710,2088.000000,,,,,,,,,contacts,,,,,,,
data_received,1678217710,199.000000,,,,,,,,,contacts,,,,,,,
iteration_duration,1678217710,627.802764,,,,,,,,,contacts,,,,,,,
iterations,1678217710,1.000000,,,,,,,,,contacts,,,,,,,
http_reqs,1678217710,1.000000,,,,true,,POST,http://20.210.36.32:8080/prediction/knn,HTTP/1.1,contacts,,200,,,http://20.210.36.32:8080/prediction/knn,,
http_req_duration,1678217710,545.214675,,,,true,,POST,http://20.210.36.32:8080/prediction/knn,HTTP/1.1,contacts,,200,,,http://20.210.36.32:8080/prediction/knn,,
http_req_blocked,1678217710,4.236620,,,,true,,POST,http://20.210.36.32:8080/prediction/knn,HTTP/1.1,contacts,,200,,,http://20.210.36.32:8080/prediction/knn,,
http_req_connecting,1678217710,4.172320,,,,true,,POST,http://20.210.36.32:8080/prediction/knn,HTTP/1.1,contacts,,200,,,http://20.210.36.32:8080/prediction/knn,,
http_req_tls_handshaking,1678217710,0.000000,,,,true,,POST,http://20.210.36.32:8080/prediction/knn,HTTP/1.1,contacts,,200,,,http://20.210.36.32:8080/prediction/knn,,
http_req_sending,1678217710,0.063300,,,,true,,POST,http://20.210.36.32:8080/prediction/knn,HTTP/1.1,contacts,,200,,,http://20.210.36.32:8080/prediction/knn,,
http_req_waiting,1678217710,544.959174,,,,true,,POST,http://20.210.36.32:8080/prediction/knn,HTTP/1.1,contacts,,200,,,http://20.210.36.32:8080/prediction/knn,,
http_req_receiving,1678217710,0.192201,,,,true,,POST,http://20.210.36.32:8080/prediction/knn,HTTP/1.1,contacts,,200,,,http://20.210.36.32:8080/prediction/knn,,
http_req_failed,1678217710,0.000000,,,,true,,POST,http://20.210.36.32:8080/prediction/knn,HTTP/1.1,contacts,,200,,,http://20.210.36.32:8080/prediction/knn,,
responseTime,1678217710,545.214675,,,,,,,,,contacts,,,,,,,
data_sent,1678217710,2088.000000,,,,,,,,,contacts,,,,,,,
data_received,1678217710,199.000000,,,,,,,,,contacts,,,,,,,
iteration_duration,1678217710,549.770596,,,,,,,,,contacts,,,,,,,
iterations,1678217710,1.000000,,,,,,,,,contacts,,,,,,,
http_reqs,1678217710,1.000000,,,,true,,POST,http://20.210.36.32:8080/prediction/knn,HTTP/1.1,contacts,,200,,,http://20.210.36.32:8080/prediction/knn,,
http_req_duration,1678217710,633.077590,,,,true,,POST,http://20.210.36.32:8080/prediction/knn,HTTP/1.1,contacts,,200,,,http://20.210.36.32:8080/prediction/knn,,
http_req_blocked,1678217710,3.710817,,,,true,,POST,http://20.210.36.32:8080/prediction/knn,HTTP/1.1,contacts,,200,,,http://20.210.36.32:8080/prediction/knn,,
http_req_connecting,1678217710,3.643317,,,,true,,POST,http://20.210.36.32:8080/prediction/knn,HTTP/1.1,contacts,,200,,,http://20.210.36.32:8080/prediction/knn,,
http_req_tls_handshaking,1678217710,0.000000,,,,true,,POST,http://20.210.36.32:8080/prediction/knn,HTTP/1.1,contacts,,200,,,http://20.210.36.32:8080/prediction/knn,,
http_req_sending,1678217710,0.092700,,,,true,,POST,http://20.210.36.32:8080/prediction/knn,HTTP/1.1,contacts,,200,,,http://20.210.36.32:8080/prediction/knn,,
http_req_waiting,1678217710,632.909889,,,,true,,POST,http://20.210.36.32:8080/prediction/knn,HTTP/1.1,contacts,,200,,,http://20.210.36.32:8080/prediction/knn,,
http_req_receiving,1678217710,0.075001,,,,true,,POST,http://20.210.36.32:8080/prediction/knn,HTTP/1.1,contacts,,200,,,http://20.210.36.32:8080/prediction/knn,,
http_req_failed,1678217710,0.000000,,,,true,,POST,http://20.210.36.32:8080/prediction/knn,HTTP/1.1,contacts,,200,,,http://20.210.36.32:8080/prediction/knn,,
responseTime,1678217710,633.077590,,,,,,,,,contacts,,,,,,,
data_sent,1678217710,2088.000000,,,,,,,,,contacts,,,,,,,
data_received,1678217710,199.000000,,,,,,,,,contacts,,,,,,,
iteration_duration,1678217710,637.177309,,,,,,,,,contacts,,,,,,,
iterations,1678217710,1.000000,,,,,,,,,contacts,,,,,,,
http_reqs,1678217710,1.000000,,,,true,,POST,http://20.210.36.32:8080/prediction/knn,HTTP/1.1,contacts,,200,,,http://20.210.36.32:8080/prediction/knn,,
http_req_duration,1678217710,510.405910,,,,true,,POST,http://20.210.36.32:8080/prediction/knn,HTTP/1.1,contacts,,200,,,http://20.210.36.32:8080/prediction/knn,,
http_req_blocked,1678217710,4.519921,,,,true,,POST,http://20.210.36.32:8080/prediction/knn,HTTP/1.1,contacts,,200,,,http://20.210.36.32:8080/prediction/knn,,
http_req_connecting,1678217710,4.444021,,,,true,,POST,http://20.210.36.32:8080/prediction/knn,HTTP/1.1,contacts,,200,,,http://20.210.36.32:8080/prediction/knn,,
http_req_tls_handshaking,1678217710,0.000000,,,,true,,POST,http://20.210.36.32:8080/prediction/knn,HTTP/1.1,contacts,,200,,,http://20.210.36.32:8080/prediction/knn,,
http_req_sending,1678217710,0.095300,,,,true,,POST,http://20.210.36.32:8080/prediction/knn,HTTP/1.1,contacts,,200,,,http://20.210.36.32:8080/prediction/knn,,
http_req_waiting,1678217710,509.917208,,,,true,,POST,http://20.210.36.32:8080/prediction/knn,HTTP/1.1,contacts,,200,,,http://20.210.36.32:8080/prediction/knn,,
http_req_receiving,1678217710,0.393402,,,,true,,POST,http://20.210.36.32:8080/prediction/knn,HTTP/1.1,contacts,,200,,,http://20.210.36.32:8080/prediction/knn,,
http_req_failed,1678217710,0.000000,,,,true,,POST,http://20.210.36.32:8080/prediction/knn,HTTP/1.1,contacts,,200,,,http://20.210.36.32:8080/prediction/knn,,
responseTime,1678217710,510.405910,,,,,,,,,contacts,,,,,,,
data_sent,1678217710,2088.000000,,,,,,,,,contacts,,,,,,,
data_received,1678217710,199.000000,,,,,,,,,contacts,,,,,,,
iteration_duration,1678217710,515.707836,,,,,,,,,contacts,,,,,,,
iterations,1678217710,1.000000,,,,,,,,,contacts,,,,,,,
http_reqs,1678217710,1.000000,,,,true,,POST,http://20.210.36.32:8080/prediction/knn,HTTP/1.1,contacts,,200,,,http://20.210.36.32:8080/prediction/knn,,
http_req_duration,1678217710,412.796150,,,,true,,POST,http://20.210.36.32:8080/prediction/knn,HTTP/1.1,contacts,,200,,,http://20.210.36.32:8080/prediction/knn,,
http_req_blocked,1678217710,3.919418,,,,true,,POST,http://20.210.36.32:8080/prediction/knn,HTTP/1.1,contacts,,200,,,http://20.210.36.32:8080/prediction/knn,,
http_req_connecting,1678217710,3.844418,,,,true,,POST,http://20.210.36.32:8080/prediction/knn,HTTP/1.1,contacts,,200,,,http://20.210.36.32:8080/prediction/knn,,
http_req_tls_handshaking,1678217710,0.000000,,,,true,,POST,http://20.210.36.32:8080/prediction/knn,HTTP/1.1,contacts,,200,,,http://20.210.36.32:8080/prediction/knn,,
http_req_sending,1678217710,0.228901,,,,true,,POST,http://20.210.36.32:8080/prediction/knn,HTTP/1.1,contacts,,200,,,http://20.210.36.32:8080/prediction/knn,,
http_req_waiting,1678217710,412.484048,,,,true,,POST,http://20.210.36.32:8080/prediction/knn,HTTP/1.1,contacts,,200,,,http://20.210.36.32:8080/prediction/knn,,
http_req_receiving,1678217710,0.083201,,,,true,,POST,http://20.210.36.32:8080/prediction/knn,HTTP/1.1,contacts,,200,,,http://20.210.36.32:8080/prediction/knn,,
http_req_failed,1678217710,0.000000,,,,true,,POST,http://20.210.36.32:8080/prediction/knn,HTTP/1.1,contacts,,200,,,http://20.210.36.32:8080/prediction/knn,,
responseTime,1678217710,412.796150,,,,,,,,,contacts,,,,,,,
data_sent,1678217710,2088.000000,,,,,,,,,contacts,,,,,,,
data_received,1678217710,199.000000,,,,,,,,,contacts,,,,,,,
iteration_duration,1678217710,417.187970,,,,,,,,,contacts,,,,,,,
iterations,1678217710,1.000000,,,,,,,,,contacts,,,,,,,
http_reqs,1678217710,1.000000,,,,true,,POST,http://20.210.36.32:8080/prediction/knn,HTTP/1.1,contacts,,200,,,http://20.210.36.32:8080/prediction/knn,,
http_req_duration,1678217710,412.654849,,,,true,,POST,http://20.210.36.32:8080/prediction/knn,HTTP/1.1,contacts,,200,,,http://20.210.36.32:8080/prediction/knn,,
http_req_blocked,1678217710,3.889618,,,,true,,POST,http://20.210.36.32:8080/prediction/knn,HTTP/1.1,contacts,,200,,,http://20.210.36.32:8080/prediction/knn,,
http_req_connecting,1678217710,3.827618,,,,true,,POST,http://20.210.36.32:8080/prediction/knn,HTTP/1.1,contacts,,200,,,http://20.210.36.32:8080/prediction/knn,,
http_req_tls_handshaking,1678217710,0.000000,,,,true,,POST,http://20.210.36.32:8080/prediction/knn,HTTP/1.1,contacts,,200,,,http://20.210.36.32:8080/prediction/knn,,
http_req_sending,1678217710,0.042501,,,,true,,POST,http://20.210.36.32:8080/prediction/knn,HTTP/1.1,contacts,,200,,,http://20.210.36.32:8080/prediction/knn,,
http_req_waiting,1678217710,412.390147,,,,true,,POST,http://20.210.36.32:8080/prediction/knn,HTTP/1.1,contacts,,200,,,http://20.210.36.32:8080/prediction/knn,,
http_req_receiving,1678217710,0.222201,,,,true,,POST,http://20.210.36.32:8080/prediction/knn,HTTP/1.1,contacts,,200,,,http://20.210.36.32:8080/prediction/knn,,
http_req_failed,1678217710,0.000000,,,,true,,POST,http://20.210.36.32:8080/prediction/knn,HTTP/1.1,contacts,,200,,,http://20.210.36.32:8080/prediction/knn,,
http_reqs,1678217710,1.000000,,,,true,,POST,http://20.210.36.32:8080/prediction/knn,HTTP/1.1,contacts,,200,,,http://20.210.36.32:8080/prediction/knn,,
http_req_duration,1678217710,473.238334,,,,true,,POST,http://20.210.36.32:8080/prediction/knn,HTTP/1.1,contacts,,200,,,http://20.210.36.32:8080/prediction/knn,,
http_req_blocked,1678217710,4.103920,,,,true,,POST,http://20.210.36.32:8080/prediction/knn,HTTP/1.1,contacts,,200,,,http://20.210.36.32:8080/prediction/knn,,
http_req_connecting,1678217710,4.006519,,,,true,,POST,http://20.210.36.32:8080/prediction/knn,HTTP/1.1,contacts,,200,,,http://20.210.36.32:8080/prediction/knn,,
http_req_tls_handshaking,1678217710,0.000000,,,,true,,POST,http://20.210.36.32:8080/prediction/knn,HTTP/1.1,contacts,,200,,,http://20.210.36.32:8080/prediction/knn,,
http_req_sending,1678217710,0.087100,,,,true,,POST,http://20.210.36.32:8080/prediction/knn,HTTP/1.1,contacts,,200,,,http://20.210.36.32:8080/prediction/knn,,
http_req_waiting,1678217710,472.991734,,,,true,,POST,http://20.210.36.32:8080/prediction/knn,HTTP/1.1,contacts,,200,,,http://20.210.36.32:8080/prediction/knn,,
http_req_receiving,1678217710,0.159500,,,,true,,POST,http://20.210.36.32:8080/prediction/knn,HTTP/1.1,contacts,,200,,,http://20.210.36.32:8080/prediction/knn,,
http_req_failed,1678217710,0.000000,,,,true,,POST,http://20.210.36.32:8080/prediction/knn,HTTP/1.1,contacts,,200,,,http://20.210.36.32:8080/prediction/knn,,
responseTime,1678217710,412.654849,,,,,,,,,contacts,,,,,,,
data_sent,1678217710,2088.000000,,,,,,,,,contacts,,,,,,,
data_received,1678217710,199.000000,,,,,,,,,contacts,,,,,,,
iteration_duration,1678217710,417.217070,,,,,,,,,contacts,,,,,,,
iterations,1678217710,1.000000,,,,,,,,,contacts,,,,,,,
responseTime,1678217710,473.238334,,,,,,,,,contacts,,,,,,,
data_sent,1678217710,2088.000000,,,,,,,,,contacts,,,,,,,
data_received,1678217710,199.000000,,,,,,,,,contacts,,,,,,,
iteration_duration,1678217710,478.607460,,,,,,,,,contacts,,,,,,,
iterations,1678217710,1.000000,,,,,,,,,contacts,,,,,,,
http_reqs,1678217710,1.000000,,,,true,,POST,http://20.210.36.32:8080/prediction/knn,HTTP/1.1,contacts,,200,,,http://20.210.36.32:8080/prediction/knn,,
http_req_duration,1678217710,435.919358,,,,true,,POST,http://20.210.36.32:8080/prediction/knn,HTTP/1.1,contacts,,200,,,http://20.210.36.32:8080/prediction/knn,,
http_req_blocked,1678217710,3.910819,,,,true,,POST,http://20.210.36.32:8080/prediction/knn,HTTP/1.1,contacts,,200,,,http://20.210.36.32:8080/prediction/knn,,
http_req_connecting,1678217710,3.831018,,,,true,,POST,http://20.210.36.32:8080/prediction/knn,HTTP/1.1,contacts,,200,,,http://20.210.36.32:8080/prediction/knn,,
http_req_tls_handshaking,1678217710,0.000000,,,,true,,POST,http://20.210.36.32:8080/prediction/knn,HTTP/1.1,contacts,,200,,,http://20.210.36.32:8080/prediction/knn,,
http_req_sending,1678217710,0.070700,,,,true,,POST,http://20.210.36.32:8080/prediction/knn,HTTP/1.1,contacts,,200,,,http://20.210.36.32:8080/prediction/knn,,
http_req_waiting,1678217710,435.533557,,,,true,,POST,http://20.210.36.32:8080/prediction/knn,HTTP/1.1,contacts,,200,,,http://20.210.36.32:8080/prediction/knn,,
http_req_receiving,1678217710,0.315101,,,,true,,POST,http://20.210.36.32:8080/prediction/knn,HTTP/1.1,contacts,,200,,,http://20.210.36.32:8080/prediction/knn,,
http_req_failed,1678217710,0.000000,,,,true,,POST,http://20.210.36.32:8080/prediction/knn,HTTP/1.1,contacts,,200,,,http://20.210.36.32:8080/prediction/knn,,
http_reqs,1678217710,1.000000,,,,true,,POST,http://20.210.36.32:8080/prediction/knn,HTTP/1.1,contacts,,200,,,http://20.210.36.32:8080/prediction/knn,,
http_req_duration,1678217710,384.264114,,,,true,,POST,http://20.210.36.32:8080/prediction/knn,HTTP/1.1,contacts,,200,,,http://20.210.36.32:8080/prediction/knn,,
http_req_blocked,1678217710,3.611617,,,,true,,POST,http://20.210.36.32:8080/prediction/knn,HTTP/1.1,contacts,,200,,,http://20.210.36.32:8080/prediction/knn,,
http_req_connecting,1678217710,3.547017,,,,true,,POST,http://20.210.36.32:8080/prediction/knn,HTTP/1.1,contacts,,200,,,http://20.210.36.32:8080/prediction/knn,,
http_req_tls_handshaking,1678217710,0.000000,,,,true,,POST,http://20.210.36.32:8080/prediction/knn,HTTP/1.1,contacts,,200,,,http://20.210.36.32:8080/prediction/knn,,
http_req_sending,1678217710,0.074600,,,,true,,POST,http://20.210.36.32:8080/prediction/knn,HTTP/1.1,contacts,,200,,,http://20.210.36.32:8080/prediction/knn,,
http_req_waiting,1678217710,383.862413,,,,true,,POST,http://20.210.36.32:8080/prediction/knn,HTTP/1.1,contacts,,200,,,http://20.210.36.32:8080/prediction/knn,,
http_req_receiving,1678217710,0.327101,,,,true,,POST,http://20.210.36.32:8080/prediction/knn,HTTP/1.1,contacts,,200,,,http://20.210.36.32:8080/prediction/knn,,
http_req_failed,1678217710,0.000000,,,,true,,POST,http://20.210.36.32:8080/prediction/knn,HTTP/1.1,contacts,,200,,,http://20.210.36.32:8080/prediction/knn,,
responseTime,1678217710,384.264114,,,,,,,,,contacts,,,,,,,
data_sent,1678217710,2088.000000,,,,,,,,,contacts,,,,,,,
data_received,1678217710,199.000000,,,,,,,,,contacts,,,,,,,
iteration_duration,1678217710,388.629335,,,,,,,,,contacts,,,,,,,
iterations,1678217710,1.000000,,,,,,,,,contacts,,,,,,,
responseTime,1678217710,435.919358,,,,,,,,,contacts,,,,,,,
data_sent,1678217710,2088.000000,,,,,,,,,contacts,,,,,,,
data_received,1678217710,199.000000,,,,,,,,,contacts,,,,,,,
iteration_duration,1678217710,440.867282,,,,,,,,,contacts,,,,,,,
iterations,1678217710,1.000000,,,,,,,,,contacts,,,,,,,
http_reqs,1678217710,1.000000,,,,true,,POST,http://20.210.36.32:8080/prediction/knn,HTTP/1.1,contacts,,200,,,http://20.210.36.32:8080/prediction/knn,,
http_req_duration,1678217710,438.244970,,,,true,,POST,http://20.210.36.32:8080/prediction/knn,HTTP/1.1,contacts,,200,,,http://20.210.36.32:8080/prediction/knn,,
http_req_blocked,1678217710,4.437221,,,,true,,POST,http://20.210.36.32:8080/prediction/knn,HTTP/1.1,contacts,,200,,,http://20.210.36.32:8080/prediction/knn,,
http_req_connecting,1678217710,4.383021,,,,true,,POST,http://20.210.36.32:8080/prediction/knn,HTTP/1.1,contacts,,200,,,http://20.210.36.32:8080/prediction/knn,,
http_req_tls_handshaking,1678217710,0.000000,,,,true,,POST,http://20.210.36.32:8080/prediction/knn,HTTP/1.1,contacts,,200,,,http://20.210.36.32:8080/prediction/knn,,
http_req_sending,1678217710,0.050700,,,,true,,POST,http://20.210.36.32:8080/prediction/knn,HTTP/1.1,contacts,,200,,,http://20.210.36.32:8080/prediction/knn,,
http_req_waiting,1678217710,431.217037,,,,true,,POST,http://20.210.36.32:8080/prediction/knn,HTTP/1.1,contacts,,200,,,http://20.210.36.32:8080/prediction/knn,,
http_req_receiving,1678217710,6.977233,,,,true,,POST,http://20.210.36.32:8080/prediction/knn,HTTP/1.1,contacts,,200,,,http://20.210.36.32:8080/prediction/knn,,
http_req_failed,1678217710,0.000000,,,,true,,POST,http://20.210.36.32:8080/prediction/knn,HTTP/1.1,contacts,,200,,,http://20.210.36.32:8080/prediction/knn,,
responseTime,1678217710,438.244970,,,,,,,,,contacts,,,,,,,
data_sent,1678217710,2088.000000,,,,,,,,,contacts,,,,,,,
data_received,1678217710,199.000000,,,,,,,,,contacts,,,,,,,
iteration_duration,1678217710,443.162592,,,,,,,,,contacts,,,,,,,
iterations,1678217710,1.000000,,,,,,,,,contacts,,,,,,,
http_reqs,1678217710,1.000000,,,,true,,POST,http://20.210.36.32:8080/prediction/knn,HTTP/1.1,contacts,,200,,,http://20.210.36.32:8080/prediction/knn,,
http_req_duration,1678217710,454.840147,,,,true,,POST,http://20.210.36.32:8080/prediction/knn,HTTP/1.1,contacts,,200,,,http://20.210.36.32:8080/prediction/knn,,
http_req_blocked,1678217710,4.101420,,,,true,,POST,http://20.210.36.32:8080/prediction/knn,HTTP/1.1,contacts,,200,,,http://20.210.36.32:8080/prediction/knn,,
http_req_connecting,1678217710,4.030519,,,,true,,POST,http://20.210.36.32:8080/prediction/knn,HTTP/1.1,contacts,,200,,,http://20.210.36.32:8080/prediction/knn,,
http_req_tls_handshaking,1678217710,0.000000,,,,true,,POST,http://20.210.36.32:8080/prediction/knn,HTTP/1.1,contacts,,200,,,http://20.210.36.32:8080/prediction/knn,,
http_req_sending,1678217710,0.073800,,,,true,,POST,http://20.210.36.32:8080/prediction/knn,HTTP/1.1,contacts,,200,,,http://20.210.36.32:8080/prediction/knn,,
http_req_waiting,1678217710,449.485123,,,,true,,POST,http://20.210.36.32:8080/prediction/knn,HTTP/1.1,contacts,,200,,,http://20.210.36.32:8080/prediction/knn,,
http_req_receiving,1678217710,5.281224,,,,true,,POST,http://20.210.36.32:8080/prediction/knn,HTTP/1.1,contacts,,200,,,http://20.210.36.32:8080/prediction/knn,,
http_req_failed,1678217710,0.000000,,,,true,,POST,http://20.210.36.32:8080/prediction/knn,HTTP/1.1,contacts,,200,,,http://20.210.36.32:8080/prediction/knn,,
responseTime,1678217710,454.840147,,,,,,,,,contacts,,,,,,,
data_sent,1678217710,2088.000000,,,,,,,,,contacts,,,,,,,
data_received,1678217710,199.000000,,,,,,,,,contacts,,,,,,,
iteration_duration,1678217710,459.328769,,,,,,,,,contacts,,,,,,,
iterations,1678217710,1.000000,,,,,,,,,contacts,,,,,,,
http_reqs,1678217710,1.000000,,,,true,,POST,http://20.210.36.32:8080/prediction/knn,HTTP/1.1,contacts,,200,,,http://20.210.36.32:8080/prediction/knn,,
http_req_duration,1678217710,416.775468,,,,true,,POST,http://20.210.36.32:8080/prediction/knn,HTTP/1.1,contacts,,200,,,http://20.210.36.32:8080/prediction/knn,,
http_req_blocked,1678217710,3.922119,,,,true,,POST,http://20.210.36.32:8080/prediction/knn,HTTP/1.1,contacts,,200,,,http://20.210.36.32:8080/prediction/knn,,
http_req_connecting,1678217710,3.817218,,,,true,,POST,http://20.210.36.32:8080/prediction/knn,HTTP/1.1,contacts,,200,,,http://20.210.36.32:8080/prediction/knn,,
http_req_tls_handshaking,1678217710,0.000000,,,,true,,POST,http://20.210.36.32:8080/prediction/knn,HTTP/1.1,contacts,,200,,,http://20.210.36.32:8080/prediction/knn,,
http_req_sending,1678217710,0.106601,,,,true,,POST,http://20.210.36.32:8080/prediction/knn,HTTP/1.1,contacts,,200,,,http://20.210.36.32:8080/prediction/knn,,
http_req_waiting,1678217710,406.778521,,,,true,,POST,http://20.210.36.32:8080/prediction/knn,HTTP/1.1,contacts,,200,,,http://20.210.36.32:8080/prediction/knn,,
http_req_receiving,1678217710,9.890346,,,,true,,POST,http://20.210.36.32:8080/prediction/knn,HTTP/1.1,contacts,,200,,,http://20.210.36.32:8080/prediction/knn,,
http_req_failed,1678217710,0.000000,,,,true,,POST,http://20.210.36.32:8080/prediction/knn,HTTP/1.1,contacts,,200,,,http://20.210.36.32:8080/prediction/knn,,
responseTime,1678217710,416.775468,,,,,,,,,contacts,,,,,,,
data_sent,1678217710,2088.000000,,,,,,,,,contacts,,,,,,,
data_received,1678217710,199.000000,,,,,,,,,contacts,,,,,,,
iteration_duration,1678217710,421.066188,,,,,,,,,contacts,,,,,,,
iterations,1678217710,1.000000,,,,,,,,,contacts,,,,,,,
http_reqs,1678217710,1.000000,,,,true,,POST,http://20.210.36.32:8080/prediction/knn,HTTP/1.1,contacts,,200,,,http://20.210.36.32:8080/prediction/knn,,
http_req_duration,1678217710,356.260682,,,,true,,POST,http://20.210.36.32:8080/prediction/knn,HTTP/1.1,contacts,,200,,,http://20.210.36.32:8080/prediction/knn,,
http_req_blocked,1678217710,4.199520,,,,true,,POST,http://20.210.36.32:8080/prediction/knn,HTTP/1.1,contacts,,200,,,http://20.210.36.32:8080/prediction/knn,,
http_req_connecting,1678217710,4.067819,,,,true,,POST,http://20.210.36.32:8080/prediction/knn,HTTP/1.1,contacts,,200,,,http://20.210.36.32:8080/prediction/knn,,
http_req_tls_handshaking,1678217710,0.000000,,,,true,,POST,http://20.210.36.32:8080/prediction/knn,HTTP/1.1,contacts,,200,,,http://20.210.36.32:8080/prediction/knn,,
http_req_sending,1678217710,0.349601,,,,true,,POST,http://20.210.36.32:8080/prediction/knn,HTTP/1.1,contacts,,200,,,http://20.210.36.32:8080/prediction/knn,,
http_req_waiting,1678217710,354.856376,,,,true,,POST,http://20.210.36.32:8080/prediction/knn,HTTP/1.1,contacts,,200,,,http://20.210.36.32:8080/prediction/knn,,
http_req_receiving,1678217710,1.054705,,,,true,,POST,http://20.210.36.32:8080/prediction/knn,HTTP/1.1,contacts,,200,,,http://20.210.36.32:8080/prediction/knn,,
http_req_failed,1678217710,0.000000,,,,true,,POST,http://20.210.36.32:8080/prediction/knn,HTTP/1.1,contacts,,200,,,http://20.210.36.32:8080/prediction/knn,,
responseTime,1678217710,356.260682,,,,,,,,,contacts,,,,,,,
data_sent,1678217710,2088.000000,,,,,,,,,contacts,,,,,,,
data_received,1678217710,199.000000,,,,,,,,,contacts,,,,,,,
iteration_duration,1678217710,360.939705,,,,,,,,,contacts,,,,,,,
iterations,1678217710,1.000000,,,,,,,,,contacts,,,,,,,
http_reqs,1678217710,1.000000,,,,true,,POST,http://20.210.36.32:8080/prediction/knn,HTTP/1.1,contacts,,200,,,http://20.210.36.32:8080/prediction/knn,,
http_req_duration,1678217710,378.172686,,,,true,,POST,http://20.210.36.32:8080/prediction/knn,HTTP/1.1,contacts,,200,,,http://20.210.36.32:8080/prediction/knn,,
http_req_blocked,1678217710,3.911518,,,,true,,POST,http://20.210.36.32:8080/prediction/knn,HTTP/1.1,contacts,,200,,,http://20.210.36.32:8080/prediction/knn,,
http_req_connecting,1678217710,3.840618,,,,true,,POST,http://20.210.36.32:8080/prediction/knn,HTTP/1.1,contacts,,200,,,http://20.210.36.32:8080/prediction/knn,,
http_req_tls_handshaking,1678217710,0.000000,,,,true,,POST,http://20.210.36.32:8080/prediction/knn,HTTP/1.1,contacts,,200,,,http://20.210.36.32:8080/prediction/knn,,
http_req_sending,1678217710,0.044301,,,,true,,POST,http://20.210.36.32:8080/prediction/knn,HTTP/1.1,contacts,,200,,,http://20.210.36.32:8080/prediction/knn,,
http_req_waiting,1678217710,372.458558,,,,true,,POST,http://20.210.36.32:8080/prediction/knn,HTTP/1.1,contacts,,200,,,http://20.210.36.32:8080/prediction/knn,,
http_req_receiving,1678217710,5.669827,,,,true,,POST,http://20.210.36.32:8080/prediction/knn,HTTP/1.1,contacts,,200,,,http://20.210.36.32:8080/prediction/knn,,
http_req_failed,1678217710,0.000000,,,,true,,POST,http://20.210.36.32:8080/prediction/knn,HTTP/1.1,contacts,,200,,,http://20.210.36.32:8080/prediction/knn,,
responseTime,1678217710,378.172686,,,,,,,,,contacts,,,,,,,
data_sent,1678217710,2088.000000,,,,,,,,,contacts,,,,,,,
data_received,1678217710,199.000000,,,,,,,,,contacts,,,,,,,
iteration_duration,1678217710,382.884208,,,,,,,,,contacts,,,,,,,
iterations,1678217710,1.000000,,,,,,,,,contacts,,,,,,,
http_reqs,1678217710,1.000000,,,,true,,POST,http://20.210.36.32:8080/prediction/knn,HTTP/1.1,contacts,,200,,,http://20.210.36.32:8080/prediction/knn,,
http_req_duration,1678217710,413.993355,,,,true,,POST,http://20.210.36.32:8080/prediction/knn,HTTP/1.1,contacts,,200,,,http://20.210.36.32:8080/prediction/knn,,
http_req_blocked,1678217710,4.147820,,,,true,,POST,http://20.210.36.32:8080/prediction/knn,HTTP/1.1,contacts,,200,,,http://20.210.36.32:8080/prediction/knn,,
http_req_connecting,1678217710,4.066719,,,,true,,POST,http://20.210.36.32:8080/prediction/knn,HTTP/1.1,contacts,,200,,,http://20.210.36.32:8080/prediction/knn,,
http_req_tls_handshaking,1678217710,0.000000,,,,true,,POST,http://20.210.36.32:8080/prediction/knn,HTTP/1.1,contacts,,200,,,http://20.210.36.32:8080/prediction/knn,,
http_req_sending,1678217710,0.063701,,,,true,,POST,http://20.210.36.32:8080/prediction/knn,HTTP/1.1,contacts,,200,,,http://20.210.36.32:8080/prediction/knn,,
http_req_waiting,1678217710,413.862354,,,,true,,POST,http://20.210.36.32:8080/prediction/knn,HTTP/1.1,contacts,,200,,,http://20.210.36.32:8080/prediction/knn,,
http_req_receiving,1678217710,0.067300,,,,true,,POST,http://20.210.36.32:8080/prediction/knn,HTTP/1.1,contacts,,200,,,http://20.210.36.32:8080/prediction/knn,,
http_req_failed,1678217710,0.000000,,,,true,,POST,http://20.210.36.32:8080/prediction/knn,HTTP/1.1,contacts,,200,,,http://20.210.36.32:8080/prediction/knn,,
responseTime,1678217710,413.993355,,,,,,,,,contacts,,,,,,,
data_sent,1678217710,2088.000000,,,,,,,,,contacts,,,,,,,
data_received,1678217710,199.000000,,,,,,,,,contacts,,,,,,,
iteration_duration,1678217710,418.518176,,,,,,,,,contacts,,,,,,,
iterations,1678217710,1.000000,,,,,,,,,contacts,,,,,,,
http_reqs,1678217710,1.000000,,,,true,,POST,http://20.210.36.32:8080/prediction/knn,HTTP/1.1,contacts,,200,,,http://20.210.36.32:8080/prediction/knn,,
http_req_duration,1678217710,492.412825,,,,true,,POST,http://20.210.36.32:8080/prediction/knn,HTTP/1.1,contacts,,200,,,http://20.210.36.32:8080/prediction/knn,,
http_req_blocked,1678217710,4.316421,,,,true,,POST,http://20.210.36.32:8080/prediction/knn,HTTP/1.1,contacts,,200,,,http://20.210.36.32:8080/prediction/knn,,
http_req_connecting,1678217710,4.264921,,,,true,,POST,http://20.210.36.32:8080/prediction/knn,HTTP/1.1,contacts,,200,,,http://20.210.36.32:8080/prediction/knn,,
http_req_tls_handshaking,1678217710,0.000000,,,,true,,POST,http://20.210.36.32:8080/prediction/knn,HTTP/1.1,contacts,,200,,,http://20.210.36.32:8080/prediction/knn,,
http_req_sending,1678217710,0.055800,,,,true,,POST,http://20.210.36.32:8080/prediction/knn,HTTP/1.1,contacts,,200,,,http://20.210.36.32:8080/prediction/knn,,
http_req_waiting,1678217710,492.214324,,,,true,,POST,http://20.210.36.32:8080/prediction/knn,HTTP/1.1,contacts,,200,,,http://20.210.36.32:8080/prediction/knn,,
http_req_receiving,1678217710,0.142701,,,,true,,POST,http://20.210.36.32:8080/prediction/knn,HTTP/1.1,contacts,,200,,,http://20.210.36.32:8080/prediction/knn,,
http_req_failed,1678217710,0.000000,,,,true,,POST,http://20.210.36.32:8080/prediction/knn,HTTP/1.1,contacts,,200,,,http://20.210.36.32:8080/prediction/knn,,
responseTime,1678217710,492.412825,,,,,,,,,contacts,,,,,,,
data_sent,1678217710,2088.000000,,,,,,,,,contacts,,,,,,,
data_received,1678217710,199.000000,,,,,,,,,contacts,,,,,,,
iteration_duration,1678217710,497.218848,,,,,,,,,contacts,,,,,,,
iterations,1678217710,1.000000,,,,,,,,,contacts,,,,,,,
http_reqs,1678217711,1.000000,,,,true,,POST,http://20.210.36.32:8080/prediction/knn,HTTP/1.1,contacts,,200,,,http://20.210.36.32:8080/prediction/knn,,
http_req_duration,1678217711,702.706818,,,,true,,POST,http://20.210.36.32:8080/prediction/knn,HTTP/1.1,contacts,,200,,,http://20.210.36.32:8080/prediction/knn,,
http_req_blocked,1678217711,5.687427,,,,true,,POST,http://20.210.36.32:8080/prediction/knn,HTTP/1.1,contacts,,200,,,http://20.210.36.32:8080/prediction/knn,,
http_req_connecting,1678217711,5.629827,,,,true,,POST,http://20.210.36.32:8080/prediction/knn,HTTP/1.1,contacts,,200,,,http://20.210.36.32:8080/prediction/knn,,
http_req_tls_handshaking,1678217711,0.000000,,,,true,,POST,http://20.210.36.32:8080/prediction/knn,HTTP/1.1,contacts,,200,,,http://20.210.36.32:8080/prediction/knn,,
http_req_sending,1678217711,0.046000,,,,true,,POST,http://20.210.36.32:8080/prediction/knn,HTTP/1.1,contacts,,200,,,http://20.210.36.32:8080/prediction/knn,,
http_req_waiting,1678217711,683.759429,,,,true,,POST,http://20.210.36.32:8080/prediction/knn,HTTP/1.1,contacts,,200,,,http://20.210.36.32:8080/prediction/knn,,
http_req_receiving,1678217711,18.901389,,,,true,,POST,http://20.210.36.32:8080/prediction/knn,HTTP/1.1,contacts,,200,,,http://20.210.36.32:8080/prediction/knn,,
http_req_failed,1678217711,0.000000,,,,true,,POST,http://20.210.36.32:8080/prediction/knn,HTTP/1.1,contacts,,200,,,http://20.210.36.32:8080/prediction/knn,,
responseTime,1678217711,702.706818,,,,,,,,,contacts,,,,,,,
data_sent,1678217711,2088.000000,,,,,,,,,contacts,,,,,,,
data_received,1678217711,199.000000,,,,,,,,,contacts,,,,,,,
iteration_duration,1678217711,708.918648,,,,,,,,,contacts,,,,,,,
iterations,1678217711,1.000000,,,,,,,,,contacts,,,,,,,
http_reqs,1678217711,1.000000,,,,true,,POST,http://20.210.36.32:8080/prediction/knn,HTTP/1.1,contacts,,200,,,http://20.210.36.32:8080/prediction/knn,,
http_req_duration,1678217711,679.477608,,,,true,,POST,http://20.210.36.32:8080/prediction/knn,HTTP/1.1,contacts,,200,,,http://20.210.36.32:8080/prediction/knn,,
http_req_blocked,1678217711,4.061419,,,,true,,POST,http://20.210.36.32:8080/prediction/knn,HTTP/1.1,contacts,,200,,,http://20.210.36.32:8080/prediction/knn,,
http_req_connecting,1678217711,3.987419,,,,true,,POST,http://20.210.36.32:8080/prediction/knn,HTTP/1.1,contacts,,200,,,http://20.210.36.32:8080/prediction/knn,,
http_req_tls_handshaking,1678217711,0.000000,,,,true,,POST,http://20.210.36.32:8080/prediction/knn,HTTP/1.1,contacts,,200,,,http://20.210.36.32:8080/prediction/knn,,
http_req_sending,1678217711,0.069700,,,,true,,POST,http://20.210.36.32:8080/prediction/knn,HTTP/1.1,contacts,,200,,,http://20.210.36.32:8080/prediction/knn,,
http_req_waiting,1678217711,679.290008,,,,true,,POST,http://20.210.36.32:8080/prediction/knn,HTTP/1.1,contacts,,200,,,http://20.210.36.32:8080/prediction/knn,,
http_req_receiving,1678217711,0.117900,,,,true,,POST,http://20.210.36.32:8080/prediction/knn,HTTP/1.1,contacts,,200,,,http://20.210.36.32:8080/prediction/knn,,
http_req_failed,1678217711,0.000000,,,,true,,POST,http://20.210.36.32:8080/prediction/knn,HTTP/1.1,contacts,,200,,,http://20.210.36.32:8080/prediction/knn,,
responseTime,1678217711,679.477608,,,,,,,,,contacts,,,,,,,
data_sent,1678217711,2088.000000,,,,,,,,,contacts,,,,,,,
data_received,1678217711,199.000000,,,,,,,,,contacts,,,,,,,
iteration_duration,1678217711,683.905830,,,,,,,,,contacts,,,,,,,
iterations,1678217711,1.000000,,,,,,,,,contacts,,,,,,,
http_reqs,1678217711,1.000000,,,,true,,POST,http://20.210.36.32:8080/prediction/knn,HTTP/1.1,contacts,,200,,,http://20.210.36.32:8080/prediction/knn,,
http_req_duration,1678217711,582.604251,,,,true,,POST,http://20.210.36.32:8080/prediction/knn,HTTP/1.1,contacts,,200,,,http://20.210.36.32:8080/prediction/knn,,
http_req_blocked,1678217711,4.167819,,,,true,,POST,http://20.210.36.32:8080/prediction/knn,HTTP/1.1,contacts,,200,,,http://20.210.36.32:8080/prediction/knn,,
http_req_connecting,1678217711,4.110019,,,,true,,POST,http://20.210.36.32:8080/prediction/knn,HTTP/1.1,contacts,,200,,,http://20.210.36.32:8080/prediction/knn,,
http_req_tls_handshaking,1678217711,0.000000,,,,true,,POST,http://20.210.36.32:8080/prediction/knn,HTTP/1.1,contacts,,200,,,http://20.210.36.32:8080/prediction/knn,,
http_req_sending,1678217711,0.052901,,,,true,,POST,http://20.210.36.32:8080/prediction/knn,HTTP/1.1,contacts,,200,,,http://20.210.36.32:8080/prediction/knn,,
http_req_waiting,1678217711,582.393150,,,,true,,POST,http://20.210.36.32:8080/prediction/knn,HTTP/1.1,contacts,,200,,,http://20.210.36.32:8080/prediction/knn,,
http_req_receiving,1678217711,0.158200,,,,true,,POST,http://20.210.36.32:8080/prediction/knn,HTTP/1.1,contacts,,200,,,http://20.210.36.32:8080/prediction/knn,,
http_req_failed,1678217711,0.000000,,,,true,,POST,http://20.210.36.32:8080/prediction/knn,HTTP/1.1,contacts,,200,,,http://20.210.36.32:8080/prediction/knn,,
responseTime,1678217711,582.604251,,,,,,,,,contacts,,,,,,,
data_sent,1678217711,2088.000000,,,,,,,,,contacts,,,,,,,
data_received,1678217711,199.000000,,,,,,,,,contacts,,,,,,,
iteration_duration,1678217711,587.174673,,,,,,,,,contacts,,,,,,,
iterations,1678217711,1.000000,,,,,,,,,contacts,,,,,,,
http_reqs,1678217711,1.000000,,,,true,,POST,http://20.210.36.32:8080/prediction/knn,HTTP/1.1,contacts,,200,,,http://20.210.36.32:8080/prediction/knn,,
http_req_duration,1678217711,542.231861,,,,true,,POST,http://20.210.36.32:8080/prediction/knn,HTTP/1.1,contacts,,200,,,http://20.210.36.32:8080/prediction/knn,,
http_req_blocked,1678217711,4.445521,,,,true,,POST,http://20.210.36.32:8080/prediction/knn,HTTP/1.1,contacts,,200,,,http://20.210.36.32:8080/prediction/knn,,
http_req_connecting,1678217711,4.384921,,,,true,,POST,http://20.210.36.32:8080/prediction/knn,HTTP/1.1,contacts,,200,,,http://20.210.36.32:8080/prediction/knn,,
http_req_tls_handshaking,1678217711,0.000000,,,,true,,POST,http://20.210.36.32:8080/prediction/knn,HTTP/1.1,contacts,,200,,,http://20.210.36.32:8080/prediction/knn,,
http_req_sending,1678217711,0.593703,,,,true,,POST,http://20.210.36.32:8080/prediction/knn,HTTP/1.1,contacts,,200,,,http://20.210.36.32:8080/prediction/knn,,
http_req_waiting,1678217711,541.549357,,,,true,,POST,http://20.210.36.32:8080/prediction/knn,HTTP/1.1,contacts,,200,,,http://20.210.36.32:8080/prediction/knn,,
http_req_receiving,1678217711,0.088801,,,,true,,POST,http://20.210.36.32:8080/prediction/knn,HTTP/1.1,contacts,,200,,,http://20.210.36.32:8080/prediction/knn,,
http_req_failed,1678217711,0.000000,,,,true,,POST,http://20.210.36.32:8080/prediction/knn,HTTP/1.1,contacts,,200,,,http://20.210.36.32:8080/prediction/knn,,
responseTime,1678217711,542.231861,,,,,,,,,contacts,,,,,,,
data_sent,1678217711,2088.000000,,,,,,,,,contacts,,,,,,,
data_received,1678217711,199.000000,,,,,,,,,contacts,,,,,,,
iteration_duration,1678217711,547.089783,,,,,,,,,contacts,,,,,,,
iterations,1678217711,1.000000,,,,,,,,,contacts,,,,,,,
http_reqs,1678217711,1.000000,,,,true,,POST,http://20.210.36.32:8080/prediction/knn,HTTP/1.1,contacts,,200,,,http://20.210.36.32:8080/prediction/knn,,
http_req_duration,1678217711,615.080704,,,,true,,POST,http://20.210.36.32:8080/prediction/knn,HTTP/1.1,contacts,,200,,,http://20.210.36.32:8080/prediction/knn,,
http_req_blocked,1678217711,3.970019,,,,true,,POST,http://20.210.36.32:8080/prediction/knn,HTTP/1.1,contacts,,200,,,http://20.210.36.32:8080/prediction/knn,,
http_req_connecting,1678217711,3.908119,,,,true,,POST,http://20.210.36.32:8080/prediction/knn,HTTP/1.1,contacts,,200,,,http://20.210.36.32:8080/prediction/knn,,
http_req_tls_handshaking,1678217711,0.000000,,,,true,,POST,http://20.210.36.32:8080/prediction/knn,HTTP/1.1,contacts,,200,,,http://20.210.36.32:8080/prediction/knn,,
http_req_sending,1678217711,0.056000,,,,true,,POST,http://20.210.36.32:8080/prediction/knn,HTTP/1.1,contacts,,200,,,http://20.210.36.32:8080/prediction/knn,,
http_req_waiting,1678217711,614.957804,,,,true,,POST,http://20.210.36.32:8080/prediction/knn,HTTP/1.1,contacts,,200,,,http://20.210.36.32:8080/prediction/knn,,
http_req_receiving,1678217711,0.066900,,,,true,,POST,http://20.210.36.32:8080/prediction/knn,HTTP/1.1,contacts,,200,,,http://20.210.36.32:8080/prediction/knn,,
http_req_failed,1678217711,0.000000,,,,true,,POST,http://20.210.36.32:8080/prediction/knn,HTTP/1.1,contacts,,200,,,http://20.210.36.32:8080/prediction/knn,,
responseTime,1678217711,615.080704,,,,,,,,,contacts,,,,,,,
data_sent,1678217711,2088.000000,,,,,,,,,contacts,,,,,,,
data_received,1678217711,199.000000,,,,,,,,,contacts,,,,,,,
iteration_duration,1678217711,619.520425,,,,,,,,,contacts,,,,,,,
iterations,1678217711,1.000000,,,,,,,,,contacts,,,,,,,
http_reqs,1678217711,1.000000,,,,true,,POST,http://20.210.36.32:8080/prediction/knn,HTTP/1.1,contacts,,200,,,http://20.210.36.32:8080/prediction/knn,,
http_req_duration,1678217711,566.725476,,,,true,,POST,http://20.210.36.32:8080/prediction/knn,HTTP/1.1,contacts,,200,,,http://20.210.36.32:8080/prediction/knn,,
http_req_blocked,1678217711,4.478722,,,,true,,POST,http://20.210.36.32:8080/prediction/knn,HTTP/1.1,contacts,,200,,,http://20.210.36.32:8080/prediction/knn,,
http_req_connecting,1678217711,4.376820,,,,true,,POST,http://20.210.36.32:8080/prediction/knn,HTTP/1.1,contacts,,200,,,http://20.210.36.32:8080/prediction/knn,,
http_req_tls_handshaking,1678217711,0.000000,,,,true,,POST,http://20.210.36.32:8080/prediction/knn,HTTP/1.1,contacts,,200,,,http://20.210.36.32:8080/prediction/knn,,
http_req_sending,1678217711,0.093701,,,,true,,POST,http://20.210.36.32:8080/prediction/knn,HTTP/1.1,contacts,,200,,,http://20.210.36.32:8080/prediction/knn,,
http_req_waiting,1678217711,566.559475,,,,true,,POST,http://20.210.36.32:8080/prediction/knn,HTTP/1.1,contacts,,200,,,http://20.210.36.32:8080/prediction/knn,,
http_req_receiving,1678217711,0.072300,,,,true,,POST,http://20.210.36.32:8080/prediction/knn,HTTP/1.1,contacts,,200,,,http://20.210.36.32:8080/prediction/knn,,
http_req_failed,1678217711,0.000000,,,,true,,POST,http://20.210.36.32:8080/prediction/knn,HTTP/1.1,contacts,,200,,,http://20.210.36.32:8080/prediction/knn,,
responseTime,1678217711,566.725476,,,,,,,,,contacts,,,,,,,
data_sent,1678217711,2088.000000,,,,,,,,,contacts,,,,,,,
data_received,1678217711,199.000000,,,,,,,,,contacts,,,,,,,
iteration_duration,1678217711,571.695999,,,,,,,,,contacts,,,,,,,
iterations,1678217711,1.000000,,,,,,,,,contacts,,,,,,,
http_reqs,1678217711,1.000000,,,,true,,POST,http://20.210.36.32:8080/prediction/knn,HTTP/1.1,contacts,,200,,,http://20.210.36.32:8080/prediction/knn,,
http_req_duration,1678217711,553.347513,,,,true,,POST,http://20.210.36.32:8080/prediction/knn,HTTP/1.1,contacts,,200,,,http://20.210.36.32:8080/prediction/knn,,
http_req_blocked,1678217711,4.148719,,,,true,,POST,http://20.210.36.32:8080/prediction/knn,HTTP/1.1,contacts,,200,,,http://20.210.36.32:8080/prediction/knn,,
http_req_connecting,1678217711,4.060419,,,,true,,POST,http://20.210.36.32:8080/prediction/knn,HTTP/1.1,contacts,,200,,,http://20.210.36.32:8080/prediction/knn,,
http_req_tls_handshaking,1678217711,0.000000,,,,true,,POST,http://20.210.36.32:8080/prediction/knn,HTTP/1.1,contacts,,200,,,http://20.210.36.32:8080/prediction/knn,,
http_req_sending,1678217711,0.130201,,,,true,,POST,http://20.210.36.32:8080/prediction/knn,HTTP/1.1,contacts,,200,,,http://20.210.36.32:8080/prediction/knn,,
http_req_waiting,1678217711,553.160012,,,,true,,POST,http://20.210.36.32:8080/prediction/knn,HTTP/1.1,contacts,,200,,,http://20.210.36.32:8080/prediction/knn,,
http_req_receiving,1678217711,0.057300,,,,true,,POST,http://20.210.36.32:8080/prediction/knn,HTTP/1.1,contacts,,200,,,http://20.210.36.32:8080/prediction/knn,,
http_req_failed,1678217711,0.000000,,,,true,,POST,http://20.210.36.32:8080/prediction/knn,HTTP/1.1,contacts,,200,,,http://20.210.36.32:8080/prediction/knn,,
responseTime,1678217711,553.347513,,,,,,,,,contacts,,,,,,,
data_sent,1678217711,2088.000000,,,,,,,,,contacts,,,,,,,
data_received,1678217711,199.000000,,,,,,,,,contacts,,,,,,,
iteration_duration,1678217711,557.999235,,,,,,,,,contacts,,,,,,,
iterations,1678217711,1.000000,,,,,,,,,contacts,,,,,,,
http_reqs,1678217711,1.000000,,,,true,,POST,http://20.210.36.32:8080/prediction/knn,HTTP/1.1,contacts,,200,,,http://20.210.36.32:8080/prediction/knn,,
http_req_duration,1678217711,520.512858,,,,true,,POST,http://20.210.36.32:8080/prediction/knn,HTTP/1.1,contacts,,200,,,http://20.210.36.32:8080/prediction/knn,,
http_req_blocked,1678217711,3.251115,,,,true,,POST,http://20.210.36.32:8080/prediction/knn,HTTP/1.1,contacts,,200,,,http://20.210.36.32:8080/prediction/knn,,
http_req_connecting,1678217711,3.181715,,,,true,,POST,http://20.210.36.32:8080/prediction/knn,HTTP/1.1,contacts,,200,,,http://20.210.36.32:8080/prediction/knn,,
http_req_tls_handshaking,1678217711,0.000000,,,,true,,POST,http://20.210.36.32:8080/prediction/knn,HTTP/1.1,contacts,,200,,,http://20.210.36.32:8080/prediction/knn,,
http_req_sending,1678217711,0.059600,,,,true,,POST,http://20.210.36.32:8080/prediction/knn,HTTP/1.1,contacts,,200,,,http://20.210.36.32:8080/prediction/knn,,
http_req_waiting,1678217711,520.393858,,,,true,,POST,http://20.210.36.32:8080/prediction/knn,HTTP/1.1,contacts,,200,,,http://20.210.36.32:8080/prediction/knn,,
http_req_receiving,1678217711,0.059400,,,,true,,POST,http://20.210.36.32:8080/prediction/knn,HTTP/1.1,contacts,,200,,,http://20.210.36.32:8080/prediction/knn,,
http_req_failed,1678217711,0.000000,,,,true,,POST,http://20.210.36.32:8080/prediction/knn,HTTP/1.1,contacts,,200,,,http://20.210.36.32:8080/prediction/knn,,
responseTime,1678217711,520.512858,,,,,,,,,contacts,,,,,,,
data_sent,1678217711,2088.000000,,,,,,,,,contacts,,,,,,,
data_received,1678217711,199.000000,,,,,,,,,contacts,,,,,,,
iteration_duration,1678217711,524.142976,,,,,,,,,contacts,,,,,,,
iterations,1678217711,1.000000,,,,,,,,,contacts,,,,,,,
http_reqs,1678217711,1.000000,,,,true,,POST,http://20.210.36.32:8080/prediction/knn,HTTP/1.1,contacts,,200,,,http://20.210.36.32:8080/prediction/knn,,
http_req_duration,1678217711,674.518985,,,,true,,POST,http://20.210.36.32:8080/prediction/knn,HTTP/1.1,contacts,,200,,,http://20.210.36.32:8080/prediction/knn,,
http_req_blocked,1678217711,3.934619,,,,true,,POST,http://20.210.36.32:8080/prediction/knn,HTTP/1.1,contacts,,200,,,http://20.210.36.32:8080/prediction/knn,,
http_req_connecting,1678217711,3.865418,,,,true,,POST,http://20.210.36.32:8080/prediction/knn,HTTP/1.1,contacts,,200,,,http://20.210.36.32:8080/prediction/knn,,
http_req_tls_handshaking,1678217711,0.000000,,,,true,,POST,http://20.210.36.32:8080/prediction/knn,HTTP/1.1,contacts,,200,,,http://20.210.36.32:8080/prediction/knn,,
http_req_sending,1678217711,0.056300,,,,true,,POST,http://20.210.36.32:8080/prediction/knn,HTTP/1.1,contacts,,200,,,http://20.210.36.32:8080/prediction/knn,,
http_req_waiting,1678217711,670.684967,,,,true,,POST,http://20.210.36.32:8080/prediction/knn,HTTP/1.1,contacts,,200,,,http://20.210.36.32:8080/prediction/knn,,
http_req_receiving,1678217711,3.777718,,,,true,,POST,http://20.210.36.32:8080/prediction/knn,HTTP/1.1,contacts,,200,,,http://20.210.36.32:8080/prediction/knn,,
http_req_failed,1678217711,0.000000,,,,true,,POST,http://20.210.36.32:8080/prediction/knn,HTTP/1.1,contacts,,200,,,http://20.210.36.32:8080/prediction/knn,,
responseTime,1678217711,674.518985,,,,,,,,,contacts,,,,,,,
data_sent,1678217711,2088.000000,,,,,,,,,contacts,,,,,,,
data_received,1678217711,199.000000,,,,,,,,,contacts,,,,,,,
iteration_duration,1678217711,678.913806,,,,,,,,,contacts,,,,,,,
iterations,1678217711,1.000000,,,,,,,,,contacts,,,,,,,
http_reqs,1678217711,1.000000,,,,true,,POST,http://20.210.36.32:8080/prediction/knn,HTTP/1.1,contacts,,200,,,http://20.210.36.32:8080/prediction/knn,,
http_req_duration,1678217711,553.698714,,,,true,,POST,http://20.210.36.32:8080/prediction/knn,HTTP/1.1,contacts,,200,,,http://20.210.36.32:8080/prediction/knn,,
http_req_blocked,1678217711,1.758509,,,,true,,POST,http://20.210.36.32:8080/prediction/knn,HTTP/1.1,contacts,,200,,,http://20.210.36.32:8080/prediction/knn,,
http_req_connecting,1678217711,1.693008,,,,true,,POST,http://20.210.36.32:8080/prediction/knn,HTTP/1.1,contacts,,200,,,http://20.210.36.32:8080/prediction/knn,,
http_req_tls_handshaking,1678217711,0.000000,,,,true,,POST,http://20.210.36.32:8080/prediction/knn,HTTP/1.1,contacts,,200,,,http://20.210.36.32:8080/prediction/knn,,
http_req_sending,1678217711,0.055200,,,,true,,POST,http://20.210.36.32:8080/prediction/knn,HTTP/1.1,contacts,,200,,,http://20.210.36.32:8080/prediction/knn,,
http_req_waiting,1678217711,553.573314,,,,true,,POST,http://20.210.36.32:8080/prediction/knn,HTTP/1.1,contacts,,200,,,http://20.210.36.32:8080/prediction/knn,,
http_req_receiving,1678217711,0.070200,,,,true,,POST,http://20.210.36.32:8080/prediction/knn,HTTP/1.1,contacts,,200,,,http://20.210.36.32:8080/prediction/knn,,
http_req_failed,1678217711,0.000000,,,,true,,POST,http://20.210.36.32:8080/prediction/knn,HTTP/1.1,contacts,,200,,,http://20.210.36.32:8080/prediction/knn,,
responseTime,1678217711,553.698714,,,,,,,,,contacts,,,,,,,
data_sent,1678217711,2088.000000,,,,,,,,,contacts,,,,,,,
data_received,1678217711,199.000000,,,,,,,,,contacts,,,,,,,
iteration_duration,1678217711,555.789825,,,,,,,,,contacts,,,,,,,
iterations,1678217711,1.000000,,,,,,,,,contacts,,,,,,,
http_reqs,1678217711,1.000000,,,,true,,POST,http://20.210.36.32:8080/prediction/knn,HTTP/1.1,contacts,,200,,,http://20.210.36.32:8080/prediction/knn,,
http_req_duration,1678217711,555.362023,,,,true,,POST,http://20.210.36.32:8080/prediction/knn,HTTP/1.1,contacts,,200,,,http://20.210.36.32:8080/prediction/knn,,
http_req_blocked,1678217711,2.095309,,,,true,,POST,http://20.210.36.32:8080/prediction/knn,HTTP/1.1,contacts,,200,,,http://20.210.36.32:8080/prediction/knn,,
http_req_connecting,1678217711,1.931909,,,,true,,POST,http://20.210.36.32:8080/prediction/knn,HTTP/1.1,contacts,,200,,,http://20.210.36.32:8080/prediction/knn,,
http_req_tls_handshaking,1678217711,0.000000,,,,true,,POST,http://20.210.36.32:8080/prediction/knn,HTTP/1.1,contacts,,200,,,http://20.210.36.32:8080/prediction/knn,,
http_req_sending,1678217711,0.056201,,,,true,,POST,http://20.210.36.32:8080/prediction/knn,HTTP/1.1,contacts,,200,,,http://20.210.36.32:8080/prediction/knn,,
http_req_waiting,1678217711,555.249822,,,,true,,POST,http://20.210.36.32:8080/prediction/knn,HTTP/1.1,contacts,,200,,,http://20.210.36.32:8080/prediction/knn,,
http_req_receiving,1678217711,0.056000,,,,true,,POST,http://20.210.36.32:8080/prediction/knn,HTTP/1.1,contacts,,200,,,http://20.210.36.32:8080/prediction/knn,,
http_req_failed,1678217711,0.000000,,,,true,,POST,http://20.210.36.32:8080/prediction/knn,HTTP/1.1,contacts,,200,,,http://20.210.36.32:8080/prediction/knn,,
responseTime,1678217711,555.362023,,,,,,,,,contacts,,,,,,,
data_sent,1678217711,2088.000000,,,,,,,,,contacts,,,,,,,
data_received,1678217711,199.000000,,,,,,,,,contacts,,,,,,,
iteration_duration,1678217711,557.816834,,,,,,,,,contacts,,,,,,,
iterations,1678217711,1.000000,,,,,,,,,contacts,,,,,,,
http_reqs,1678217711,1.000000,,,,true,,POST,http://20.210.36.32:8080/prediction/knn,HTTP/1.1,contacts,,200,,,http://20.210.36.32:8080/prediction/knn,,
http_req_duration,1678217711,625.511453,,,,true,,POST,http://20.210.36.32:8080/prediction/knn,HTTP/1.1,contacts,,200,,,http://20.210.36.32:8080/prediction/knn,,
http_req_blocked,1678217711,1.919509,,,,true,,POST,http://20.210.36.32:8080/prediction/knn,HTTP/1.1,contacts,,200,,,http://20.210.36.32:8080/prediction/knn,,
http_req_connecting,1678217711,1.850409,,,,true,,POST,http://20.210.36.32:8080/prediction/knn,HTTP/1.1,contacts,,200,,,http://20.210.36.32:8080/prediction/knn,,
http_req_tls_handshaking,1678217711,0.000000,,,,true,,POST,http://20.210.36.32:8080/prediction/knn,HTTP/1.1,contacts,,200,,,http://20.210.36.32:8080/prediction/knn,,
http_req_sending,1678217711,0.036800,,,,true,,POST,http://20.210.36.32:8080/prediction/knn,HTTP/1.1,contacts,,200,,,http://20.210.36.32:8080/prediction/knn,,
http_req_waiting,1678217711,625.320053,,,,true,,POST,http://20.210.36.32:8080/prediction/knn,HTTP/1.1,contacts,,200,,,http://20.210.36.32:8080/prediction/knn,,
http_req_receiving,1678217711,0.154600,,,,true,,POST,http://20.210.36.32:8080/prediction/knn,HTTP/1.1,contacts,,200,,,http://20.210.36.32:8080/prediction/knn,,
http_req_failed,1678217711,0.000000,,,,true,,POST,http://20.210.36.32:8080/prediction/knn,HTTP/1.1,contacts,,200,,,http://20.210.36.32:8080/prediction/knn,,
http_reqs,1678217711,1.000000,,,,true,,POST,http://20.210.36.32:8080/prediction/knn,HTTP/1.1,contacts,,200,,,http://20.210.36.32:8080/prediction/knn,,
http_req_duration,1678217711,627.649664,,,,true,,POST,http://20.210.36.32:8080/prediction/knn,HTTP/1.1,contacts,,200,,,http://20.210.36.32:8080/prediction/knn,,
http_req_blocked,1678217711,2.623712,,,,true,,POST,http://20.210.36.32:8080/prediction/knn,HTTP/1.1,contacts,,200,,,http://20.210.36.32:8080/prediction/knn,,
http_req_connecting,1678217711,2.575612,,,,true,,POST,http://20.210.36.32:8080/prediction/knn,HTTP/1.1,contacts,,200,,,http://20.210.36.32:8080/prediction/knn,,
http_req_tls_handshaking,1678217711,0.000000,,,,true,,POST,http://20.210.36.32:8080/prediction/knn,HTTP/1.1,contacts,,200,,,http://20.210.36.32:8080/prediction/knn,,
http_req_sending,1678217711,0.200501,,,,true,,POST,http://20.210.36.32:8080/prediction/knn,HTTP/1.1,contacts,,200,,,http://20.210.36.32:8080/prediction/knn,,
http_req_waiting,1678217711,627.369363,,,,true,,POST,http://20.210.36.32:8080/prediction/knn,HTTP/1.1,contacts,,200,,,http://20.210.36.32:8080/prediction/knn,,
http_req_receiving,1678217711,0.079800,,,,true,,POST,http://20.210.36.32:8080/prediction/knn,HTTP/1.1,contacts,,200,,,http://20.210.36.32:8080/prediction/knn,,
http_req_failed,1678217711,0.000000,,,,true,,POST,http://20.210.36.32:8080/prediction/knn,HTTP/1.1,contacts,,200,,,http://20.210.36.32:8080/prediction/knn,,
responseTime,1678217711,625.511453,,,,,,,,,contacts,,,,,,,
data_sent,1678217711,2088.000000,,,,,,,,,contacts,,,,,,,
data_received,1678217711,199.000000,,,,,,,,,contacts,,,,,,,
iteration_duration,1678217711,628.234866,,,,,,,,,contacts,,,,,,,
iterations,1678217711,1.000000,,,,,,,,,contacts,,,,,,,
http_reqs,1678217711,1.000000,,,,true,,POST,http://20.210.36.32:8080/prediction/knn,HTTP/1.1,contacts,,200,,,http://20.210.36.32:8080/prediction/knn,,
http_req_duration,1678217711,631.877584,,,,true,,POST,http://20.210.36.32:8080/prediction/knn,HTTP/1.1,contacts,,200,,,http://20.210.36.32:8080/prediction/knn,,
http_req_blocked,1678217711,6.679932,,,,true,,POST,http://20.210.36.32:8080/prediction/knn,HTTP/1.1,contacts,,200,,,http://20.210.36.32:8080/prediction/knn,,
http_req_connecting,1678217711,2.347911,,,,true,,POST,http://20.210.36.32:8080/prediction/knn,HTTP/1.1,contacts,,200,,,http://20.210.36.32:8080/prediction/knn,,
http_req_tls_handshaking,1678217711,0.000000,,,,true,,POST,http://20.210.36.32:8080/prediction/knn,HTTP/1.1,contacts,,200,,,http://20.210.36.32:8080/prediction/knn,,
http_req_sending,1678217711,4.324221,,,,true,,POST,http://20.210.36.32:8080/prediction/knn,HTTP/1.1,contacts,,200,,,http://20.210.36.32:8080/prediction/knn,,
http_req_waiting,1678217711,627.476963,,,,true,,POST,http://20.210.36.32:8080/prediction/knn,HTTP/1.1,contacts,,200,,,http://20.210.36.32:8080/prediction/knn,,
http_req_receiving,1678217711,0.076400,,,,true,,POST,http://20.210.36.32:8080/prediction/knn,HTTP/1.1,contacts,,200,,,http://20.210.36.32:8080/prediction/knn,,
http_req_failed,1678217711,0.000000,,,,true,,POST,http://20.210.36.32:8080/prediction/knn,HTTP/1.1,contacts,,200,,,http://20.210.36.32:8080/prediction/knn,,
responseTime,1678217711,627.649664,,,,,,,,,contacts,,,,,,,
data_sent,1678217711,2088.000000,,,,,,,,,contacts,,,,,,,
data_received,1678217711,199.000000,,,,,,,,,contacts,,,,,,,
iteration_duration,1678217711,631.629883,,,,,,,,,contacts,,,,,,,
iterations,1678217711,1.000000,,,,,,,,,contacts,,,,,,,
http_reqs,1678217711,1.000000,,,,true,,POST,http://20.210.36.32:8080/prediction/knn,HTTP/1.1,contacts,,200,,,http://20.210.36.32:8080/prediction/knn,,
http_req_duration,1678217711,574.597813,,,,true,,POST,http://20.210.36.32:8080/prediction/knn,HTTP/1.1,contacts,,200,,,http://20.210.36.32:8080/prediction/knn,,
http_req_blocked,1678217711,2.423712,,,,true,,POST,http://20.210.36.32:8080/prediction/knn,HTTP/1.1,contacts,,200,,,http://20.210.36.32:8080/prediction/knn,,
http_req_connecting,1678217711,2.316811,,,,true,,POST,http://20.210.36.32:8080/prediction/knn,HTTP/1.1,contacts,,200,,,http://20.210.36.32:8080/prediction/knn,,
http_req_tls_handshaking,1678217711,0.000000,,,,true,,POST,http://20.210.36.32:8080/prediction/knn,HTTP/1.1,contacts,,200,,,http://20.210.36.32:8080/prediction/knn,,
http_req_sending,1678217711,0.083500,,,,true,,POST,http://20.210.36.32:8080/prediction/knn,HTTP/1.1,contacts,,200,,,http://20.210.36.32:8080/prediction/knn,,
http_req_waiting,1678217711,574.433713,,,,true,,POST,http://20.210.36.32:8080/prediction/knn,HTTP/1.1,contacts,,200,,,http://20.210.36.32:8080/prediction/knn,,
http_req_receiving,1678217711,0.080600,,,,true,,POST,http://20.210.36.32:8080/prediction/knn,HTTP/1.1,contacts,,200,,,http://20.210.36.32:8080/prediction/knn,,
http_req_failed,1678217711,0.000000,,,,true,,POST,http://20.210.36.32:8080/prediction/knn,HTTP/1.1,contacts,,200,,,http://20.210.36.32:8080/prediction/knn,,
responseTime,1678217711,631.877584,,,,,,,,,contacts,,,,,,,
data_sent,1678217711,2088.000000,,,,,,,,,contacts,,,,,,,
data_received,1678217711,199.000000,,,,,,,,,contacts,,,,,,,
iteration_duration,1678217711,635.459401,,,,,,,,,contacts,,,,,,,
iterations,1678217711,1.000000,,,,,,,,,contacts,,,,,,,
responseTime,1678217711,574.597813,,,,,,,,,contacts,,,,,,,
data_sent,1678217711,2088.000000,,,,,,,,,contacts,,,,,,,
data_received,1678217711,199.000000,,,,,,,,,contacts,,,,,,,
iteration_duration,1678217711,577.986029,,,,,,,,,contacts,,,,,,,
iterations,1678217711,1.000000,,,,,,,,,contacts,,,,,,,
http_reqs,1678217711,1.000000,,,,true,,POST,http://20.210.36.32:8080/prediction/knn,HTTP/1.1,contacts,,200,,,http://20.210.36.32:8080/prediction/knn,,
http_req_duration,1678217711,591.085291,,,,true,,POST,http://20.210.36.32:8080/prediction/knn,HTTP/1.1,contacts,,200,,,http://20.210.36.32:8080/prediction/knn,,
http_req_blocked,1678217711,3.274815,,,,true,,POST,http://20.210.36.32:8080/prediction/knn,HTTP/1.1,contacts,,200,,,http://20.210.36.32:8080/prediction/knn,,
http_req_connecting,1678217711,3.227015,,,,true,,POST,http://20.210.36.32:8080/prediction/knn,HTTP/1.1,contacts,,200,,,http://20.210.36.32:8080/prediction/knn,,
http_req_tls_handshaking,1678217711,0.000000,,,,true,,POST,http://20.210.36.32:8080/prediction/knn,HTTP/1.1,contacts,,200,,,http://20.210.36.32:8080/prediction/knn,,
http_req_sending,1678217711,0.084001,,,,true,,POST,http://20.210.36.32:8080/prediction/knn,HTTP/1.1,contacts,,200,,,http://20.210.36.32:8080/prediction/knn,,
http_req_waiting,1678217711,590.922290,,,,true,,POST,http://20.210.36.32:8080/prediction/knn,HTTP/1.1,contacts,,200,,,http://20.210.36.32:8080/prediction/knn,,
http_req_receiving,1678217711,0.079000,,,,true,,POST,http://20.210.36.32:8080/prediction/knn,HTTP/1.1,contacts,,200,,,http://20.210.36.32:8080/prediction/knn,,
http_req_failed,1678217711,0.000000,,,,true,,POST,http://20.210.36.32:8080/prediction/knn,HTTP/1.1,contacts,,200,,,http://20.210.36.32:8080/prediction/knn,,
responseTime,1678217711,591.085291,,,,,,,,,contacts,,,,,,,
data_sent,1678217711,2088.000000,,,,,,,,,contacts,,,,,,,
data_received,1678217711,199.000000,,,,,,,,,contacts,,,,,,,
iteration_duration,1678217711,595.001509,,,,,,,,,contacts,,,,,,,
iterations,1678217711,1.000000,,,,,,,,,contacts,,,,,,,
http_reqs,1678217711,1.000000,,,,true,,POST,http://20.210.36.32:8080/prediction/knn,HTTP/1.1,contacts,,200,,,http://20.210.36.32:8080/prediction/knn,,
http_req_duration,1678217711,650.594072,,,,true,,POST,http://20.210.36.32:8080/prediction/knn,HTTP/1.1,contacts,,200,,,http://20.210.36.32:8080/prediction/knn,,
http_req_blocked,1678217711,3.614717,,,,true,,POST,http://20.210.36.32:8080/prediction/knn,HTTP/1.1,contacts,,200,,,http://20.210.36.32:8080/prediction/knn,,
http_req_connecting,1678217711,3.570517,,,,true,,POST,http://20.210.36.32:8080/prediction/knn,HTTP/1.1,contacts,,200,,,http://20.210.36.32:8080/prediction/knn,,
http_req_tls_handshaking,1678217711,0.000000,,,,true,,POST,http://20.210.36.32:8080/prediction/knn,HTTP/1.1,contacts,,200,,,http://20.210.36.32:8080/prediction/knn,,
http_req_sending,1678217711,0.197901,,,,true,,POST,http://20.210.36.32:8080/prediction/knn,HTTP/1.1,contacts,,200,,,http://20.210.36.32:8080/prediction/knn,,
http_req_waiting,1678217711,650.324271,,,,true,,POST,http://20.210.36.32:8080/prediction/knn,HTTP/1.1,contacts,,200,,,http://20.210.36.32:8080/prediction/knn,,
http_req_receiving,1678217711,0.071900,,,,true,,POST,http://20.210.36.32:8080/prediction/knn,HTTP/1.1,contacts,,200,,,http://20.210.36.32:8080/prediction/knn,,
http_req_failed,1678217711,0.000000,,,,true,,POST,http://20.210.36.32:8080/prediction/knn,HTTP/1.1,contacts,,200,,,http://20.210.36.32:8080/prediction/knn,,
responseTime,1678217711,650.594072,,,,,,,,,contacts,,,,,,,
data_sent,1678217711,2088.000000,,,,,,,,,contacts,,,,,,,
data_received,1678217711,199.000000,,,,,,,,,contacts,,,,,,,
iteration_duration,1678217711,654.881992,,,,,,,,,contacts,,,,,,,
iterations,1678217711,1.000000,,,,,,,,,contacts,,,,,,,
http_reqs,1678217711,1.000000,,,,true,,POST,http://20.210.36.32:8080/prediction/knn,HTTP/1.1,contacts,,200,,,http://20.210.36.32:8080/prediction/knn,,
http_req_duration,1678217711,730.740550,,,,true,,POST,http://20.210.36.32:8080/prediction/knn,HTTP/1.1,contacts,,200,,,http://20.210.36.32:8080/prediction/knn,,
http_req_blocked,1678217711,3.566717,,,,true,,POST,http://20.210.36.32:8080/prediction/knn,HTTP/1.1,contacts,,200,,,http://20.210.36.32:8080/prediction/knn,,
http_req_connecting,1678217711,3.529517,,,,true,,POST,http://20.210.36.32:8080/prediction/knn,HTTP/1.1,contacts,,200,,,http://20.210.36.32:8080/prediction/knn,,
http_req_tls_handshaking,1678217711,0.000000,,,,true,,POST,http://20.210.36.32:8080/prediction/knn,HTTP/1.1,contacts,,200,,,http://20.210.36.32:8080/prediction/knn,,
http_req_sending,1678217711,0.210201,,,,true,,POST,http://20.210.36.32:8080/prediction/knn,HTTP/1.1,contacts,,200,,,http://20.210.36.32:8080/prediction/knn,,
http_req_waiting,1678217711,728.721041,,,,true,,POST,http://20.210.36.32:8080/prediction/knn,HTTP/1.1,contacts,,200,,,http://20.210.36.32:8080/prediction/knn,,
http_req_receiving,1678217711,1.809308,,,,true,,POST,http://20.210.36.32:8080/prediction/knn,HTTP/1.1,contacts,,200,,,http://20.210.36.32:8080/prediction/knn,,
http_req_failed,1678217711,0.000000,,,,true,,POST,http://20.210.36.32:8080/prediction/knn,HTTP/1.1,contacts,,200,,,http://20.210.36.32:8080/prediction/knn,,
responseTime,1678217711,730.740550,,,,,,,,,contacts,,,,,,,
data_sent,1678217711,2088.000000,,,,,,,,,contacts,,,,,,,
data_received,1678217711,199.000000,,,,,,,,,contacts,,,,,,,
iteration_duration,1678217711,735.316772,,,,,,,,,contacts,,,,,,,
iterations,1678217711,1.000000,,,,,,,,,contacts,,,,,,,
http_reqs,1678217711,1.000000,,,,true,,POST,http://20.210.36.32:8080/prediction/knn,HTTP/1.1,contacts,,200,,,http://20.210.36.32:8080/prediction/knn,,
http_req_duration,1678217711,702.397917,,,,true,,POST,http://20.210.36.32:8080/prediction/knn,HTTP/1.1,contacts,,200,,,http://20.210.36.32:8080/prediction/knn,,
http_req_blocked,1678217711,2.408111,,,,true,,POST,http://20.210.36.32:8080/prediction/knn,HTTP/1.1,contacts,,200,,,http://20.210.36.32:8080/prediction/knn,,
http_req_connecting,1678217711,2.368211,,,,true,,POST,http://20.210.36.32:8080/prediction/knn,HTTP/1.1,contacts,,200,,,http://20.210.36.32:8080/prediction/knn,,
http_req_tls_handshaking,1678217711,0.000000,,,,true,,POST,http://20.210.36.32:8080/prediction/knn,HTTP/1.1,contacts,,200,,,http://20.210.36.32:8080/prediction/knn,,
http_req_sending,1678217711,0.032300,,,,true,,POST,http://20.210.36.32:8080/prediction/knn,HTTP/1.1,contacts,,200,,,http://20.210.36.32:8080/prediction/knn,,
http_req_waiting,1678217711,697.886096,,,,true,,POST,http://20.210.36.32:8080/prediction/knn,HTTP/1.1,contacts,,200,,,http://20.210.36.32:8080/prediction/knn,,
http_req_receiving,1678217711,4.479521,,,,true,,POST,http://20.210.36.32:8080/prediction/knn,HTTP/1.1,contacts,,200,,,http://20.210.36.32:8080/prediction/knn,,
http_req_failed,1678217711,0.000000,,,,true,,POST,http://20.210.36.32:8080/prediction/knn,HTTP/1.1,contacts,,200,,,http://20.210.36.32:8080/prediction/knn,,
responseTime,1678217711,702.397917,,,,,,,,,contacts,,,,,,,
data_sent,1678217711,2088.000000,,,,,,,,,contacts,,,,,,,
data_received,1678217711,199.000000,,,,,,,,,contacts,,,,,,,
iteration_duration,1678217711,705.254930,,,,,,,,,contacts,,,,,,,
iterations,1678217711,1.000000,,,,,,,,,contacts,,,,,,,
http_reqs,1678217711,1.000000,,,,true,,POST,http://20.210.36.32:8080/prediction/knn,HTTP/1.1,contacts,,200,,,http://20.210.36.32:8080/prediction/knn,,
http_req_duration,1678217711,715.305978,,,,true,,POST,http://20.210.36.32:8080/prediction/knn,HTTP/1.1,contacts,,200,,,http://20.210.36.32:8080/prediction/knn,,
http_req_blocked,1678217711,2.025010,,,,true,,POST,http://20.210.36.32:8080/prediction/knn,HTTP/1.1,contacts,,200,,,http://20.210.36.32:8080/prediction/knn,,
http_req_connecting,1678217711,1.954009,,,,true,,POST,http://20.210.36.32:8080/prediction/knn,HTTP/1.1,contacts,,200,,,http://20.210.36.32:8080/prediction/knn,,
http_req_tls_handshaking,1678217711,0.000000,,,,true,,POST,http://20.210.36.32:8080/prediction/knn,HTTP/1.1,contacts,,200,,,http://20.210.36.32:8080/prediction/knn,,
http_req_sending,1678217711,0.145400,,,,true,,POST,http://20.210.36.32:8080/prediction/knn,HTTP/1.1,contacts,,200,,,http://20.210.36.32:8080/prediction/knn,,
http_req_waiting,1678217711,707.567742,,,,true,,POST,http://20.210.36.32:8080/prediction/knn,HTTP/1.1,contacts,,200,,,http://20.210.36.32:8080/prediction/knn,,
http_req_receiving,1678217711,7.592836,,,,true,,POST,http://20.210.36.32:8080/prediction/knn,HTTP/1.1,contacts,,200,,,http://20.210.36.32:8080/prediction/knn,,
http_req_failed,1678217711,0.000000,,,,true,,POST,http://20.210.36.32:8080/prediction/knn,HTTP/1.1,contacts,,200,,,http://20.210.36.32:8080/prediction/knn,,
responseTime,1678217711,715.305978,,,,,,,,,contacts,,,,,,,
data_sent,1678217711,2088.000000,,,,,,,,,contacts,,,,,,,
data_received,1678217711,199.000000,,,,,,,,,contacts,,,,,,,
iteration_duration,1678217711,717.862690,,,,,,,,,contacts,,,,,,,
iterations,1678217711,1.000000,,,,,,,,,contacts,,,,,,,
http_reqs,1678217711,1.000000,,,,true,,POST,http://20.210.36.32:8080/prediction/knn,HTTP/1.1,contacts,,200,,,http://20.210.36.32:8080/prediction/knn,,
http_req_duration,1678217711,731.468254,,,,true,,POST,http://20.210.36.32:8080/prediction/knn,HTTP/1.1,contacts,,200,,,http://20.210.36.32:8080/prediction/knn,,
http_req_blocked,1678217711,2.206111,,,,true,,POST,http://20.210.36.32:8080/prediction/knn,HTTP/1.1,contacts,,200,,,http://20.210.36.32:8080/prediction/knn,,
http_req_connecting,1678217711,2.162811,,,,true,,POST,http://20.210.36.32:8080/prediction/knn,HTTP/1.1,contacts,,200,,,http://20.210.36.32:8080/prediction/knn,,
http_req_tls_handshaking,1678217711,0.000000,,,,true,,POST,http://20.210.36.32:8080/prediction/knn,HTTP/1.1,contacts,,200,,,http://20.210.36.32:8080/prediction/knn,,
http_req_sending,1678217711,0.049500,,,,true,,POST,http://20.210.36.32:8080/prediction/knn,HTTP/1.1,contacts,,200,,,http://20.210.36.32:8080/prediction/knn,,
http_req_waiting,1678217711,731.321453,,,,true,,POST,http://20.210.36.32:8080/prediction/knn,HTTP/1.1,contacts,,200,,,http://20.210.36.32:8080/prediction/knn,,
http_req_receiving,1678217711,0.097301,,,,true,,POST,http://20.210.36.32:8080/prediction/knn,HTTP/1.1,contacts,,200,,,http://20.210.36.32:8080/prediction/knn,,
http_req_failed,1678217711,0.000000,,,,true,,POST,http://20.210.36.32:8080/prediction/knn,HTTP/1.1,contacts,,200,,,http://20.210.36.32:8080/prediction/knn,,
responseTime,1678217711,731.468254,,,,,,,,,contacts,,,,,,,
data_sent,1678217711,2088.000000,,,,,,,,,contacts,,,,,,,
data_received,1678217711,199.000000,,,,,,,,,contacts,,,,,,,
iteration_duration,1678217711,734.621369,,,,,,,,,contacts,,,,,,,
iterations,1678217711,1.000000,,,,,,,,,contacts,,,,,,,
http_reqs,1678217711,1.000000,,,,true,,POST,http://20.210.36.32:8080/prediction/knn,HTTP/1.1,contacts,,200,,,http://20.210.36.32:8080/prediction/knn,,
http_req_duration,1678217711,723.777918,,,,true,,POST,http://20.210.36.32:8080/prediction/knn,HTTP/1.1,contacts,,200,,,http://20.210.36.32:8080/prediction/knn,,
http_req_blocked,1678217711,2.016210,,,,true,,POST,http://20.210.36.32:8080/prediction/knn,HTTP/1.1,contacts,,200,,,http://20.210.36.32:8080/prediction/knn,,
http_req_connecting,1678217711,1.934709,,,,true,,POST,http://20.210.36.32:8080/prediction/knn,HTTP/1.1,contacts,,200,,,http://20.210.36.32:8080/prediction/knn,,
http_req_tls_handshaking,1678217711,0.000000,,,,true,,POST,http://20.210.36.32:8080/prediction/knn,HTTP/1.1,contacts,,200,,,http://20.210.36.32:8080/prediction/knn,,
http_req_sending,1678217711,0.078701,,,,true,,POST,http://20.210.36.32:8080/prediction/knn,HTTP/1.1,contacts,,200,,,http://20.210.36.32:8080/prediction/knn,,
http_req_waiting,1678217711,723.496716,,,,true,,POST,http://20.210.36.32:8080/prediction/knn,HTTP/1.1,contacts,,200,,,http://20.210.36.32:8080/prediction/knn,,
http_req_receiving,1678217711,0.202501,,,,true,,POST,http://20.210.36.32:8080/prediction/knn,HTTP/1.1,contacts,,200,,,http://20.210.36.32:8080/prediction/knn,,
http_req_failed,1678217711,0.000000,,,,true,,POST,http://20.210.36.32:8080/prediction/knn,HTTP/1.1,contacts,,200,,,http://20.210.36.32:8080/prediction/knn,,
responseTime,1678217711,723.777918,,,,,,,,,contacts,,,,,,,
data_sent,1678217711,2088.000000,,,,,,,,,contacts,,,,,,,
data_received,1678217711,199.000000,,,,,,,,,contacts,,,,,,,
iteration_duration,1678217711,726.537430,,,,,,,,,contacts,,,,,,,
iterations,1678217711,1.000000,,,,,,,,,contacts,,,,,,,
http_reqs,1678217711,1.000000,,,,true,,POST,http://20.210.36.32:8080/prediction/knn,HTTP/1.1,contacts,,200,,,http://20.210.36.32:8080/prediction/knn,,
http_req_duration,1678217711,860.067162,,,,true,,POST,http://20.210.36.32:8080/prediction/knn,HTTP/1.1,contacts,,200,,,http://20.210.36.32:8080/prediction/knn,,
http_req_blocked,1678217711,2.112610,,,,true,,POST,http://20.210.36.32:8080/prediction/knn,HTTP/1.1,contacts,,200,,,http://20.210.36.32:8080/prediction/knn,,
http_req_connecting,1678217711,2.068310,,,,true,,POST,http://20.210.36.32:8080/prediction/knn,HTTP/1.1,contacts,,200,,,http://20.210.36.32:8080/prediction/knn,,
http_req_tls_handshaking,1678217711,0.000000,,,,true,,POST,http://20.210.36.32:8080/prediction/knn,HTTP/1.1,contacts,,200,,,http://20.210.36.32:8080/prediction/knn,,
http_req_sending,1678217711,0.048500,,,,true,,POST,http://20.210.36.32:8080/prediction/knn,HTTP/1.1,contacts,,200,,,http://20.210.36.32:8080/prediction/knn,,
http_req_waiting,1678217711,855.179739,,,,true,,POST,http://20.210.36.32:8080/prediction/knn,HTTP/1.1,contacts,,200,,,http://20.210.36.32:8080/prediction/knn,,
http_req_receiving,1678217711,4.838923,,,,true,,POST,http://20.210.36.32:8080/prediction/knn,HTTP/1.1,contacts,,200,,,http://20.210.36.32:8080/prediction/knn,,
http_req_failed,1678217711,0.000000,,,,true,,POST,http://20.210.36.32:8080/prediction/knn,HTTP/1.1,contacts,,200,,,http://20.210.36.32:8080/prediction/knn,,
responseTime,1678217711,860.067162,,,,,,,,,contacts,,,,,,,
data_sent,1678217711,2088.000000,,,,,,,,,contacts,,,,,,,
data_received,1678217711,199.000000,,,,,,,,,contacts,,,,,,,
iteration_duration,1678217711,863.134576,,,,,,,,,contacts,,,,,,,
iterations,1678217711,1.000000,,,,,,,,,contacts,,,,,,,
http_reqs,1678217711,1.000000,,,,true,,POST,http://20.210.36.32:8080/prediction/knn,HTTP/1.1,contacts,,200,,,http://20.210.36.32:8080/prediction/knn,,
http_req_duration,1678217711,765.828617,,,,true,,POST,http://20.210.36.32:8080/prediction/knn,HTTP/1.1,contacts,,200,,,http://20.210.36.32:8080/prediction/knn,,
http_req_blocked,1678217711,2.057110,,,,true,,POST,http://20.210.36.32:8080/prediction/knn,HTTP/1.1,contacts,,200,,,http://20.210.36.32:8080/prediction/knn,,
http_req_connecting,1678217711,1.982409,,,,true,,POST,http://20.210.36.32:8080/prediction/knn,HTTP/1.1,contacts,,200,,,http://20.210.36.32:8080/prediction/knn,,
http_req_tls_handshaking,1678217711,0.000000,,,,true,,POST,http://20.210.36.32:8080/prediction/knn,HTTP/1.1,contacts,,200,,,http://20.210.36.32:8080/prediction/knn,,
http_req_sending,1678217711,0.055001,,,,true,,POST,http://20.210.36.32:8080/prediction/knn,HTTP/1.1,contacts,,200,,,http://20.210.36.32:8080/prediction/knn,,
http_req_waiting,1678217711,765.671515,,,,true,,POST,http://20.210.36.32:8080/prediction/knn,HTTP/1.1,contacts,,200,,,http://20.210.36.32:8080/prediction/knn,,
http_req_receiving,1678217711,0.102101,,,,true,,POST,http://20.210.36.32:8080/prediction/knn,HTTP/1.1,contacts,,200,,,http://20.210.36.32:8080/prediction/knn,,
http_req_failed,1678217711,0.000000,,,,true,,POST,http://20.210.36.32:8080/prediction/knn,HTTP/1.1,contacts,,200,,,http://20.210.36.32:8080/prediction/knn,,
responseTime,1678217711,765.828617,,,,,,,,,contacts,,,,,,,
data_sent,1678217711,2088.000000,,,,,,,,,contacts,,,,,,,
data_received,1678217711,199.000000,,,,,,,,,contacts,,,,,,,
iteration_duration,1678217711,768.369829,,,,,,,,,contacts,,,,,,,
iterations,1678217711,1.000000,,,,,,,,,contacts,,,,,,,
vus,1678217711,34.000000,,,,,,,,,,,,,,,,
vus_max,1678217711,100.000000,,,,,,,,,,,,,,,,
http_reqs,1678217711,1.000000,,,,true,,POST,http://20.210.36.32:8080/prediction/knn,HTTP/1.1,contacts,,200,,,http://20.210.36.32:8080/prediction/knn,,
http_req_duration,1678217711,772.270647,,,,true,,POST,http://20.210.36.32:8080/prediction/knn,HTTP/1.1,contacts,,200,,,http://20.210.36.32:8080/prediction/knn,,
http_req_blocked,1678217711,2.161310,,,,true,,POST,http://20.210.36.32:8080/prediction/knn,HTTP/1.1,contacts,,200,,,http://20.210.36.32:8080/prediction/knn,,
http_req_connecting,1678217711,2.086310,,,,true,,POST,http://20.210.36.32:8080/prediction/knn,HTTP/1.1,contacts,,200,,,http://20.210.36.32:8080/prediction/knn,,
http_req_tls_handshaking,1678217711,0.000000,,,,true,,POST,http://20.210.36.32:8080/prediction/knn,HTTP/1.1,contacts,,200,,,http://20.210.36.32:8080/prediction/knn,,
http_req_sending,1678217711,0.107700,,,,true,,POST,http://20.210.36.32:8080/prediction/knn,HTTP/1.1,contacts,,200,,,http://20.210.36.32:8080/prediction/knn,,
http_req_waiting,1678217711,772.065346,,,,true,,POST,http://20.210.36.32:8080/prediction/knn,HTTP/1.1,contacts,,200,,,http://20.210.36.32:8080/prediction/knn,,
http_req_receiving,1678217711,0.097601,,,,true,,POST,http://20.210.36.32:8080/prediction/knn,HTTP/1.1,contacts,,200,,,http://20.210.36.32:8080/prediction/knn,,
http_req_failed,1678217711,0.000000,,,,true,,POST,http://20.210.36.32:8080/prediction/knn,HTTP/1.1,contacts,,200,,,http://20.210.36.32:8080/prediction/knn,,
responseTime,1678217711,772.270647,,,,,,,,,contacts,,,,,,,
data_sent,1678217711,2088.000000,,,,,,,,,contacts,,,,,,,
data_received,1678217711,199.000000,,,,,,,,,contacts,,,,,,,
iteration_duration,1678217711,775.052260,,,,,,,,,contacts,,,,,,,
iterations,1678217711,1.000000,,,,,,,,,contacts,,,,,,,
http_reqs,1678217711,1.000000,,,,true,,POST,http://20.210.36.32:8080/prediction/knn,HTTP/1.1,contacts,,200,,,http://20.210.36.32:8080/prediction/knn,,
http_req_duration,1678217711,767.942927,,,,true,,POST,http://20.210.36.32:8080/prediction/knn,HTTP/1.1,contacts,,200,,,http://20.210.36.32:8080/prediction/knn,,
http_req_blocked,1678217711,2.645512,,,,true,,POST,http://20.210.36.32:8080/prediction/knn,HTTP/1.1,contacts,,200,,,http://20.210.36.32:8080/prediction/knn,,
http_req_connecting,1678217711,2.592412,,,,true,,POST,http://20.210.36.32:8080/prediction/knn,HTTP/1.1,contacts,,200,,,http://20.210.36.32:8080/prediction/knn,,
http_req_tls_handshaking,1678217711,0.000000,,,,true,,POST,http://20.210.36.32:8080/prediction/knn,HTTP/1.1,contacts,,200,,,http://20.210.36.32:8080/prediction/knn,,
http_req_sending,1678217711,0.056200,,,,true,,POST,http://20.210.36.32:8080/prediction/knn,HTTP/1.1,contacts,,200,,,http://20.210.36.32:8080/prediction/knn,,
http_req_waiting,1678217711,767.743626,,,,true,,POST,http://20.210.36.32:8080/prediction/knn,HTTP/1.1,contacts,,200,,,http://20.210.36.32:8080/prediction/knn,,
http_req_receiving,1678217711,0.143101,,,,true,,POST,http://20.210.36.32:8080/prediction/knn,HTTP/1.1,contacts,,200,,,http://20.210.36.32:8080/prediction/knn,,
http_req_failed,1678217711,0.000000,,,,true,,POST,http://20.210.36.32:8080/prediction/knn,HTTP/1.1,contacts,,200,,,http://20.210.36.32:8080/prediction/knn,,
http_reqs,1678217711,1.000000,,,,true,,POST,http://20.210.36.32:8080/prediction/knn,HTTP/1.1,contacts,,200,,,http://20.210.36.32:8080/prediction/knn,,
http_req_duration,1678217711,609.469378,,,,true,,POST,http://20.210.36.32:8080/prediction/knn,HTTP/1.1,contacts,,200,,,http://20.210.36.32:8080/prediction/knn,,
http_req_blocked,1678217711,2.397111,,,,true,,POST,http://20.210.36.32:8080/prediction/knn,HTTP/1.1,contacts,,200,,,http://20.210.36.32:8080/prediction/knn,,
http_req_connecting,1678217711,2.321011,,,,true,,POST,http://20.210.36.32:8080/prediction/knn,HTTP/1.1,contacts,,200,,,http://20.210.36.32:8080/prediction/knn,,
http_req_tls_handshaking,1678217711,0.000000,,,,true,,POST,http://20.210.36.32:8080/prediction/knn,HTTP/1.1,contacts,,200,,,http://20.210.36.32:8080/prediction/knn,,
http_req_sending,1678217711,0.073500,,,,true,,POST,http://20.210.36.32:8080/prediction/knn,HTTP/1.1,contacts,,200,,,http://20.210.36.32:8080/prediction/knn,,
http_req_waiting,1678217711,609.244377,,,,true,,POST,http://20.210.36.32:8080/prediction/knn,HTTP/1.1,contacts,,200,,,http://20.210.36.32:8080/prediction/knn,,
http_req_receiving,1678217711,0.151501,,,,true,,POST,http://20.210.36.32:8080/prediction/knn,HTTP/1.1,contacts,,200,,,http://20.210.36.32:8080/prediction/knn,,
http_req_failed,1678217711,0.000000,,,,true,,POST,http://20.210.36.32:8080/prediction/knn,HTTP/1.1,contacts,,200,,,http://20.210.36.32:8080/prediction/knn,,
responseTime,1678217711,767.942927,,,,,,,,,contacts,,,,,,,
data_sent,1678217711,2088.000000,,,,,,,,,contacts,,,,,,,
data_received,1678217711,199.000000,,,,,,,,,contacts,,,,,,,
iteration_duration,1678217711,771.875945,,,,,,,,,contacts,,,,,,,
iterations,1678217711,1.000000,,,,,,,,,contacts,,,,,,,
responseTime,1678217711,609.469378,,,,,,,,,contacts,,,,,,,
data_sent,1678217711,2088.000000,,,,,,,,,contacts,,,,,,,
data_received,1678217711,199.000000,,,,,,,,,contacts,,,,,,,
iteration_duration,1678217711,613.144195,,,,,,,,,contacts,,,,,,,
iterations,1678217711,1.000000,,,,,,,,,contacts,,,,,,,
http_reqs,1678217711,1.000000,,,,true,,POST,http://20.210.36.32:8080/prediction/knn,HTTP/1.1,contacts,,200,,,http://20.210.36.32:8080/prediction/knn,,
http_req_duration,1678217711,878.432548,,,,true,,POST,http://20.210.36.32:8080/prediction/knn,HTTP/1.1,contacts,,200,,,http://20.210.36.32:8080/prediction/knn,,
http_req_blocked,1678217711,1.979309,,,,true,,POST,http://20.210.36.32:8080/prediction/knn,HTTP/1.1,contacts,,200,,,http://20.210.36.32:8080/prediction/knn,,
http_req_connecting,1678217711,1.920609,,,,true,,POST,http://20.210.36.32:8080/prediction/knn,HTTP/1.1,contacts,,200,,,http://20.210.36.32:8080/prediction/knn,,
http_req_tls_handshaking,1678217711,0.000000,,,,true,,POST,http://20.210.36.32:8080/prediction/knn,HTTP/1.1,contacts,,200,,,http://20.210.36.32:8080/prediction/knn,,
http_req_sending,1678217711,0.049000,,,,true,,POST,http://20.210.36.32:8080/prediction/knn,HTTP/1.1,contacts,,200,,,http://20.210.36.32:8080/prediction/knn,,
http_req_waiting,1678217711,871.441615,,,,true,,POST,http://20.210.36.32:8080/prediction/knn,HTTP/1.1,contacts,,200,,,http://20.210.36.32:8080/prediction/knn,,
http_req_receiving,1678217711,6.941933,,,,true,,POST,http://20.210.36.32:8080/prediction/knn,HTTP/1.1,contacts,,200,,,http://20.210.36.32:8080/prediction/knn,,
http_req_failed,1678217711,0.000000,,,,true,,POST,http://20.210.36.32:8080/prediction/knn,HTTP/1.1,contacts,,200,,,http://20.210.36.32:8080/prediction/knn,,
responseTime,1678217711,878.432548,,,,,,,,,contacts,,,,,,,
data_sent,1678217711,2088.000000,,,,,,,,,contacts,,,,,,,
data_received,1678217711,199.000000,,,,,,,,,contacts,,,,,,,
iteration_duration,1678217711,880.813759,,,,,,,,,contacts,,,,,,,
iterations,1678217711,1.000000,,,,,,,,,contacts,,,,,,,
http_reqs,1678217711,1.000000,,,,true,,POST,http://20.210.36.32:8080/prediction/knn,HTTP/1.1,contacts,,200,,,http://20.210.36.32:8080/prediction/knn,,
http_req_duration,1678217711,752.453353,,,,true,,POST,http://20.210.36.32:8080/prediction/knn,HTTP/1.1,contacts,,200,,,http://20.210.36.32:8080/prediction/knn,,
http_req_blocked,1678217711,2.844914,,,,true,,POST,http://20.210.36.32:8080/prediction/knn,HTTP/1.1,contacts,,200,,,http://20.210.36.32:8080/prediction/knn,,
http_req_connecting,1678217711,2.792214,,,,true,,POST,http://20.210.36.32:8080/prediction/knn,HTTP/1.1,contacts,,200,,,http://20.210.36.32:8080/prediction/knn,,
http_req_tls_handshaking,1678217711,0.000000,,,,true,,POST,http://20.210.36.32:8080/prediction/knn,HTTP/1.1,contacts,,200,,,http://20.210.36.32:8080/prediction/knn,,
http_req_sending,1678217711,0.223101,,,,true,,POST,http://20.210.36.32:8080/prediction/knn,HTTP/1.1,contacts,,200,,,http://20.210.36.32:8080/prediction/knn,,
http_req_waiting,1678217711,752.124151,,,,true,,POST,http://20.210.36.32:8080/prediction/knn,HTTP/1.1,contacts,,200,,,http://20.210.36.32:8080/prediction/knn,,
http_req_receiving,1678217711,0.106101,,,,true,,POST,http://20.210.36.32:8080/prediction/knn,HTTP/1.1,contacts,,200,,,http://20.210.36.32:8080/prediction/knn,,
http_req_failed,1678217711,0.000000,,,,true,,POST,http://20.210.36.32:8080/prediction/knn,HTTP/1.1,contacts,,200,,,http://20.210.36.32:8080/prediction/knn,,
responseTime,1678217711,752.453353,,,,,,,,,contacts,,,,,,,
data_sent,1678217711,2088.000000,,,,,,,,,contacts,,,,,,,
data_received,1678217711,199.000000,,,,,,,,,contacts,,,,,,,
iteration_duration,1678217711,755.752869,,,,,,,,,contacts,,,,,,,
iterations,1678217711,1.000000,,,,,,,,,contacts,,,,,,,
http_reqs,1678217711,1.000000,,,,true,,POST,http://20.210.36.32:8080/prediction/knn,HTTP/1.1,contacts,,200,,,http://20.210.36.32:8080/prediction/knn,,
http_req_duration,1678217711,743.718512,,,,true,,POST,http://20.210.36.32:8080/prediction/knn,HTTP/1.1,contacts,,200,,,http://20.210.36.32:8080/prediction/knn,,
http_req_blocked,1678217711,2.152910,,,,true,,POST,http://20.210.36.32:8080/prediction/knn,HTTP/1.1,contacts,,200,,,http://20.210.36.32:8080/prediction/knn,,
http_req_connecting,1678217711,2.090110,,,,true,,POST,http://20.210.36.32:8080/prediction/knn,HTTP/1.1,contacts,,200,,,http://20.210.36.32:8080/prediction/knn,,
http_req_tls_handshaking,1678217711,0.000000,,,,true,,POST,http://20.210.36.32:8080/prediction/knn,HTTP/1.1,contacts,,200,,,http://20.210.36.32:8080/prediction/knn,,
http_req_sending,1678217711,0.064501,,,,true,,POST,http://20.210.36.32:8080/prediction/knn,HTTP/1.1,contacts,,200,,,http://20.210.36.32:8080/prediction/knn,,
http_req_waiting,1678217711,743.514011,,,,true,,POST,http://20.210.36.32:8080/prediction/knn,HTTP/1.1,contacts,,200,,,http://20.210.36.32:8080/prediction/knn,,
http_req_receiving,1678217711,0.140000,,,,true,,POST,http://20.210.36.32:8080/prediction/knn,HTTP/1.1,contacts,,200,,,http://20.210.36.32:8080/prediction/knn,,
http_req_failed,1678217711,0.000000,,,,true,,POST,http://20.210.36.32:8080/prediction/knn,HTTP/1.1,contacts,,200,,,http://20.210.36.32:8080/prediction/knn,,
responseTime,1678217711,743.718512,,,,,,,,,contacts,,,,,,,
data_sent,1678217711,2088.000000,,,,,,,,,contacts,,,,,,,
data_received,1678217711,199.000000,,,,,,,,,contacts,,,,,,,
iteration_duration,1678217711,746.671926,,,,,,,,,contacts,,,,,,,
iterations,1678217711,1.000000,,,,,,,,,contacts,,,,,,,
http_reqs,1678217711,1.000000,,,,true,,POST,http://20.210.36.32:8080/prediction/knn,HTTP/1.1,contacts,,200,,,http://20.210.36.32:8080/prediction/knn,,
http_req_duration,1678217711,765.708616,,,,true,,POST,http://20.210.36.32:8080/prediction/knn,HTTP/1.1,contacts,,200,,,http://20.210.36.32:8080/prediction/knn,,
http_req_blocked,1678217711,3.507017,,,,true,,POST,http://20.210.36.32:8080/prediction/knn,HTTP/1.1,contacts,,200,,,http://20.210.36.32:8080/prediction/knn,,
http_req_connecting,1678217711,3.449816,,,,true,,POST,http://20.210.36.32:8080/prediction/knn,HTTP/1.1,contacts,,200,,,http://20.210.36.32:8080/prediction/knn,,
http_req_tls_handshaking,1678217711,0.000000,,,,true,,POST,http://20.210.36.32:8080/prediction/knn,HTTP/1.1,contacts,,200,,,http://20.210.36.32:8080/prediction/knn,,
http_req_sending,1678217711,0.245001,,,,true,,POST,http://20.210.36.32:8080/prediction/knn,HTTP/1.1,contacts,,200,,,http://20.210.36.32:8080/prediction/knn,,
http_req_waiting,1678217711,765.367914,,,,true,,POST,http://20.210.36.32:8080/prediction/knn,HTTP/1.1,contacts,,200,,,http://20.210.36.32:8080/prediction/knn,,
http_req_receiving,1678217711,0.095701,,,,true,,POST,http://20.210.36.32:8080/prediction/knn,HTTP/1.1,contacts,,200,,,http://20.210.36.32:8080/prediction/knn,,
http_req_failed,1678217711,0.000000,,,,true,,POST,http://20.210.36.32:8080/prediction/knn,HTTP/1.1,contacts,,200,,,http://20.210.36.32:8080/prediction/knn,,
responseTime,1678217711,765.708616,,,,,,,,,contacts,,,,,,,
data_sent,1678217711,2088.000000,,,,,,,,,contacts,,,,,,,
data_received,1678217711,199.000000,,,,,,,,,contacts,,,,,,,
iteration_duration,1678217711,771.455043,,,,,,,,,contacts,,,,,,,
iterations,1678217711,1.000000,,,,,,,,,contacts,,,,,,,
http_reqs,1678217711,1.000000,,,,true,,POST,http://20.210.36.32:8080/prediction/knn,HTTP/1.1,contacts,,200,,,http://20.210.36.32:8080/prediction/knn,,
http_req_duration,1678217711,420.830588,,,,true,,POST,http://20.210.36.32:8080/prediction/knn,HTTP/1.1,contacts,,200,,,http://20.210.36.32:8080/prediction/knn,,
http_req_blocked,1678217711,2.779614,,,,true,,POST,http://20.210.36.32:8080/prediction/knn,HTTP/1.1,contacts,,200,,,http://20.210.36.32:8080/prediction/knn,,
http_req_connecting,1678217711,2.200810,,,,true,,POST,http://20.210.36.32:8080/prediction/knn,HTTP/1.1,contacts,,200,,,http://20.210.36.32:8080/prediction/knn,,
http_req_tls_handshaking,1678217711,0.000000,,,,true,,POST,http://20.210.36.32:8080/prediction/knn,HTTP/1.1,contacts,,200,,,http://20.210.36.32:8080/prediction/knn,,
http_req_sending,1678217711,0.051001,,,,true,,POST,http://20.210.36.32:8080/prediction/knn,HTTP/1.1,contacts,,200,,,http://20.210.36.32:8080/prediction/knn,,
http_req_waiting,1678217711,420.625986,,,,true,,POST,http://20.210.36.32:8080/prediction/knn,HTTP/1.1,contacts,,200,,,http://20.210.36.32:8080/prediction/knn,,
http_req_receiving,1678217711,0.153601,,,,true,,POST,http://20.210.36.32:8080/prediction/knn,HTTP/1.1,contacts,,200,,,http://20.210.36.32:8080/prediction/knn,,
http_req_failed,1678217711,0.000000,,,,true,,POST,http://20.210.36.32:8080/prediction/knn,HTTP/1.1,contacts,,200,,,http://20.210.36.32:8080/prediction/knn,,
responseTime,1678217711,420.830588,,,,,,,,,contacts,,,,,,,
data_sent,1678217711,2088.000000,,,,,,,,,contacts,,,,,,,
data_received,1678217711,199.000000,,,,,,,,,contacts,,,,,,,
iteration_duration,1678217711,424.178103,,,,,,,,,contacts,,,,,,,
iterations,1678217711,1.000000,,,,,,,,,contacts,,,,,,,
http_reqs,1678217711,1.000000,,,,true,,POST,http://20.210.36.32:8080/prediction/knn,HTTP/1.1,contacts,,200,,,http://20.210.36.32:8080/prediction/knn,,
http_req_duration,1678217711,421.313790,,,,true,,POST,http://20.210.36.32:8080/prediction/knn,HTTP/1.1,contacts,,200,,,http://20.210.36.32:8080/prediction/knn,,
http_req_blocked,1678217711,5.629826,,,,true,,POST,http://20.210.36.32:8080/prediction/knn,HTTP/1.1,contacts,,200,,,http://20.210.36.32:8080/prediction/knn,,
http_req_connecting,1678217711,5.587726,,,,true,,POST,http://20.210.36.32:8080/prediction/knn,HTTP/1.1,contacts,,200,,,http://20.210.36.32:8080/prediction/knn,,
http_req_tls_handshaking,1678217711,0.000000,,,,true,,POST,http://20.210.36.32:8080/prediction/knn,HTTP/1.1,contacts,,200,,,http://20.210.36.32:8080/prediction/knn,,
http_req_sending,1678217711,0.085301,,,,true,,POST,http://20.210.36.32:8080/prediction/knn,HTTP/1.1,contacts,,200,,,http://20.210.36.32:8080/prediction/knn,,
http_req_waiting,1678217711,421.150588,,,,true,,POST,http://20.210.36.32:8080/prediction/knn,HTTP/1.1,contacts,,200,,,http://20.210.36.32:8080/prediction/knn,,
http_req_receiving,1678217711,0.077901,,,,true,,POST,http://20.210.36.32:8080/prediction/knn,HTTP/1.1,contacts,,200,,,http://20.210.36.32:8080/prediction/knn,,
http_req_failed,1678217711,0.000000,,,,true,,POST,http://20.210.36.32:8080/prediction/knn,HTTP/1.1,contacts,,200,,,http://20.210.36.32:8080/prediction/knn,,
responseTime,1678217711,421.313790,,,,,,,,,contacts,,,,,,,
data_sent,1678217711,2088.000000,,,,,,,,,contacts,,,,,,,
data_received,1678217711,199.000000,,,,,,,,,contacts,,,,,,,
iteration_duration,1678217711,427.459119,,,,,,,,,contacts,,,,,,,
iterations,1678217711,1.000000,,,,,,,,,contacts,,,,,,,
http_reqs,1678217711,1.000000,,,,true,,POST,http://20.210.36.32:8080/prediction/knn,HTTP/1.1,contacts,,200,,,http://20.210.36.32:8080/prediction/knn,,
http_req_duration,1678217711,459.606370,,,,true,,POST,http://20.210.36.32:8080/prediction/knn,HTTP/1.1,contacts,,200,,,http://20.210.36.32:8080/prediction/knn,,
http_req_blocked,1678217711,2.779213,,,,true,,POST,http://20.210.36.32:8080/prediction/knn,HTTP/1.1,contacts,,200,,,http://20.210.36.32:8080/prediction/knn,,
http_req_connecting,1678217711,2.694413,,,,true,,POST,http://20.210.36.32:8080/prediction/knn,HTTP/1.1,contacts,,200,,,http://20.210.36.32:8080/prediction/knn,,
http_req_tls_handshaking,1678217711,0.000000,,,,true,,POST,http://20.210.36.32:8080/prediction/knn,HTTP/1.1,contacts,,200,,,http://20.210.36.32:8080/prediction/knn,,
http_req_sending,1678217711,0.070200,,,,true,,POST,http://20.210.36.32:8080/prediction/knn,HTTP/1.1,contacts,,200,,,http://20.210.36.32:8080/prediction/knn,,
http_req_waiting,1678217711,459.439570,,,,true,,POST,http://20.210.36.32:8080/prediction/knn,HTTP/1.1,contacts,,200,,,http://20.210.36.32:8080/prediction/knn,,
http_req_receiving,1678217711,0.096600,,,,true,,POST,http://20.210.36.32:8080/prediction/knn,HTTP/1.1,contacts,,200,,,http://20.210.36.32:8080/prediction/knn,,
http_req_failed,1678217711,0.000000,,,,true,,POST,http://20.210.36.32:8080/prediction/knn,HTTP/1.1,contacts,,200,,,http://20.210.36.32:8080/prediction/knn,,
responseTime,1678217711,459.606370,,,,,,,,,contacts,,,,,,,
data_sent,1678217711,2088.000000,,,,,,,,,contacts,,,,,,,
data_received,1678217711,199.000000,,,,,,,,,contacts,,,,,,,
iteration_duration,1678217711,462.995387,,,,,,,,,contacts,,,,,,,
iterations,1678217711,1.000000,,,,,,,,,contacts,,,,,,,
http_reqs,1678217711,1.000000,,,,true,,POST,http://20.210.36.32:8080/prediction/knn,HTTP/1.1,contacts,,200,,,http://20.210.36.32:8080/prediction/knn,,
http_req_duration,1678217711,597.055320,,,,true,,POST,http://20.210.36.32:8080/prediction/knn,HTTP/1.1,contacts,,200,,,http://20.210.36.32:8080/prediction/knn,,
http_req_blocked,1678217711,2.417112,,,,true,,POST,http://20.210.36.32:8080/prediction/knn,HTTP/1.1,contacts,,200,,,http://20.210.36.32:8080/prediction/knn,,
http_req_connecting,1678217711,2.321811,,,,true,,POST,http://20.210.36.32:8080/prediction/knn,HTTP/1.1,contacts,,200,,,http://20.210.36.32:8080/prediction/knn,,
http_req_tls_handshaking,1678217711,0.000000,,,,true,,POST,http://20.210.36.32:8080/prediction/knn,HTTP/1.1,contacts,,200,,,http://20.210.36.32:8080/prediction/knn,,
http_req_sending,1678217711,0.096101,,,,true,,POST,http://20.210.36.32:8080/prediction/knn,HTTP/1.1,contacts,,200,,,http://20.210.36.32:8080/prediction/knn,,
http_req_waiting,1678217711,596.899318,,,,true,,POST,http://20.210.36.32:8080/prediction/knn,HTTP/1.1,contacts,,200,,,http://20.210.36.32:8080/prediction/knn,,
http_req_receiving,1678217711,0.059901,,,,true,,POST,http://20.210.36.32:8080/prediction/knn,HTTP/1.1,contacts,,200,,,http://20.210.36.32:8080/prediction/knn,,
http_req_failed,1678217711,0.000000,,,,true,,POST,http://20.210.36.32:8080/prediction/knn,HTTP/1.1,contacts,,200,,,http://20.210.36.32:8080/prediction/knn,,
responseTime,1678217711,597.055320,,,,,,,,,contacts,,,,,,,
data_sent,1678217711,2088.000000,,,,,,,,,contacts,,,,,,,
data_received,1678217711,199.000000,,,,,,,,,contacts,,,,,,,
iteration_duration,1678217711,600.323235,,,,,,,,,contacts,,,,,,,
iterations,1678217711,1.000000,,,,,,,,,contacts,,,,,,,
http_reqs,1678217711,1.000000,,,,true,,POST,http://20.210.36.32:8080/prediction/knn,HTTP/1.1,contacts,,200,,,http://20.210.36.32:8080/prediction/knn,,
http_req_duration,1678217711,423.011198,,,,true,,POST,http://20.210.36.32:8080/prediction/knn,HTTP/1.1,contacts,,200,,,http://20.210.36.32:8080/prediction/knn,,
http_req_blocked,1678217711,4.476321,,,,true,,POST,http://20.210.36.32:8080/prediction/knn,HTTP/1.1,contacts,,200,,,http://20.210.36.32:8080/prediction/knn,,
http_req_connecting,1678217711,4.422621,,,,true,,POST,http://20.210.36.32:8080/prediction/knn,HTTP/1.1,contacts,,200,,,http://20.210.36.32:8080/prediction/knn,,
http_req_tls_handshaking,1678217711,0.000000,,,,true,,POST,http://20.210.36.32:8080/prediction/knn,HTTP/1.1,contacts,,200,,,http://20.210.36.32:8080/prediction/knn,,
http_req_sending,1678217711,0.047400,,,,true,,POST,http://20.210.36.32:8080/prediction/knn,HTTP/1.1,contacts,,200,,,http://20.210.36.32:8080/prediction/knn,,
http_req_waiting,1678217711,422.845397,,,,true,,POST,http://20.210.36.32:8080/prediction/knn,HTTP/1.1,contacts,,200,,,http://20.210.36.32:8080/prediction/knn,,
http_req_receiving,1678217711,0.118401,,,,true,,POST,http://20.210.36.32:8080/prediction/knn,HTTP/1.1,contacts,,200,,,http://20.210.36.32:8080/prediction/knn,,
http_req_failed,1678217711,0.000000,,,,true,,POST,http://20.210.36.32:8080/prediction/knn,HTTP/1.1,contacts,,200,,,http://20.210.36.32:8080/prediction/knn,,
responseTime,1678217711,423.011198,,,,,,,,,contacts,,,,,,,
data_sent,1678217711,2088.000000,,,,,,,,,contacts,,,,,,,
data_received,1678217711,199.000000,,,,,,,,,contacts,,,,,,,
iteration_duration,1678217711,429.081926,,,,,,,,,contacts,,,,,,,
iterations,1678217711,1.000000,,,,,,,,,contacts,,,,,,,
http_reqs,1678217711,1.000000,,,,true,,POST,http://20.210.36.32:8080/prediction/knn,HTTP/1.1,contacts,,200,,,http://20.210.36.32:8080/prediction/knn,,
http_req_duration,1678217711,436.583562,,,,true,,POST,http://20.210.36.32:8080/prediction/knn,HTTP/1.1,contacts,,200,,,http://20.210.36.32:8080/prediction/knn,,
http_req_blocked,1678217711,4.588422,,,,true,,POST,http://20.210.36.32:8080/prediction/knn,HTTP/1.1,contacts,,200,,,http://20.210.36.32:8080/prediction/knn,,
http_req_connecting,1678217711,4.532521,,,,true,,POST,http://20.210.36.32:8080/prediction/knn,HTTP/1.1,contacts,,200,,,http://20.210.36.32:8080/prediction/knn,,
http_req_tls_handshaking,1678217711,0.000000,,,,true,,POST,http://20.210.36.32:8080/prediction/knn,HTTP/1.1,contacts,,200,,,http://20.210.36.32:8080/prediction/knn,,
http_req_sending,1678217711,0.082700,,,,true,,POST,http://20.210.36.32:8080/prediction/knn,HTTP/1.1,contacts,,200,,,http://20.210.36.32:8080/prediction/knn,,
http_req_waiting,1678217711,436.389461,,,,true,,POST,http://20.210.36.32:8080/prediction/knn,HTTP/1.1,contacts,,200,,,http://20.210.36.32:8080/prediction/knn,,
http_req_receiving,1678217711,0.111401,,,,true,,POST,http://20.210.36.32:8080/prediction/knn,HTTP/1.1,contacts,,200,,,http://20.210.36.32:8080/prediction/knn,,
http_req_failed,1678217711,0.000000,,,,true,,POST,http://20.210.36.32:8080/prediction/knn,HTTP/1.1,contacts,,200,,,http://20.210.36.32:8080/prediction/knn,,
responseTime,1678217711,436.583562,,,,,,,,,contacts,,,,,,,
data_sent,1678217711,2088.000000,,,,,,,,,contacts,,,,,,,
data_received,1678217711,199.000000,,,,,,,,,contacts,,,,,,,
iteration_duration,1678217711,441.865087,,,,,,,,,contacts,,,,,,,
iterations,1678217711,1.000000,,,,,,,,,contacts,,,,,,,
http_reqs,1678217711,1.000000,,,,true,,POST,http://20.210.36.32:8080/prediction/knn,HTTP/1.1,contacts,,200,,,http://20.210.36.32:8080/prediction/knn,,
http_req_duration,1678217711,467.115606,,,,true,,POST,http://20.210.36.32:8080/prediction/knn,HTTP/1.1,contacts,,200,,,http://20.210.36.32:8080/prediction/knn,,
http_req_blocked,1678217711,2.218710,,,,true,,POST,http://20.210.36.32:8080/prediction/knn,HTTP/1.1,contacts,,200,,,http://20.210.36.32:8080/prediction/knn,,
http_req_connecting,1678217711,2.160710,,,,true,,POST,http://20.210.36.32:8080/prediction/knn,HTTP/1.1,contacts,,200,,,http://20.210.36.32:8080/prediction/knn,,
http_req_tls_handshaking,1678217711,0.000000,,,,true,,POST,http://20.210.36.32:8080/prediction/knn,HTTP/1.1,contacts,,200,,,http://20.210.36.32:8080/prediction/knn,,
http_req_sending,1678217711,0.063201,,,,true,,POST,http://20.210.36.32:8080/prediction/knn,HTTP/1.1,contacts,,200,,,http://20.210.36.32:8080/prediction/knn,,
http_req_waiting,1678217711,462.304183,,,,true,,POST,http://20.210.36.32:8080/prediction/knn,HTTP/1.1,contacts,,200,,,http://20.210.36.32:8080/prediction/knn,,
http_req_receiving,1678217711,4.748222,,,,true,,POST,http://20.210.36.32:8080/prediction/knn,HTTP/1.1,contacts,,200,,,http://20.210.36.32:8080/prediction/knn,,
http_req_failed,1678217711,0.000000,,,,true,,POST,http://20.210.36.32:8080/prediction/knn,HTTP/1.1,contacts,,200,,,http://20.210.36.32:8080/prediction/knn,,
responseTime,1678217711,467.115606,,,,,,,,,contacts,,,,,,,
data_sent,1678217711,2088.000000,,,,,,,,,contacts,,,,,,,
data_received,1678217711,199.000000,,,,,,,,,contacts,,,,,,,
iteration_duration,1678217711,469.767618,,,,,,,,,contacts,,,,,,,
iterations,1678217711,1.000000,,,,,,,,,contacts,,,,,,,
http_reqs,1678217711,1.000000,,,,true,,POST,http://20.210.36.32:8080/prediction/knn,HTTP/1.1,contacts,,200,,,http://20.210.36.32:8080/prediction/knn,,
http_req_duration,1678217711,451.851634,,,,true,,POST,http://20.210.36.32:8080/prediction/knn,HTTP/1.1,contacts,,200,,,http://20.210.36.32:8080/prediction/knn,,
http_req_blocked,1678217711,4.102820,,,,true,,POST,http://20.210.36.32:8080/prediction/knn,HTTP/1.1,contacts,,200,,,http://20.210.36.32:8080/prediction/knn,,
http_req_connecting,1678217711,4.056119,,,,true,,POST,http://20.210.36.32:8080/prediction/knn,HTTP/1.1,contacts,,200,,,http://20.210.36.32:8080/prediction/knn,,
http_req_tls_handshaking,1678217711,0.000000,,,,true,,POST,http://20.210.36.32:8080/prediction/knn,HTTP/1.1,contacts,,200,,,http://20.210.36.32:8080/prediction/knn,,
http_req_sending,1678217711,0.035600,,,,true,,POST,http://20.210.36.32:8080/prediction/knn,HTTP/1.1,contacts,,200,,,http://20.210.36.32:8080/prediction/knn,,
http_req_waiting,1678217711,450.330826,,,,true,,POST,http://20.210.36.32:8080/prediction/knn,HTTP/1.1,contacts,,200,,,http://20.210.36.32:8080/prediction/knn,,
http_req_receiving,1678217711,1.485208,,,,true,,POST,http://20.210.36.32:8080/prediction/knn,HTTP/1.1,contacts,,200,,,http://20.210.36.32:8080/prediction/knn,,
http_req_failed,1678217711,0.000000,,,,true,,POST,http://20.210.36.32:8080/prediction/knn,HTTP/1.1,contacts,,200,,,http://20.210.36.32:8080/prediction/knn,,
responseTime,1678217711,451.851634,,,,,,,,,contacts,,,,,,,
data_sent,1678217711,2088.000000,,,,,,,,,contacts,,,,,,,
data_received,1678217711,199.000000,,,,,,,,,contacts,,,,,,,
iteration_duration,1678217711,456.501956,,,,,,,,,contacts,,,,,,,
iterations,1678217711,1.000000,,,,,,,,,contacts,,,,,,,
http_reqs,1678217711,1.000000,,,,true,,POST,http://20.210.36.32:8080/prediction/knn,HTTP/1.1,contacts,,200,,,http://20.210.36.32:8080/prediction/knn,,
http_req_duration,1678217711,509.858308,,,,true,,POST,http://20.210.36.32:8080/prediction/knn,HTTP/1.1,contacts,,200,,,http://20.210.36.32:8080/prediction/knn,,
http_req_blocked,1678217711,3.629317,,,,true,,POST,http://20.210.36.32:8080/prediction/knn,HTTP/1.1,contacts,,200,,,http://20.210.36.32:8080/prediction/knn,,
http_req_connecting,1678217711,3.583317,,,,true,,POST,http://20.210.36.32:8080/prediction/knn,HTTP/1.1,contacts,,200,,,http://20.210.36.32:8080/prediction/knn,,
http_req_tls_handshaking,1678217711,0.000000,,,,true,,POST,http://20.210.36.32:8080/prediction/knn,HTTP/1.1,contacts,,200,,,http://20.210.36.32:8080/prediction/knn,,
http_req_sending,1678217711,0.040300,,,,true,,POST,http://20.210.36.32:8080/prediction/knn,HTTP/1.1,contacts,,200,,,http://20.210.36.32:8080/prediction/knn,,
http_req_waiting,1678217711,509.685007,,,,true,,POST,http://20.210.36.32:8080/prediction/knn,HTTP/1.1,contacts,,200,,,http://20.210.36.32:8080/prediction/knn,,
http_req_receiving,1678217711,0.133001,,,,true,,POST,http://20.210.36.32:8080/prediction/knn,HTTP/1.1,contacts,,200,,,http://20.210.36.32:8080/prediction/knn,,
http_req_failed,1678217711,0.000000,,,,true,,POST,http://20.210.36.32:8080/prediction/knn,HTTP/1.1,contacts,,200,,,http://20.210.36.32:8080/prediction/knn,,
responseTime,1678217711,509.858308,,,,,,,,,contacts,,,,,,,
data_sent,1678217711,2088.000000,,,,,,,,,contacts,,,,,,,
data_received,1678217711,199.000000,,,,,,,,,contacts,,,,,,,
iteration_duration,1678217711,513.911927,,,,,,,,,contacts,,,,,,,
iterations,1678217711,1.000000,,,,,,,,,contacts,,,,,,,
http_reqs,1678217711,1.000000,,,,true,,POST,http://20.210.36.32:8080/prediction/knn,HTTP/1.1,contacts,,200,,,http://20.210.36.32:8080/prediction/knn,,
http_req_duration,1678217711,501.590669,,,,true,,POST,http://20.210.36.32:8080/prediction/knn,HTTP/1.1,contacts,,200,,,http://20.210.36.32:8080/prediction/knn,,
http_req_blocked,1678217711,6.181829,,,,true,,POST,http://20.210.36.32:8080/prediction/knn,HTTP/1.1,contacts,,200,,,http://20.210.36.32:8080/prediction/knn,,
http_req_connecting,1678217711,6.114429,,,,true,,POST,http://20.210.36.32:8080/prediction/knn,HTTP/1.1,contacts,,200,,,http://20.210.36.32:8080/prediction/knn,,
http_req_tls_handshaking,1678217711,0.000000,,,,true,,POST,http://20.210.36.32:8080/prediction/knn,HTTP/1.1,contacts,,200,,,http://20.210.36.32:8080/prediction/knn,,
http_req_sending,1678217711,0.065900,,,,true,,POST,http://20.210.36.32:8080/prediction/knn,HTTP/1.1,contacts,,200,,,http://20.210.36.32:8080/prediction/knn,,
http_req_waiting,1678217711,501.410168,,,,true,,POST,http://20.210.36.32:8080/prediction/knn,HTTP/1.1,contacts,,200,,,http://20.210.36.32:8080/prediction/knn,,
http_req_receiving,1678217711,0.114601,,,,true,,POST,http://20.210.36.32:8080/prediction/knn,HTTP/1.1,contacts,,200,,,http://20.210.36.32:8080/prediction/knn,,
http_req_failed,1678217711,0.000000,,,,true,,POST,http://20.210.36.32:8080/prediction/knn,HTTP/1.1,contacts,,200,,,http://20.210.36.32:8080/prediction/knn,,
responseTime,1678217711,501.590669,,,,,,,,,contacts,,,,,,,
data_sent,1678217711,2088.000000,,,,,,,,,contacts,,,,,,,
data_received,1678217711,199.000000,,,,,,,,,contacts,,,,,,,
iteration_duration,1678217711,508.170400,,,,,,,,,contacts,,,,,,,
iterations,1678217711,1.000000,,,,,,,,,contacts,,,,,,,
http_reqs,1678217711,1.000000,,,,true,,POST,http://20.210.36.32:8080/prediction/knn,HTTP/1.1,contacts,,200,,,http://20.210.36.32:8080/prediction/knn,,
http_req_duration,1678217711,519.862255,,,,true,,POST,http://20.210.36.32:8080/prediction/knn,HTTP/1.1,contacts,,200,,,http://20.210.36.32:8080/prediction/knn,,
http_req_blocked,1678217711,3.738618,,,,true,,POST,http://20.210.36.32:8080/prediction/knn,HTTP/1.1,contacts,,200,,,http://20.210.36.32:8080/prediction/knn,,
http_req_connecting,1678217711,3.661318,,,,true,,POST,http://20.210.36.32:8080/prediction/knn,HTTP/1.1,contacts,,200,,,http://20.210.36.32:8080/prediction/knn,,
http_req_tls_handshaking,1678217711,0.000000,,,,true,,POST,http://20.210.36.32:8080/prediction/knn,HTTP/1.1,contacts,,200,,,http://20.210.36.32:8080/prediction/knn,,
http_req_sending,1678217711,0.051400,,,,true,,POST,http://20.210.36.32:8080/prediction/knn,HTTP/1.1,contacts,,200,,,http://20.210.36.32:8080/prediction/knn,,
http_req_waiting,1678217711,516.148237,,,,true,,POST,http://20.210.36.32:8080/prediction/knn,HTTP/1.1,contacts,,200,,,http://20.210.36.32:8080/prediction/knn,,
http_req_receiving,1678217711,3.662618,,,,true,,POST,http://20.210.36.32:8080/prediction/knn,HTTP/1.1,contacts,,200,,,http://20.210.36.32:8080/prediction/knn,,
http_req_failed,1678217711,0.000000,,,,true,,POST,http://20.210.36.32:8080/prediction/knn,HTTP/1.1,contacts,,200,,,http://20.210.36.32:8080/prediction/knn,,
responseTime,1678217711,519.862255,,,,,,,,,contacts,,,,,,,
data_sent,1678217711,2088.000000,,,,,,,,,contacts,,,,,,,
data_received,1678217711,199.000000,,,,,,,,,contacts,,,,,,,
iteration_duration,1678217711,528.528795,,,,,,,,,contacts,,,,,,,
iterations,1678217711,1.000000,,,,,,,,,contacts,,,,,,,
http_reqs,1678217711,1.000000,,,,true,,POST,http://20.210.36.32:8080/prediction/knn,HTTP/1.1,contacts,,200,,,http://20.210.36.32:8080/prediction/knn,,
http_req_duration,1678217711,502.328072,,,,true,,POST,http://20.210.36.32:8080/prediction/knn,HTTP/1.1,contacts,,200,,,http://20.210.36.32:8080/prediction/knn,,
http_req_blocked,1678217711,3.895319,,,,true,,POST,http://20.210.36.32:8080/prediction/knn,HTTP/1.1,contacts,,200,,,http://20.210.36.32:8080/prediction/knn,,
http_req_connecting,1678217711,3.832218,,,,true,,POST,http://20.210.36.32:8080/prediction/knn,HTTP/1.1,contacts,,200,,,http://20.210.36.32:8080/prediction/knn,,
http_req_tls_handshaking,1678217711,0.000000,,,,true,,POST,http://20.210.36.32:8080/prediction/knn,HTTP/1.1,contacts,,200,,,http://20.210.36.32:8080/prediction/knn,,
http_req_sending,1678217711,0.053600,,,,true,,POST,http://20.210.36.32:8080/prediction/knn,HTTP/1.1,contacts,,200,,,http://20.210.36.32:8080/prediction/knn,,
http_req_waiting,1678217711,497.525049,,,,true,,POST,http://20.210.36.32:8080/prediction/knn,HTTP/1.1,contacts,,200,,,http://20.210.36.32:8080/prediction/knn,,
http_req_receiving,1678217711,4.749423,,,,true,,POST,http://20.210.36.32:8080/prediction/knn,HTTP/1.1,contacts,,200,,,http://20.210.36.32:8080/prediction/knn,,
http_req_failed,1678217711,0.000000,,,,true,,POST,http://20.210.36.32:8080/prediction/knn,HTTP/1.1,contacts,,200,,,http://20.210.36.32:8080/prediction/knn,,
responseTime,1678217711,502.328072,,,,,,,,,contacts,,,,,,,
data_sent,1678217711,2088.000000,,,,,,,,,contacts,,,,,,,
data_received,1678217711,199.000000,,,,,,,,,contacts,,,,,,,
iteration_duration,1678217711,506.915094,,,,,,,,,contacts,,,,,,,
iterations,1678217711,1.000000,,,,,,,,,contacts,,,,,,,
http_reqs,1678217711,1.000000,,,,true,,POST,http://20.210.36.32:8080/prediction/knn,HTTP/1.1,contacts,,200,,,http://20.210.36.32:8080/prediction/knn,,
http_req_duration,1678217711,520.236857,,,,true,,POST,http://20.210.36.32:8080/prediction/knn,HTTP/1.1,contacts,,200,,,http://20.210.36.32:8080/prediction/knn,,
http_req_blocked,1678217711,3.959519,,,,true,,POST,http://20.210.36.32:8080/prediction/knn,HTTP/1.1,contacts,,200,,,http://20.210.36.32:8080/prediction/knn,,
http_req_connecting,1678217711,3.907318,,,,true,,POST,http://20.210.36.32:8080/prediction/knn,HTTP/1.1,contacts,,200,,,http://20.210.36.32:8080/prediction/knn,,
http_req_tls_handshaking,1678217711,0.000000,,,,true,,POST,http://20.210.36.32:8080/prediction/knn,HTTP/1.1,contacts,,200,,,http://20.210.36.32:8080/prediction/knn,,
http_req_sending,1678217711,0.049400,,,,true,,POST,http://20.210.36.32:8080/prediction/knn,HTTP/1.1,contacts,,200,,,http://20.210.36.32:8080/prediction/knn,,
http_req_waiting,1678217711,518.356948,,,,true,,POST,http://20.210.36.32:8080/prediction/knn,HTTP/1.1,contacts,,200,,,http://20.210.36.32:8080/prediction/knn,,
http_req_receiving,1678217711,1.830509,,,,true,,POST,http://20.210.36.32:8080/prediction/knn,HTTP/1.1,contacts,,200,,,http://20.210.36.32:8080/prediction/knn,,
http_req_failed,1678217711,0.000000,,,,true,,POST,http://20.210.36.32:8080/prediction/knn,HTTP/1.1,contacts,,200,,,http://20.210.36.32:8080/prediction/knn,,
responseTime,1678217711,520.236857,,,,,,,,,contacts,,,,,,,
data_sent,1678217711,2088.000000,,,,,,,,,contacts,,,,,,,
data_received,1678217711,199.000000,,,,,,,,,contacts,,,,,,,
iteration_duration,1678217711,524.707978,,,,,,,,,contacts,,,,,,,
iterations,1678217711,1.000000,,,,,,,,,contacts,,,,,,,
http_reqs,1678217711,1.000000,,,,true,,POST,http://20.210.36.32:8080/prediction/knn,HTTP/1.1,contacts,,200,,,http://20.210.36.32:8080/prediction/knn,,
http_req_duration,1678217711,567.991182,,,,true,,POST,http://20.210.36.32:8080/prediction/knn,HTTP/1.1,contacts,,200,,,http://20.210.36.32:8080/prediction/knn,,
http_req_blocked,1678217711,5.779327,,,,true,,POST,http://20.210.36.32:8080/prediction/knn,HTTP/1.1,contacts,,200,,,http://20.210.36.32:8080/prediction/knn,,
http_req_connecting,1678217711,5.717727,,,,true,,POST,http://20.210.36.32:8080/prediction/knn,HTTP/1.1,contacts,,200,,,http://20.210.36.32:8080/prediction/knn,,
http_req_tls_handshaking,1678217711,0.000000,,,,true,,POST,http://20.210.36.32:8080/prediction/knn,HTTP/1.1,contacts,,200,,,http://20.210.36.32:8080/prediction/knn,,
http_req_sending,1678217711,0.042700,,,,true,,POST,http://20.210.36.32:8080/prediction/knn,HTTP/1.1,contacts,,200,,,http://20.210.36.32:8080/prediction/knn,,
http_req_waiting,1678217711,557.104631,,,,true,,POST,http://20.210.36.32:8080/prediction/knn,HTTP/1.1,contacts,,200,,,http://20.210.36.32:8080/prediction/knn,,
http_req_receiving,1678217711,10.843851,,,,true,,POST,http://20.210.36.32:8080/prediction/knn,HTTP/1.1,contacts,,200,,,http://20.210.36.32:8080/prediction/knn,,
http_req_failed,1678217711,0.000000,,,,true,,POST,http://20.210.36.32:8080/prediction/knn,HTTP/1.1,contacts,,200,,,http://20.210.36.32:8080/prediction/knn,,
responseTime,1678217711,567.991182,,,,,,,,,contacts,,,,,,,
data_sent,1678217711,2088.000000,,,,,,,,,contacts,,,,,,,
data_received,1678217711,199.000000,,,,,,,,,contacts,,,,,,,
iteration_duration,1678217711,574.432412,,,,,,,,,contacts,,,,,,,
iterations,1678217711,1.000000,,,,,,,,,contacts,,,,,,,
http_reqs,1678217711,1.000000,,,,true,,POST,http://20.210.36.32:8080/prediction/knn,HTTP/1.1,contacts,,200,,,http://20.210.36.32:8080/prediction/knn,,
http_req_duration,1678217711,608.751675,,,,true,,POST,http://20.210.36.32:8080/prediction/knn,HTTP/1.1,contacts,,200,,,http://20.210.36.32:8080/prediction/knn,,
http_req_blocked,1678217711,6.259429,,,,true,,POST,http://20.210.36.32:8080/prediction/knn,HTTP/1.1,contacts,,200,,,http://20.210.36.32:8080/prediction/knn,,
http_req_connecting,1678217711,6.203929,,,,true,,POST,http://20.210.36.32:8080/prediction/knn,HTTP/1.1,contacts,,200,,,http://20.210.36.32:8080/prediction/knn,,
http_req_tls_handshaking,1678217711,0.000000,,,,true,,POST,http://20.210.36.32:8080/prediction/knn,HTTP/1.1,contacts,,200,,,http://20.210.36.32:8080/prediction/knn,,
http_req_sending,1678217711,0.133701,,,,true,,POST,http://20.210.36.32:8080/prediction/knn,HTTP/1.1,contacts,,200,,,http://20.210.36.32:8080/prediction/knn,,
http_req_waiting,1678217711,608.443973,,,,true,,POST,http://20.210.36.32:8080/prediction/knn,HTTP/1.1,contacts,,200,,,http://20.210.36.32:8080/prediction/knn,,
http_req_receiving,1678217711,0.174001,,,,true,,POST,http://20.210.36.32:8080/prediction/knn,HTTP/1.1,contacts,,200,,,http://20.210.36.32:8080/prediction/knn,,
http_req_failed,1678217711,0.000000,,,,true,,POST,http://20.210.36.32:8080/prediction/knn,HTTP/1.1,contacts,,200,,,http://20.210.36.32:8080/prediction/knn,,
responseTime,1678217711,608.751675,,,,,,,,,contacts,,,,,,,
data_sent,1678217711,2088.000000,,,,,,,,,contacts,,,,,,,
data_received,1678217711,199.000000,,,,,,,,,contacts,,,,,,,
iteration_duration,1678217711,615.613707,,,,,,,,,contacts,,,,,,,
iterations,1678217711,1.000000,,,,,,,,,contacts,,,,,,,
http_reqs,1678217711,1.000000,,,,true,,POST,http://20.210.36.32:8080/prediction/knn,HTTP/1.1,contacts,,200,,,http://20.210.36.32:8080/prediction/knn,,
http_req_duration,1678217711,613.101796,,,,true,,POST,http://20.210.36.32:8080/prediction/knn,HTTP/1.1,contacts,,200,,,http://20.210.36.32:8080/prediction/knn,,
http_req_blocked,1678217711,7.167034,,,,true,,POST,http://20.210.36.32:8080/prediction/knn,HTTP/1.1,contacts,,200,,,http://20.210.36.32:8080/prediction/knn,,
http_req_connecting,1678217711,7.086133,,,,true,,POST,http://20.210.36.32:8080/prediction/knn,HTTP/1.1,contacts,,200,,,http://20.210.36.32:8080/prediction/knn,,
http_req_tls_handshaking,1678217711,0.000000,,,,true,,POST,http://20.210.36.32:8080/prediction/knn,HTTP/1.1,contacts,,200,,,http://20.210.36.32:8080/prediction/knn,,
http_req_sending,1678217711,0.146301,,,,true,,POST,http://20.210.36.32:8080/prediction/knn,HTTP/1.1,contacts,,200,,,http://20.210.36.32:8080/prediction/knn,,
http_req_waiting,1678217711,611.536788,,,,true,,POST,http://20.210.36.32:8080/prediction/knn,HTTP/1.1,contacts,,200,,,http://20.210.36.32:8080/prediction/knn,,
http_req_receiving,1678217711,1.418707,,,,true,,POST,http://20.210.36.32:8080/prediction/knn,HTTP/1.1,contacts,,200,,,http://20.210.36.32:8080/prediction/knn,,
http_req_failed,1678217711,0.000000,,,,true,,POST,http://20.210.36.32:8080/prediction/knn,HTTP/1.1,contacts,,200,,,http://20.210.36.32:8080/prediction/knn,,
responseTime,1678217711,613.101796,,,,,,,,,contacts,,,,,,,
data_sent,1678217711,2088.000000,,,,,,,,,contacts,,,,,,,
data_received,1678217711,199.000000,,,,,,,,,contacts,,,,,,,
iteration_duration,1678217711,620.810332,,,,,,,,,contacts,,,,,,,
iterations,1678217711,1.000000,,,,,,,,,contacts,,,,,,,
http_reqs,1678217711,1.000000,,,,true,,POST,http://20.210.36.32:8080/prediction/knn,HTTP/1.1,contacts,,200,,,http://20.210.36.32:8080/prediction/knn,,
http_req_duration,1678217711,645.078946,,,,true,,POST,http://20.210.36.32:8080/prediction/knn,HTTP/1.1,contacts,,200,,,http://20.210.36.32:8080/prediction/knn,,
http_req_blocked,1678217711,5.099824,,,,true,,POST,http://20.210.36.32:8080/prediction/knn,HTTP/1.1,contacts,,200,,,http://20.210.36.32:8080/prediction/knn,,
http_req_connecting,1678217711,5.037124,,,,true,,POST,http://20.210.36.32:8080/prediction/knn,HTTP/1.1,contacts,,200,,,http://20.210.36.32:8080/prediction/knn,,
http_req_tls_handshaking,1678217711,0.000000,,,,true,,POST,http://20.210.36.32:8080/prediction/knn,HTTP/1.1,contacts,,200,,,http://20.210.36.32:8080/prediction/knn,,
http_req_sending,1678217711,0.125101,,,,true,,POST,http://20.210.36.32:8080/prediction/knn,HTTP/1.1,contacts,,200,,,http://20.210.36.32:8080/prediction/knn,,
http_req_waiting,1678217711,644.844745,,,,true,,POST,http://20.210.36.32:8080/prediction/knn,HTTP/1.1,contacts,,200,,,http://20.210.36.32:8080/prediction/knn,,
http_req_receiving,1678217711,0.109100,,,,true,,POST,http://20.210.36.32:8080/prediction/knn,HTTP/1.1,contacts,,200,,,http://20.210.36.32:8080/prediction/knn,,
http_req_failed,1678217711,0.000000,,,,true,,POST,http://20.210.36.32:8080/prediction/knn,HTTP/1.1,contacts,,200,,,http://20.210.36.32:8080/prediction/knn,,
responseTime,1678217711,645.078946,,,,,,,,,contacts,,,,,,,
data_sent,1678217711,2088.000000,,,,,,,,,contacts,,,,,,,
data_received,1678217711,199.000000,,,,,,,,,contacts,,,,,,,
iteration_duration,1678217711,650.567072,,,,,,,,,contacts,,,,,,,
iterations,1678217711,1.000000,,,,,,,,,contacts,,,,,,,
http_reqs,1678217711,1.000000,,,,true,,POST,http://20.210.36.32:8080/prediction/knn,HTTP/1.1,contacts,,200,,,http://20.210.36.32:8080/prediction/knn,,
http_req_duration,1678217711,521.720964,,,,true,,POST,http://20.210.36.32:8080/prediction/knn,HTTP/1.1,contacts,,200,,,http://20.210.36.32:8080/prediction/knn,,
http_req_blocked,1678217711,4.523121,,,,true,,POST,http://20.210.36.32:8080/prediction/knn,HTTP/1.1,contacts,,200,,,http://20.210.36.32:8080/prediction/knn,,
http_req_connecting,1678217711,4.442321,,,,true,,POST,http://20.210.36.32:8080/prediction/knn,HTTP/1.1,contacts,,200,,,http://20.210.36.32:8080/prediction/knn,,
http_req_tls_handshaking,1678217711,0.000000,,,,true,,POST,http://20.210.36.32:8080/prediction/knn,HTTP/1.1,contacts,,200,,,http://20.210.36.32:8080/prediction/knn,,
http_req_sending,1678217711,0.066200,,,,true,,POST,http://20.210.36.32:8080/prediction/knn,HTTP/1.1,contacts,,200,,,http://20.210.36.32:8080/prediction/knn,,
http_req_waiting,1678217711,521.494063,,,,true,,POST,http://20.210.36.32:8080/prediction/knn,HTTP/1.1,contacts,,200,,,http://20.210.36.32:8080/prediction/knn,,
http_req_receiving,1678217711,0.160701,,,,true,,POST,http://20.210.36.32:8080/prediction/knn,HTTP/1.1,contacts,,200,,,http://20.210.36.32:8080/prediction/knn,,
http_req_failed,1678217711,0.000000,,,,true,,POST,http://20.210.36.32:8080/prediction/knn,HTTP/1.1,contacts,,200,,,http://20.210.36.32:8080/prediction/knn,,
responseTime,1678217711,521.720964,,,,,,,,,contacts,,,,,,,
data_sent,1678217711,2088.000000,,,,,,,,,contacts,,,,,,,
data_received,1678217711,199.000000,,,,,,,,,contacts,,,,,,,
iteration_duration,1678217711,526.910889,,,,,,,,,contacts,,,,,,,
iterations,1678217711,1.000000,,,,,,,,,contacts,,,,,,,
http_reqs,1678217711,1.000000,,,,true,,POST,http://20.210.36.32:8080/prediction/knn,HTTP/1.1,contacts,,200,,,http://20.210.36.32:8080/prediction/knn,,
http_req_duration,1678217711,512.965223,,,,true,,POST,http://20.210.36.32:8080/prediction/knn,HTTP/1.1,contacts,,200,,,http://20.210.36.32:8080/prediction/knn,,
http_req_blocked,1678217711,4.412320,,,,true,,POST,http://20.210.36.32:8080/prediction/knn,HTTP/1.1,contacts,,200,,,http://20.210.36.32:8080/prediction/knn,,
http_req_connecting,1678217711,4.336420,,,,true,,POST,http://20.210.36.32:8080/prediction/knn,HTTP/1.1,contacts,,200,,,http://20.210.36.32:8080/prediction/knn,,
http_req_tls_handshaking,1678217711,0.000000,,,,true,,POST,http://20.210.36.32:8080/prediction/knn,HTTP/1.1,contacts,,200,,,http://20.210.36.32:8080/prediction/knn,,
http_req_sending,1678217711,0.076601,,,,true,,POST,http://20.210.36.32:8080/prediction/knn,HTTP/1.1,contacts,,200,,,http://20.210.36.32:8080/prediction/knn,,
http_req_waiting,1678217711,510.863312,,,,true,,POST,http://20.210.36.32:8080/prediction/knn,HTTP/1.1,contacts,,200,,,http://20.210.36.32:8080/prediction/knn,,
http_req_receiving,1678217711,2.025310,,,,true,,POST,http://20.210.36.32:8080/prediction/knn,HTTP/1.1,contacts,,200,,,http://20.210.36.32:8080/prediction/knn,,
http_req_failed,1678217711,0.000000,,,,true,,POST,http://20.210.36.32:8080/prediction/knn,HTTP/1.1,contacts,,200,,,http://20.210.36.32:8080/prediction/knn,,
responseTime,1678217711,512.965223,,,,,,,,,contacts,,,,,,,
data_sent,1678217711,2088.000000,,,,,,,,,contacts,,,,,,,
data_received,1678217711,199.000000,,,,,,,,,contacts,,,,,,,
iteration_duration,1678217711,517.851346,,,,,,,,,contacts,,,,,,,
iterations,1678217711,1.000000,,,,,,,,,contacts,,,,,,,
http_reqs,1678217711,1.000000,,,,true,,POST,http://20.210.36.32:8080/prediction/knn,HTTP/1.1,contacts,,200,,,http://20.210.36.32:8080/prediction/knn,,
http_req_duration,1678217711,570.488194,,,,true,,POST,http://20.210.36.32:8080/prediction/knn,HTTP/1.1,contacts,,200,,,http://20.210.36.32:8080/prediction/knn,,
http_req_blocked,1678217711,4.540921,,,,true,,POST,http://20.210.36.32:8080/prediction/knn,HTTP/1.1,contacts,,200,,,http://20.210.36.32:8080/prediction/knn,,
http_req_connecting,1678217711,4.427021,,,,true,,POST,http://20.210.36.32:8080/prediction/knn,HTTP/1.1,contacts,,200,,,http://20.210.36.32:8080/prediction/knn,,
http_req_tls_handshaking,1678217711,0.000000,,,,true,,POST,http://20.210.36.32:8080/prediction/knn,HTTP/1.1,contacts,,200,,,http://20.210.36.32:8080/prediction/knn,,
http_req_sending,1678217711,0.085101,,,,true,,POST,http://20.210.36.32:8080/prediction/knn,HTTP/1.1,contacts,,200,,,http://20.210.36.32:8080/prediction/knn,,
http_req_waiting,1678217711,567.792481,,,,true,,POST,http://20.210.36.32:8080/prediction/knn,HTTP/1.1,contacts,,200,,,http://20.210.36.32:8080/prediction/knn,,
http_req_receiving,1678217711,2.610612,,,,true,,POST,http://20.210.36.32:8080/prediction/knn,HTTP/1.1,contacts,,200,,,http://20.210.36.32:8080/prediction/knn,,
http_req_failed,1678217711,0.000000,,,,true,,POST,http://20.210.36.32:8080/prediction/knn,HTTP/1.1,contacts,,200,,,http://20.210.36.32:8080/prediction/knn,,
responseTime,1678217711,570.488194,,,,,,,,,contacts,,,,,,,
data_sent,1678217711,2088.000000,,,,,,,,,contacts,,,,,,,
data_received,1678217711,199.000000,,,,,,,,,contacts,,,,,,,
iteration_duration,1678217711,575.568818,,,,,,,,,contacts,,,,,,,
iterations,1678217711,1.000000,,,,,,,,,contacts,,,,,,,
http_reqs,1678217711,1.000000,,,,true,,POST,http://20.210.36.32:8080/prediction/knn,HTTP/1.1,contacts,,200,,,http://20.210.36.32:8080/prediction/knn,,
http_req_duration,1678217711,655.482395,,,,true,,POST,http://20.210.36.32:8080/prediction/knn,HTTP/1.1,contacts,,200,,,http://20.210.36.32:8080/prediction/knn,,
http_req_blocked,1678217711,4.157520,,,,true,,POST,http://20.210.36.32:8080/prediction/knn,HTTP/1.1,contacts,,200,,,http://20.210.36.32:8080/prediction/knn,,
http_req_connecting,1678217711,4.105420,,,,true,,POST,http://20.210.36.32:8080/prediction/knn,HTTP/1.1,contacts,,200,,,http://20.210.36.32:8080/prediction/knn,,
http_req_tls_handshaking,1678217711,0.000000,,,,true,,POST,http://20.210.36.32:8080/prediction/knn,HTTP/1.1,contacts,,200,,,http://20.210.36.32:8080/prediction/knn,,
http_req_sending,1678217711,0.073800,,,,true,,POST,http://20.210.36.32:8080/prediction/knn,HTTP/1.1,contacts,,200,,,http://20.210.36.32:8080/prediction/knn,,
http_req_waiting,1678217711,655.286595,,,,true,,POST,http://20.210.36.32:8080/prediction/knn,HTTP/1.1,contacts,,200,,,http://20.210.36.32:8080/prediction/knn,,
http_req_receiving,1678217711,0.122000,,,,true,,POST,http://20.210.36.32:8080/prediction/knn,HTTP/1.1,contacts,,200,,,http://20.210.36.32:8080/prediction/knn,,
http_req_failed,1678217711,0.000000,,,,true,,POST,http://20.210.36.32:8080/prediction/knn,HTTP/1.1,contacts,,200,,,http://20.210.36.32:8080/prediction/knn,,
responseTime,1678217711,655.482395,,,,,,,,,contacts,,,,,,,
data_sent,1678217711,2088.000000,,,,,,,,,contacts,,,,,,,
data_received,1678217711,199.000000,,,,,,,,,contacts,,,,,,,
iteration_duration,1678217711,659.945017,,,,,,,,,contacts,,,,,,,
iterations,1678217711,1.000000,,,,,,,,,contacts,,,,,,,
http_reqs,1678217711,1.000000,,,,true,,POST,http://20.210.36.32:8080/prediction/knn,HTTP/1.1,contacts,,200,,,http://20.210.36.32:8080/prediction/knn,,
http_req_duration,1678217711,697.532094,,,,true,,POST,http://20.210.36.32:8080/prediction/knn,HTTP/1.1,contacts,,200,,,http://20.210.36.32:8080/prediction/knn,,
http_req_blocked,1678217711,4.159919,,,,true,,POST,http://20.210.36.32:8080/prediction/knn,HTTP/1.1,contacts,,200,,,http://20.210.36.32:8080/prediction/knn,,
http_req_connecting,1678217711,4.106119,,,,true,,POST,http://20.210.36.32:8080/prediction/knn,HTTP/1.1,contacts,,200,,,http://20.210.36.32:8080/prediction/knn,,
http_req_tls_handshaking,1678217711,0.000000,,,,true,,POST,http://20.210.36.32:8080/prediction/knn,HTTP/1.1,contacts,,200,,,http://20.210.36.32:8080/prediction/knn,,
http_req_sending,1678217711,0.068000,,,,true,,POST,http://20.210.36.32:8080/prediction/knn,HTTP/1.1,contacts,,200,,,http://20.210.36.32:8080/prediction/knn,,
http_req_waiting,1678217711,697.346993,,,,true,,POST,http://20.210.36.32:8080/prediction/knn,HTTP/1.1,contacts,,200,,,http://20.210.36.32:8080/prediction/knn,,
http_req_receiving,1678217711,0.117101,,,,true,,POST,http://20.210.36.32:8080/prediction/knn,HTTP/1.1,contacts,,200,,,http://20.210.36.32:8080/prediction/knn,,
http_req_failed,1678217711,0.000000,,,,true,,POST,http://20.210.36.32:8080/prediction/knn,HTTP/1.1,contacts,,200,,,http://20.210.36.32:8080/prediction/knn,,
responseTime,1678217711,697.532094,,,,,,,,,contacts,,,,,,,
data_sent,1678217711,2088.000000,,,,,,,,,contacts,,,,,,,
data_received,1678217711,199.000000,,,,,,,,,contacts,,,,,,,
iteration_duration,1678217711,702.114916,,,,,,,,,contacts,,,,,,,
iterations,1678217711,1.000000,,,,,,,,,contacts,,,,,,,
http_reqs,1678217712,1.000000,,,,true,,POST,http://20.210.36.32:8080/prediction/knn,HTTP/1.1,contacts,,200,,,http://20.210.36.32:8080/prediction/knn,,
http_req_duration,1678217712,620.236228,,,,true,,POST,http://20.210.36.32:8080/prediction/knn,HTTP/1.1,contacts,,200,,,http://20.210.36.32:8080/prediction/knn,,
http_req_blocked,1678217712,3.858018,,,,true,,POST,http://20.210.36.32:8080/prediction/knn,HTTP/1.1,contacts,,200,,,http://20.210.36.32:8080/prediction/knn,,
http_req_connecting,1678217712,3.784318,,,,true,,POST,http://20.210.36.32:8080/prediction/knn,HTTP/1.1,contacts,,200,,,http://20.210.36.32:8080/prediction/knn,,
http_req_tls_handshaking,1678217712,0.000000,,,,true,,POST,http://20.210.36.32:8080/prediction/knn,HTTP/1.1,contacts,,200,,,http://20.210.36.32:8080/prediction/knn,,
http_req_sending,1678217712,0.068300,,,,true,,POST,http://20.210.36.32:8080/prediction/knn,HTTP/1.1,contacts,,200,,,http://20.210.36.32:8080/prediction/knn,,
http_req_waiting,1678217712,619.095623,,,,true,,POST,http://20.210.36.32:8080/prediction/knn,HTTP/1.1,contacts,,200,,,http://20.210.36.32:8080/prediction/knn,,
http_req_receiving,1678217712,1.072305,,,,true,,POST,http://20.210.36.32:8080/prediction/knn,HTTP/1.1,contacts,,200,,,http://20.210.36.32:8080/prediction/knn,,
http_req_failed,1678217712,0.000000,,,,true,,POST,http://20.210.36.32:8080/prediction/knn,HTTP/1.1,contacts,,200,,,http://20.210.36.32:8080/prediction/knn,,
responseTime,1678217712,620.236228,,,,,,,,,contacts,,,,,,,
data_sent,1678217712,2088.000000,,,,,,,,,contacts,,,,,,,
data_received,1678217712,199.000000,,,,,,,,,contacts,,,,,,,
iteration_duration,1678217712,624.758951,,,,,,,,,contacts,,,,,,,
iterations,1678217712,1.000000,,,,,,,,,contacts,,,,,,,
http_reqs,1678217712,1.000000,,,,true,,POST,http://20.210.36.32:8080/prediction/knn,HTTP/1.1,contacts,,200,,,http://20.210.36.32:8080/prediction/knn,,
http_req_duration,1678217712,627.539164,,,,true,,POST,http://20.210.36.32:8080/prediction/knn,HTTP/1.1,contacts,,200,,,http://20.210.36.32:8080/prediction/knn,,
http_req_blocked,1678217712,4.198420,,,,true,,POST,http://20.210.36.32:8080/prediction/knn,HTTP/1.1,contacts,,200,,,http://20.210.36.32:8080/prediction/knn,,
http_req_connecting,1678217712,4.124519,,,,true,,POST,http://20.210.36.32:8080/prediction/knn,HTTP/1.1,contacts,,200,,,http://20.210.36.32:8080/prediction/knn,,
http_req_tls_handshaking,1678217712,0.000000,,,,true,,POST,http://20.210.36.32:8080/prediction/knn,HTTP/1.1,contacts,,200,,,http://20.210.36.32:8080/prediction/knn,,
http_req_sending,1678217712,0.088601,,,,true,,POST,http://20.210.36.32:8080/prediction/knn,HTTP/1.1,contacts,,200,,,http://20.210.36.32:8080/prediction/knn,,
http_req_waiting,1678217712,621.738736,,,,true,,POST,http://20.210.36.32:8080/prediction/knn,HTTP/1.1,contacts,,200,,,http://20.210.36.32:8080/prediction/knn,,
http_req_receiving,1678217712,5.711827,,,,true,,POST,http://20.210.36.32:8080/prediction/knn,HTTP/1.1,contacts,,200,,,http://20.210.36.32:8080/prediction/knn,,
http_req_failed,1678217712,0.000000,,,,true,,POST,http://20.210.36.32:8080/prediction/knn,HTTP/1.1,contacts,,200,,,http://20.210.36.32:8080/prediction/knn,,
responseTime,1678217712,627.539164,,,,,,,,,contacts,,,,,,,
data_sent,1678217712,2088.000000,,,,,,,,,contacts,,,,,,,
data_received,1678217712,199.000000,,,,,,,,,contacts,,,,,,,
iteration_duration,1678217712,632.122885,,,,,,,,,contacts,,,,,,,
iterations,1678217712,1.000000,,,,,,,,,contacts,,,,,,,
http_reqs,1678217712,1.000000,,,,true,,POST,http://20.210.36.32:8080/prediction/knn,HTTP/1.1,contacts,,200,,,http://20.210.36.32:8080/prediction/knn,,
http_req_duration,1678217712,566.224574,,,,true,,POST,http://20.210.36.32:8080/prediction/knn,HTTP/1.1,contacts,,200,,,http://20.210.36.32:8080/prediction/knn,,
http_req_blocked,1678217712,3.835518,,,,true,,POST,http://20.210.36.32:8080/prediction/knn,HTTP/1.1,contacts,,200,,,http://20.210.36.32:8080/prediction/knn,,
http_req_connecting,1678217712,3.764218,,,,true,,POST,http://20.210.36.32:8080/prediction/knn,HTTP/1.1,contacts,,200,,,http://20.210.36.32:8080/prediction/knn,,
http_req_tls_handshaking,1678217712,0.000000,,,,true,,POST,http://20.210.36.32:8080/prediction/knn,HTTP/1.1,contacts,,200,,,http://20.210.36.32:8080/prediction/knn,,
http_req_sending,1678217712,0.049000,,,,true,,POST,http://20.210.36.32:8080/prediction/knn,HTTP/1.1,contacts,,200,,,http://20.210.36.32:8080/prediction/knn,,
http_req_waiting,1678217712,559.319041,,,,true,,POST,http://20.210.36.32:8080/prediction/knn,HTTP/1.1,contacts,,200,,,http://20.210.36.32:8080/prediction/knn,,
http_req_receiving,1678217712,6.856533,,,,true,,POST,http://20.210.36.32:8080/prediction/knn,HTTP/1.1,contacts,,200,,,http://20.210.36.32:8080/prediction/knn,,
http_req_failed,1678217712,0.000000,,,,true,,POST,http://20.210.36.32:8080/prediction/knn,HTTP/1.1,contacts,,200,,,http://20.210.36.32:8080/prediction/knn,,
responseTime,1678217712,566.224574,,,,,,,,,contacts,,,,,,,
data_sent,1678217712,2088.000000,,,,,,,,,contacts,,,,,,,
data_received,1678217712,199.000000,,,,,,,,,contacts,,,,,,,
iteration_duration,1678217712,570.457194,,,,,,,,,contacts,,,,,,,
iterations,1678217712,1.000000,,,,,,,,,contacts,,,,,,,
http_reqs,1678217712,1.000000,,,,true,,POST,http://20.210.36.32:8080/prediction/knn,HTTP/1.1,contacts,,200,,,http://20.210.36.32:8080/prediction/knn,,
http_req_duration,1678217712,596.164015,,,,true,,POST,http://20.210.36.32:8080/prediction/knn,HTTP/1.1,contacts,,200,,,http://20.210.36.32:8080/prediction/knn,,
http_req_blocked,1678217712,4.201720,,,,true,,POST,http://20.210.36.32:8080/prediction/knn,HTTP/1.1,contacts,,200,,,http://20.210.36.32:8080/prediction/knn,,
http_req_connecting,1678217712,4.114919,,,,true,,POST,http://20.210.36.32:8080/prediction/knn,HTTP/1.1,contacts,,200,,,http://20.210.36.32:8080/prediction/knn,,
http_req_tls_handshaking,1678217712,0.000000,,,,true,,POST,http://20.210.36.32:8080/prediction/knn,HTTP/1.1,contacts,,200,,,http://20.210.36.32:8080/prediction/knn,,
http_req_sending,1678217712,0.060401,,,,true,,POST,http://20.210.36.32:8080/prediction/knn,HTTP/1.1,contacts,,200,,,http://20.210.36.32:8080/prediction/knn,,
http_req_waiting,1678217712,595.987714,,,,true,,POST,http://20.210.36.32:8080/prediction/knn,HTTP/1.1,contacts,,200,,,http://20.210.36.32:8080/prediction/knn,,
http_req_receiving,1678217712,0.115900,,,,true,,POST,http://20.210.36.32:8080/prediction/knn,HTTP/1.1,contacts,,200,,,http://20.210.36.32:8080/prediction/knn,,
http_req_failed,1678217712,0.000000,,,,true,,POST,http://20.210.36.32:8080/prediction/knn,HTTP/1.1,contacts,,200,,,http://20.210.36.32:8080/prediction/knn,,
responseTime,1678217712,596.164015,,,,,,,,,contacts,,,,,,,
data_sent,1678217712,2088.000000,,,,,,,,,contacts,,,,,,,
data_received,1678217712,199.000000,,,,,,,,,contacts,,,,,,,
iteration_duration,1678217712,600.854337,,,,,,,,,contacts,,,,,,,
iterations,1678217712,1.000000,,,,,,,,,contacts,,,,,,,
http_reqs,1678217712,1.000000,,,,true,,POST,http://20.210.36.32:8080/prediction/knn,HTTP/1.1,contacts,,200,,,http://20.210.36.32:8080/prediction/knn,,
http_req_duration,1678217712,652.573181,,,,true,,POST,http://20.210.36.32:8080/prediction/knn,HTTP/1.1,contacts,,200,,,http://20.210.36.32:8080/prediction/knn,,
http_req_blocked,1678217712,4.426821,,,,true,,POST,http://20.210.36.32:8080/prediction/knn,HTTP/1.1,contacts,,200,,,http://20.210.36.32:8080/prediction/knn,,
http_req_connecting,1678217712,4.356721,,,,true,,POST,http://20.210.36.32:8080/prediction/knn,HTTP/1.1,contacts,,200,,,http://20.210.36.32:8080/prediction/knn,,
http_req_tls_handshaking,1678217712,0.000000,,,,true,,POST,http://20.210.36.32:8080/prediction/knn,HTTP/1.1,contacts,,200,,,http://20.210.36.32:8080/prediction/knn,,
http_req_sending,1678217712,0.060900,,,,true,,POST,http://20.210.36.32:8080/prediction/knn,HTTP/1.1,contacts,,200,,,http://20.210.36.32:8080/prediction/knn,,
http_req_waiting,1678217712,652.393781,,,,true,,POST,http://20.210.36.32:8080/prediction/knn,HTTP/1.1,contacts,,200,,,http://20.210.36.32:8080/prediction/knn,,
http_req_receiving,1678217712,0.118500,,,,true,,POST,http://20.210.36.32:8080/prediction/knn,HTTP/1.1,contacts,,200,,,http://20.210.36.32:8080/prediction/knn,,
http_req_failed,1678217712,0.000000,,,,true,,POST,http://20.210.36.32:8080/prediction/knn,HTTP/1.1,contacts,,200,,,http://20.210.36.32:8080/prediction/knn,,
responseTime,1678217712,652.573181,,,,,,,,,contacts,,,,,,,
data_sent,1678217712,2088.000000,,,,,,,,,contacts,,,,,,,
data_received,1678217712,199.000000,,,,,,,,,contacts,,,,,,,
iteration_duration,1678217712,657.413804,,,,,,,,,contacts,,,,,,,
iterations,1678217712,1.000000,,,,,,,,,contacts,,,,,,,
http_reqs,1678217712,1.000000,,,,true,,POST,http://20.210.36.32:8080/prediction/knn,HTTP/1.1,contacts,,200,,,http://20.210.36.32:8080/prediction/knn,,
http_req_duration,1678217712,558.771338,,,,true,,POST,http://20.210.36.32:8080/prediction/knn,HTTP/1.1,contacts,,200,,,http://20.210.36.32:8080/prediction/knn,,
http_req_blocked,1678217712,3.585417,,,,true,,POST,http://20.210.36.32:8080/prediction/knn,HTTP/1.1,contacts,,200,,,http://20.210.36.32:8080/prediction/knn,,
http_req_connecting,1678217712,3.487517,,,,true,,POST,http://20.210.36.32:8080/prediction/knn,HTTP/1.1,contacts,,200,,,http://20.210.36.32:8080/prediction/knn,,
http_req_tls_handshaking,1678217712,0.000000,,,,true,,POST,http://20.210.36.32:8080/prediction/knn,HTTP/1.1,contacts,,200,,,http://20.210.36.32:8080/prediction/knn,,
http_req_sending,1678217712,0.106300,,,,true,,POST,http://20.210.36.32:8080/prediction/knn,HTTP/1.1,contacts,,200,,,http://20.210.36.32:8080/prediction/knn,,
http_req_waiting,1678217712,558.568138,,,,true,,POST,http://20.210.36.32:8080/prediction/knn,HTTP/1.1,contacts,,200,,,http://20.210.36.32:8080/prediction/knn,,
http_req_receiving,1678217712,0.096900,,,,true,,POST,http://20.210.36.32:8080/prediction/knn,HTTP/1.1,contacts,,200,,,http://20.210.36.32:8080/prediction/knn,,
http_req_failed,1678217712,0.000000,,,,true,,POST,http://20.210.36.32:8080/prediction/knn,HTTP/1.1,contacts,,200,,,http://20.210.36.32:8080/prediction/knn,,
responseTime,1678217712,558.771338,,,,,,,,,contacts,,,,,,,
data_sent,1678217712,2088.000000,,,,,,,,,contacts,,,,,,,
data_received,1678217712,199.000000,,,,,,,,,contacts,,,,,,,
iteration_duration,1678217712,562.775557,,,,,,,,,contacts,,,,,,,
iterations,1678217712,1.000000,,,,,,,,,contacts,,,,,,,
http_reqs,1678217712,1.000000,,,,true,,POST,http://20.210.36.32:8080/prediction/knn,HTTP/1.1,contacts,,200,,,http://20.210.36.32:8080/prediction/knn,,
http_req_duration,1678217712,645.343548,,,,true,,POST,http://20.210.36.32:8080/prediction/knn,HTTP/1.1,contacts,,200,,,http://20.210.36.32:8080/prediction/knn,,
http_req_blocked,1678217712,4.346920,,,,true,,POST,http://20.210.36.32:8080/prediction/knn,HTTP/1.1,contacts,,200,,,http://20.210.36.32:8080/prediction/knn,,
http_req_connecting,1678217712,4.269020,,,,true,,POST,http://20.210.36.32:8080/prediction/knn,HTTP/1.1,contacts,,200,,,http://20.210.36.32:8080/prediction/knn,,
http_req_tls_handshaking,1678217712,0.000000,,,,true,,POST,http://20.210.36.32:8080/prediction/knn,HTTP/1.1,contacts,,200,,,http://20.210.36.32:8080/prediction/knn,,
http_req_sending,1678217712,0.065301,,,,true,,POST,http://20.210.36.32:8080/prediction/knn,HTTP/1.1,contacts,,200,,,http://20.210.36.32:8080/prediction/knn,,
http_req_waiting,1678217712,638.645415,,,,true,,POST,http://20.210.36.32:8080/prediction/knn,HTTP/1.1,contacts,,200,,,http://20.210.36.32:8080/prediction/knn,,
http_req_receiving,1678217712,6.632832,,,,true,,POST,http://20.210.36.32:8080/prediction/knn,HTTP/1.1,contacts,,200,,,http://20.210.36.32:8080/prediction/knn,,
http_req_failed,1678217712,0.000000,,,,true,,POST,http://20.210.36.32:8080/prediction/knn,HTTP/1.1,contacts,,200,,,http://20.210.36.32:8080/prediction/knn,,
responseTime,1678217712,645.343548,,,,,,,,,contacts,,,,,,,
data_sent,1678217712,2088.000000,,,,,,,,,contacts,,,,,,,
data_received,1678217712,199.000000,,,,,,,,,contacts,,,,,,,
iteration_duration,1678217712,650.467572,,,,,,,,,contacts,,,,,,,
iterations,1678217712,1.000000,,,,,,,,,contacts,,,,,,,
http_reqs,1678217712,1.000000,,,,true,,POST,http://20.210.36.32:8080/prediction/knn,HTTP/1.1,contacts,,200,,,http://20.210.36.32:8080/prediction/knn,,
http_req_duration,1678217712,655.399795,,,,true,,POST,http://20.210.36.32:8080/prediction/knn,HTTP/1.1,contacts,,200,,,http://20.210.36.32:8080/prediction/knn,,
http_req_blocked,1678217712,3.781518,,,,true,,POST,http://20.210.36.32:8080/prediction/knn,HTTP/1.1,contacts,,200,,,http://20.210.36.32:8080/prediction/knn,,
http_req_connecting,1678217712,3.726518,,,,true,,POST,http://20.210.36.32:8080/prediction/knn,HTTP/1.1,contacts,,200,,,http://20.210.36.32:8080/prediction/knn,,
http_req_tls_handshaking,1678217712,0.000000,,,,true,,POST,http://20.210.36.32:8080/prediction/knn,HTTP/1.1,contacts,,200,,,http://20.210.36.32:8080/prediction/knn,,
http_req_sending,1678217712,0.053300,,,,true,,POST,http://20.210.36.32:8080/prediction/knn,HTTP/1.1,contacts,,200,,,http://20.210.36.32:8080/prediction/knn,,
http_req_waiting,1678217712,649.900669,,,,true,,POST,http://20.210.36.32:8080/prediction/knn,HTTP/1.1,contacts,,200,,,http://20.210.36.32:8080/prediction/knn,,
http_req_receiving,1678217712,5.445826,,,,true,,POST,http://20.210.36.32:8080/prediction/knn,HTTP/1.1,contacts,,200,,,http://20.210.36.32:8080/prediction/knn,,
http_req_failed,1678217712,0.000000,,,,true,,POST,http://20.210.36.32:8080/prediction/knn,HTTP/1.1,contacts,,200,,,http://20.210.36.32:8080/prediction/knn,,
responseTime,1678217712,655.399795,,,,,,,,,contacts,,,,,,,
data_sent,1678217712,2088.000000,,,,,,,,,contacts,,,,,,,
data_received,1678217712,199.000000,,,,,,,,,contacts,,,,,,,
iteration_duration,1678217712,659.648015,,,,,,,,,contacts,,,,,,,
iterations,1678217712,1.000000,,,,,,,,,contacts,,,,,,,
http_reqs,1678217712,1.000000,,,,true,,POST,http://20.210.36.32:8080/prediction/knn,HTTP/1.1,contacts,,200,,,http://20.210.36.32:8080/prediction/knn,,
http_req_duration,1678217712,702.336916,,,,true,,POST,http://20.210.36.32:8080/prediction/knn,HTTP/1.1,contacts,,200,,,http://20.210.36.32:8080/prediction/knn,,
http_req_blocked,1678217712,3.834518,,,,true,,POST,http://20.210.36.32:8080/prediction/knn,HTTP/1.1,contacts,,200,,,http://20.210.36.32:8080/prediction/knn,,
http_req_connecting,1678217712,3.637917,,,,true,,POST,http://20.210.36.32:8080/prediction/knn,HTTP/1.1,contacts,,200,,,http://20.210.36.32:8080/prediction/knn,,
http_req_tls_handshaking,1678217712,0.000000,,,,true,,POST,http://20.210.36.32:8080/prediction/knn,HTTP/1.1,contacts,,200,,,http://20.210.36.32:8080/prediction/knn,,
http_req_sending,1678217712,0.895504,,,,true,,POST,http://20.210.36.32:8080/prediction/knn,HTTP/1.1,contacts,,200,,,http://20.210.36.32:8080/prediction/knn,,
http_req_waiting,1678217712,691.110164,,,,true,,POST,http://20.210.36.32:8080/prediction/knn,HTTP/1.1,contacts,,200,,,http://20.210.36.32:8080/prediction/knn,,
http_req_receiving,1678217712,10.331248,,,,true,,POST,http://20.210.36.32:8080/prediction/knn,HTTP/1.1,contacts,,200,,,http://20.210.36.32:8080/prediction/knn,,
http_req_failed,1678217712,0.000000,,,,true,,POST,http://20.210.36.32:8080/prediction/knn,HTTP/1.1,contacts,,200,,,http://20.210.36.32:8080/prediction/knn,,
responseTime,1678217712,702.336916,,,,,,,,,contacts,,,,,,,
data_sent,1678217712,2088.000000,,,,,,,,,contacts,,,,,,,
data_received,1678217712,199.000000,,,,,,,,,contacts,,,,,,,
iteration_duration,1678217712,706.525636,,,,,,,,,contacts,,,,,,,
iterations,1678217712,1.000000,,,,,,,,,contacts,,,,,,,
http_reqs,1678217712,1.000000,,,,true,,POST,http://20.210.36.32:8080/prediction/knn,HTTP/1.1,contacts,,200,,,http://20.210.36.32:8080/prediction/knn,,
http_req_duration,1678217712,723.270215,,,,true,,POST,http://20.210.36.32:8080/prediction/knn,HTTP/1.1,contacts,,200,,,http://20.210.36.32:8080/prediction/knn,,
http_req_blocked,1678217712,3.643118,,,,true,,POST,http://20.210.36.32:8080/prediction/knn,HTTP/1.1,contacts,,200,,,http://20.210.36.32:8080/prediction/knn,,
http_req_connecting,1678217712,3.588217,,,,true,,POST,http://20.210.36.32:8080/prediction/knn,HTTP/1.1,contacts,,200,,,http://20.210.36.32:8080/prediction/knn,,
http_req_tls_handshaking,1678217712,0.000000,,,,true,,POST,http://20.210.36.32:8080/prediction/knn,HTTP/1.1,contacts,,200,,,http://20.210.36.32:8080/prediction/knn,,
http_req_sending,1678217712,0.053400,,,,true,,POST,http://20.210.36.32:8080/prediction/knn,HTTP/1.1,contacts,,200,,,http://20.210.36.32:8080/prediction/knn,,
http_req_waiting,1678217712,698.976000,,,,true,,POST,http://20.210.36.32:8080/prediction/knn,HTTP/1.1,contacts,,200,,,http://20.210.36.32:8080/prediction/knn,,
http_req_receiving,1678217712,24.240815,,,,true,,POST,http://20.210.36.32:8080/prediction/knn,HTTP/1.1,contacts,,200,,,http://20.210.36.32:8080/prediction/knn,,
http_req_failed,1678217712,0.000000,,,,true,,POST,http://20.210.36.32:8080/prediction/knn,HTTP/1.1,contacts,,200,,,http://20.210.36.32:8080/prediction/knn,,
responseTime,1678217712,723.270215,,,,,,,,,contacts,,,,,,,
data_sent,1678217712,2088.000000,,,,,,,,,contacts,,,,,,,
data_received,1678217712,199.000000,,,,,,,,,contacts,,,,,,,
iteration_duration,1678217712,727.380935,,,,,,,,,contacts,,,,,,,
iterations,1678217712,1.000000,,,,,,,,,contacts,,,,,,,
http_reqs,1678217712,1.000000,,,,true,,POST,http://20.210.36.32:8080/prediction/knn,HTTP/1.1,contacts,,200,,,http://20.210.36.32:8080/prediction/knn,,
http_req_duration,1678217712,786.402314,,,,true,,POST,http://20.210.36.32:8080/prediction/knn,HTTP/1.1,contacts,,200,,,http://20.210.36.32:8080/prediction/knn,,
http_req_blocked,1678217712,3.837718,,,,true,,POST,http://20.210.36.32:8080/prediction/knn,HTTP/1.1,contacts,,200,,,http://20.210.36.32:8080/prediction/knn,,
http_req_connecting,1678217712,3.785417,,,,true,,POST,http://20.210.36.32:8080/prediction/knn,HTTP/1.1,contacts,,200,,,http://20.210.36.32:8080/prediction/knn,,
http_req_tls_handshaking,1678217712,0.000000,,,,true,,POST,http://20.210.36.32:8080/prediction/knn,HTTP/1.1,contacts,,200,,,http://20.210.36.32:8080/prediction/knn,,
http_req_sending,1678217712,0.050301,,,,true,,POST,http://20.210.36.32:8080/prediction/knn,HTTP/1.1,contacts,,200,,,http://20.210.36.32:8080/prediction/knn,,
http_req_waiting,1678217712,786.214212,,,,true,,POST,http://20.210.36.32:8080/prediction/knn,HTTP/1.1,contacts,,200,,,http://20.210.36.32:8080/prediction/knn,,
http_req_receiving,1678217712,0.137801,,,,true,,POST,http://20.210.36.32:8080/prediction/knn,HTTP/1.1,contacts,,200,,,http://20.210.36.32:8080/prediction/knn,,
http_req_failed,1678217712,0.000000,,,,true,,POST,http://20.210.36.32:8080/prediction/knn,HTTP/1.1,contacts,,200,,,http://20.210.36.32:8080/prediction/knn,,
responseTime,1678217712,786.402314,,,,,,,,,contacts,,,,,,,
data_sent,1678217712,2088.000000,,,,,,,,,contacts,,,,,,,
data_received,1678217712,199.000000,,,,,,,,,contacts,,,,,,,
iteration_duration,1678217712,790.663934,,,,,,,,,contacts,,,,,,,
iterations,1678217712,1.000000,,,,,,,,,contacts,,,,,,,
http_reqs,1678217712,1.000000,,,,true,,POST,http://20.210.36.32:8080/prediction/knn,HTTP/1.1,contacts,,200,,,http://20.210.36.32:8080/prediction/knn,,
http_req_duration,1678217712,759.016284,,,,true,,POST,http://20.210.36.32:8080/prediction/knn,HTTP/1.1,contacts,,200,,,http://20.210.36.32:8080/prediction/knn,,
http_req_blocked,1678217712,2.086910,,,,true,,POST,http://20.210.36.32:8080/prediction/knn,HTTP/1.1,contacts,,200,,,http://20.210.36.32:8080/prediction/knn,,
http_req_connecting,1678217712,2.033610,,,,true,,POST,http://20.210.36.32:8080/prediction/knn,HTTP/1.1,contacts,,200,,,http://20.210.36.32:8080/prediction/knn,,
http_req_tls_handshaking,1678217712,0.000000,,,,true,,POST,http://20.210.36.32:8080/prediction/knn,HTTP/1.1,contacts,,200,,,http://20.210.36.32:8080/prediction/knn,,
http_req_sending,1678217712,0.060100,,,,true,,POST,http://20.210.36.32:8080/prediction/knn,HTTP/1.1,contacts,,200,,,http://20.210.36.32:8080/prediction/knn,,
http_req_waiting,1678217712,758.632983,,,,true,,POST,http://20.210.36.32:8080/prediction/knn,HTTP/1.1,contacts,,200,,,http://20.210.36.32:8080/prediction/knn,,
http_req_receiving,1678217712,0.323201,,,,true,,POST,http://20.210.36.32:8080/prediction/knn,HTTP/1.1,contacts,,200,,,http://20.210.36.32:8080/prediction/knn,,
http_req_failed,1678217712,0.000000,,,,true,,POST,http://20.210.36.32:8080/prediction/knn,HTTP/1.1,contacts,,200,,,http://20.210.36.32:8080/prediction/knn,,
responseTime,1678217712,759.016284,,,,,,,,,contacts,,,,,,,
data_sent,1678217712,2088.000000,,,,,,,,,contacts,,,,,,,
data_received,1678217712,199.000000,,,,,,,,,contacts,,,,,,,
iteration_duration,1678217712,761.532596,,,,,,,,,contacts,,,,,,,
iterations,1678217712,1.000000,,,,,,,,,contacts,,,,,,,
http_reqs,1678217712,1.000000,,,,true,,POST,http://20.210.36.32:8080/prediction/knn,HTTP/1.1,contacts,,200,,,http://20.210.36.32:8080/prediction/knn,,
http_req_duration,1678217712,772.788349,,,,true,,POST,http://20.210.36.32:8080/prediction/knn,HTTP/1.1,contacts,,200,,,http://20.210.36.32:8080/prediction/knn,,
http_req_blocked,1678217712,1.963509,,,,true,,POST,http://20.210.36.32:8080/prediction/knn,HTTP/1.1,contacts,,200,,,http://20.210.36.32:8080/prediction/knn,,
http_req_connecting,1678217712,1.912409,,,,true,,POST,http://20.210.36.32:8080/prediction/knn,HTTP/1.1,contacts,,200,,,http://20.210.36.32:8080/prediction/knn,,
http_req_tls_handshaking,1678217712,0.000000,,,,true,,POST,http://20.210.36.32:8080/prediction/knn,HTTP/1.1,contacts,,200,,,http://20.210.36.32:8080/prediction/knn,,
http_req_sending,1678217712,0.075600,,,,true,,POST,http://20.210.36.32:8080/prediction/knn,HTTP/1.1,contacts,,200,,,http://20.210.36.32:8080/prediction/knn,,
http_req_waiting,1678217712,772.617749,,,,true,,POST,http://20.210.36.32:8080/prediction/knn,HTTP/1.1,contacts,,200,,,http://20.210.36.32:8080/prediction/knn,,
http_req_receiving,1678217712,0.095000,,,,true,,POST,http://20.210.36.32:8080/prediction/knn,HTTP/1.1,contacts,,200,,,http://20.210.36.32:8080/prediction/knn,,
http_req_failed,1678217712,0.000000,,,,true,,POST,http://20.210.36.32:8080/prediction/knn,HTTP/1.1,contacts,,200,,,http://20.210.36.32:8080/prediction/knn,,
responseTime,1678217712,772.788349,,,,,,,,,contacts,,,,,,,
data_sent,1678217712,2088.000000,,,,,,,,,contacts,,,,,,,
data_received,1678217712,199.000000,,,,,,,,,contacts,,,,,,,
iteration_duration,1678217712,775.169760,,,,,,,,,contacts,,,,,,,
iterations,1678217712,1.000000,,,,,,,,,contacts,,,,,,,
http_reqs,1678217712,1.000000,,,,true,,POST,http://20.210.36.32:8080/prediction/knn,HTTP/1.1,contacts,,200,,,http://20.210.36.32:8080/prediction/knn,,
http_req_duration,1678217712,771.968645,,,,true,,POST,http://20.210.36.32:8080/prediction/knn,HTTP/1.1,contacts,,200,,,http://20.210.36.32:8080/prediction/knn,,
http_req_blocked,1678217712,2.011209,,,,true,,POST,http://20.210.36.32:8080/prediction/knn,HTTP/1.1,contacts,,200,,,http://20.210.36.32:8080/prediction/knn,,
http_req_connecting,1678217712,1.957509,,,,true,,POST,http://20.210.36.32:8080/prediction/knn,HTTP/1.1,contacts,,200,,,http://20.210.36.32:8080/prediction/knn,,
http_req_tls_handshaking,1678217712,0.000000,,,,true,,POST,http://20.210.36.32:8080/prediction/knn,HTTP/1.1,contacts,,200,,,http://20.210.36.32:8080/prediction/knn,,
http_req_sending,1678217712,0.102000,,,,true,,POST,http://20.210.36.32:8080/prediction/knn,HTTP/1.1,contacts,,200,,,http://20.210.36.32:8080/prediction/knn,,
http_req_waiting,1678217712,771.778445,,,,true,,POST,http://20.210.36.32:8080/prediction/knn,HTTP/1.1,contacts,,200,,,http://20.210.36.32:8080/prediction/knn,,
http_req_receiving,1678217712,0.088200,,,,true,,POST,http://20.210.36.32:8080/prediction/knn,HTTP/1.1,contacts,,200,,,http://20.210.36.32:8080/prediction/knn,,
http_req_failed,1678217712,0.000000,,,,true,,POST,http://20.210.36.32:8080/prediction/knn,HTTP/1.1,contacts,,200,,,http://20.210.36.32:8080/prediction/knn,,
http_reqs,1678217712,1.000000,,,,true,,POST,http://20.210.36.32:8080/prediction/knn,HTTP/1.1,contacts,,200,,,http://20.210.36.32:8080/prediction/knn,,
http_req_duration,1678217712,781.388990,,,,true,,POST,http://20.210.36.32:8080/prediction/knn,HTTP/1.1,contacts,,200,,,http://20.210.36.32:8080/prediction/knn,,
http_req_blocked,1678217712,2.390111,,,,true,,POST,http://20.210.36.32:8080/prediction/knn,HTTP/1.1,contacts,,200,,,http://20.210.36.32:8080/prediction/knn,,
http_req_connecting,1678217712,2.314611,,,,true,,POST,http://20.210.36.32:8080/prediction/knn,HTTP/1.1,contacts,,200,,,http://20.210.36.32:8080/prediction/knn,,
http_req_tls_handshaking,1678217712,0.000000,,,,true,,POST,http://20.210.36.32:8080/prediction/knn,HTTP/1.1,contacts,,200,,,http://20.210.36.32:8080/prediction/knn,,
http_req_sending,1678217712,0.063100,,,,true,,POST,http://20.210.36.32:8080/prediction/knn,HTTP/1.1,contacts,,200,,,http://20.210.36.32:8080/prediction/knn,,
http_req_waiting,1678217712,781.266489,,,,true,,POST,http://20.210.36.32:8080/prediction/knn,HTTP/1.1,contacts,,200,,,http://20.210.36.32:8080/prediction/knn,,
http_req_receiving,1678217712,0.059401,,,,true,,POST,http://20.210.36.32:8080/prediction/knn,HTTP/1.1,contacts,,200,,,http://20.210.36.32:8080/prediction/knn,,
http_req_failed,1678217712,0.000000,,,,true,,POST,http://20.210.36.32:8080/prediction/knn,HTTP/1.1,contacts,,200,,,http://20.210.36.32:8080/prediction/knn,,
responseTime,1678217712,771.968645,,,,,,,,,contacts,,,,,,,
data_sent,1678217712,2088.000000,,,,,,,,,contacts,,,,,,,
data_received,1678217712,199.000000,,,,,,,,,contacts,,,,,,,
iteration_duration,1678217712,774.716658,,,,,,,,,contacts,,,,,,,
iterations,1678217712,1.000000,,,,,,,,,contacts,,,,,,,
responseTime,1678217712,781.388990,,,,,,,,,contacts,,,,,,,
data_sent,1678217712,2088.000000,,,,,,,,,contacts,,,,,,,
data_received,1678217712,199.000000,,,,,,,,,contacts,,,,,,,
iteration_duration,1678217712,784.664106,,,,,,,,,contacts,,,,,,,
iterations,1678217712,1.000000,,,,,,,,,contacts,,,,,,,
http_reqs,1678217712,1.000000,,,,true,,POST,http://20.210.36.32:8080/prediction/knn,HTTP/1.1,contacts,,200,,,http://20.210.36.32:8080/prediction/knn,,
http_req_duration,1678217712,771.923746,,,,true,,POST,http://20.210.36.32:8080/prediction/knn,HTTP/1.1,contacts,,200,,,http://20.210.36.32:8080/prediction/knn,,
http_req_blocked,1678217712,2.174711,,,,true,,POST,http://20.210.36.32:8080/prediction/knn,HTTP/1.1,contacts,,200,,,http://20.210.36.32:8080/prediction/knn,,
http_req_connecting,1678217712,2.102609,,,,true,,POST,http://20.210.36.32:8080/prediction/knn,HTTP/1.1,contacts,,200,,,http://20.210.36.32:8080/prediction/knn,,
http_req_tls_handshaking,1678217712,0.000000,,,,true,,POST,http://20.210.36.32:8080/prediction/knn,HTTP/1.1,contacts,,200,,,http://20.210.36.32:8080/prediction/knn,,
http_req_sending,1678217712,0.101601,,,,true,,POST,http://20.210.36.32:8080/prediction/knn,HTTP/1.1,contacts,,200,,,http://20.210.36.32:8080/prediction/knn,,
http_req_waiting,1678217712,771.745744,,,,true,,POST,http://20.210.36.32:8080/prediction/knn,HTTP/1.1,contacts,,200,,,http://20.210.36.32:8080/prediction/knn,,
http_req_receiving,1678217712,0.076401,,,,true,,POST,http://20.210.36.32:8080/prediction/knn,HTTP/1.1,contacts,,200,,,http://20.210.36.32:8080/prediction/knn,,
http_req_failed,1678217712,0.000000,,,,true,,POST,http://20.210.36.32:8080/prediction/knn,HTTP/1.1,contacts,,200,,,http://20.210.36.32:8080/prediction/knn,,
responseTime,1678217712,771.923746,,,,,,,,,contacts,,,,,,,
data_sent,1678217712,2088.000000,,,,,,,,,contacts,,,,,,,
data_received,1678217712,199.000000,,,,,,,,,contacts,,,,,,,
iteration_duration,1678217712,774.474857,,,,,,,,,contacts,,,,,,,
iterations,1678217712,1.000000,,,,,,,,,contacts,,,,,,,
http_reqs,1678217712,1.000000,,,,true,,POST,http://20.210.36.32:8080/prediction/knn,HTTP/1.1,contacts,,200,,,http://20.210.36.32:8080/prediction/knn,,
http_req_duration,1678217712,831.332525,,,,true,,POST,http://20.210.36.32:8080/prediction/knn,HTTP/1.1,contacts,,200,,,http://20.210.36.32:8080/prediction/knn,,
http_req_blocked,1678217712,3.959619,,,,true,,POST,http://20.210.36.32:8080/prediction/knn,HTTP/1.1,contacts,,200,,,http://20.210.36.32:8080/prediction/knn,,
http_req_connecting,1678217712,3.904019,,,,true,,POST,http://20.210.36.32:8080/prediction/knn,HTTP/1.1,contacts,,200,,,http://20.210.36.32:8080/prediction/knn,,
http_req_tls_handshaking,1678217712,0.000000,,,,true,,POST,http://20.210.36.32:8080/prediction/knn,HTTP/1.1,contacts,,200,,,http://20.210.36.32:8080/prediction/knn,,
http_req_sending,1678217712,0.066900,,,,true,,POST,http://20.210.36.32:8080/prediction/knn,HTTP/1.1,contacts,,200,,,http://20.210.36.32:8080/prediction/knn,,
http_req_waiting,1678217712,831.218725,,,,true,,POST,http://20.210.36.32:8080/prediction/knn,HTTP/1.1,contacts,,200,,,http://20.210.36.32:8080/prediction/knn,,
http_req_receiving,1678217712,0.046900,,,,true,,POST,http://20.210.36.32:8080/prediction/knn,HTTP/1.1,contacts,,200,,,http://20.210.36.32:8080/prediction/knn,,
http_req_failed,1678217712,0.000000,,,,true,,POST,http://20.210.36.32:8080/prediction/knn,HTTP/1.1,contacts,,200,,,http://20.210.36.32:8080/prediction/knn,,
responseTime,1678217712,831.332525,,,,,,,,,contacts,,,,,,,
data_sent,1678217712,2088.000000,,,,,,,,,contacts,,,,,,,
data_received,1678217712,199.000000,,,,,,,,,contacts,,,,,,,
iteration_duration,1678217712,835.630146,,,,,,,,,contacts,,,,,,,
iterations,1678217712,1.000000,,,,,,,,,contacts,,,,,,,
http_reqs,1678217712,1.000000,,,,true,,POST,http://20.210.36.32:8080/prediction/knn,HTTP/1.1,contacts,,200,,,http://20.210.36.32:8080/prediction/knn,,
http_req_duration,1678217712,762.706202,,,,true,,POST,http://20.210.36.32:8080/prediction/knn,HTTP/1.1,contacts,,200,,,http://20.210.36.32:8080/prediction/knn,,
http_req_blocked,1678217712,2.003910,,,,true,,POST,http://20.210.36.32:8080/prediction/knn,HTTP/1.1,contacts,,200,,,http://20.210.36.32:8080/prediction/knn,,
http_req_connecting,1678217712,1.937309,,,,true,,POST,http://20.210.36.32:8080/prediction/knn,HTTP/1.1,contacts,,200,,,http://20.210.36.32:8080/prediction/knn,,
http_req_tls_handshaking,1678217712,0.000000,,,,true,,POST,http://20.210.36.32:8080/prediction/knn,HTTP/1.1,contacts,,200,,,http://20.210.36.32:8080/prediction/knn,,
http_req_sending,1678217712,0.075801,,,,true,,POST,http://20.210.36.32:8080/prediction/knn,HTTP/1.1,contacts,,200,,,http://20.210.36.32:8080/prediction/knn,,
http_req_waiting,1678217712,762.549201,,,,true,,POST,http://20.210.36.32:8080/prediction/knn,HTTP/1.1,contacts,,200,,,http://20.210.36.32:8080/prediction/knn,,
http_req_receiving,1678217712,0.081200,,,,true,,POST,http://20.210.36.32:8080/prediction/knn,HTTP/1.1,contacts,,200,,,http://20.210.36.32:8080/prediction/knn,,
http_req_failed,1678217712,0.000000,,,,true,,POST,http://20.210.36.32:8080/prediction/knn,HTTP/1.1,contacts,,200,,,http://20.210.36.32:8080/prediction/knn,,
responseTime,1678217712,762.706202,,,,,,,,,contacts,,,,,,,
data_sent,1678217712,2088.000000,,,,,,,,,contacts,,,,,,,
data_received,1678217712,199.000000,,,,,,,,,contacts,,,,,,,
iteration_duration,1678217712,765.333114,,,,,,,,,contacts,,,,,,,
iterations,1678217712,1.000000,,,,,,,,,contacts,,,,,,,
http_reqs,1678217712,1.000000,,,,true,,POST,http://20.210.36.32:8080/prediction/knn,HTTP/1.1,contacts,,200,,,http://20.210.36.32:8080/prediction/knn,,
http_req_duration,1678217712,753.659659,,,,true,,POST,http://20.210.36.32:8080/prediction/knn,HTTP/1.1,contacts,,200,,,http://20.210.36.32:8080/prediction/knn,,
http_req_blocked,1678217712,2.125510,,,,true,,POST,http://20.210.36.32:8080/prediction/knn,HTTP/1.1,contacts,,200,,,http://20.210.36.32:8080/prediction/knn,,
http_req_connecting,1678217712,2.069610,,,,true,,POST,http://20.210.36.32:8080/prediction/knn,HTTP/1.1,contacts,,200,,,http://20.210.36.32:8080/prediction/knn,,
http_req_tls_handshaking,1678217712,0.000000,,,,true,,POST,http://20.210.36.32:8080/prediction/knn,HTTP/1.1,contacts,,200,,,http://20.210.36.32:8080/prediction/knn,,
http_req_sending,1678217712,0.047600,,,,true,,POST,http://20.210.36.32:8080/prediction/knn,HTTP/1.1,contacts,,200,,,http://20.210.36.32:8080/prediction/knn,,
http_req_waiting,1678217712,753.537859,,,,true,,POST,http://20.210.36.32:8080/prediction/knn,HTTP/1.1,contacts,,200,,,http://20.210.36.32:8080/prediction/knn,,
http_req_receiving,1678217712,0.074200,,,,true,,POST,http://20.210.36.32:8080/prediction/knn,HTTP/1.1,contacts,,200,,,http://20.210.36.32:8080/prediction/knn,,
http_req_failed,1678217712,0.000000,,,,true,,POST,http://20.210.36.32:8080/prediction/knn,HTTP/1.1,contacts,,200,,,http://20.210.36.32:8080/prediction/knn,,
responseTime,1678217712,753.659659,,,,,,,,,contacts,,,,,,,
data_sent,1678217712,2088.000000,,,,,,,,,contacts,,,,,,,
data_received,1678217712,199.000000,,,,,,,,,contacts,,,,,,,
iteration_duration,1678217712,756.453673,,,,,,,,,contacts,,,,,,,
iterations,1678217712,1.000000,,,,,,,,,contacts,,,,,,,
http_reqs,1678217712,1.000000,,,,true,,POST,http://20.210.36.32:8080/prediction/knn,HTTP/1.1,contacts,,200,,,http://20.210.36.32:8080/prediction/knn,,
http_req_duration,1678217712,682.716224,,,,true,,POST,http://20.210.36.32:8080/prediction/knn,HTTP/1.1,contacts,,200,,,http://20.210.36.32:8080/prediction/knn,,
http_req_blocked,1678217712,2.431511,,,,true,,POST,http://20.210.36.32:8080/prediction/knn,HTTP/1.1,contacts,,200,,,http://20.210.36.32:8080/prediction/knn,,
http_req_connecting,1678217712,2.368511,,,,true,,POST,http://20.210.36.32:8080/prediction/knn,HTTP/1.1,contacts,,200,,,http://20.210.36.32:8080/prediction/knn,,
http_req_tls_handshaking,1678217712,0.000000,,,,true,,POST,http://20.210.36.32:8080/prediction/knn,HTTP/1.1,contacts,,200,,,http://20.210.36.32:8080/prediction/knn,,
http_req_sending,1678217712,0.035700,,,,true,,POST,http://20.210.36.32:8080/prediction/knn,HTTP/1.1,contacts,,200,,,http://20.210.36.32:8080/prediction/knn,,
http_req_waiting,1678217712,682.589223,,,,true,,POST,http://20.210.36.32:8080/prediction/knn,HTTP/1.1,contacts,,200,,,http://20.210.36.32:8080/prediction/knn,,
http_req_receiving,1678217712,0.091301,,,,true,,POST,http://20.210.36.32:8080/prediction/knn,HTTP/1.1,contacts,,200,,,http://20.210.36.32:8080/prediction/knn,,
http_req_failed,1678217712,0.000000,,,,true,,POST,http://20.210.36.32:8080/prediction/knn,HTTP/1.1,contacts,,200,,,http://20.210.36.32:8080/prediction/knn,,
responseTime,1678217712,682.716224,,,,,,,,,contacts,,,,,,,
data_sent,1678217712,2088.000000,,,,,,,,,contacts,,,,,,,
data_received,1678217712,199.000000,,,,,,,,,contacts,,,,,,,
iteration_duration,1678217712,686.098640,,,,,,,,,contacts,,,,,,,
iterations,1678217712,1.000000,,,,,,,,,contacts,,,,,,,
http_reqs,1678217712,1.000000,,,,true,,POST,http://20.210.36.32:8080/prediction/knn,HTTP/1.1,contacts,,200,,,http://20.210.36.32:8080/prediction/knn,,
http_req_duration,1678217712,763.512605,,,,true,,POST,http://20.210.36.32:8080/prediction/knn,HTTP/1.1,contacts,,200,,,http://20.210.36.32:8080/prediction/knn,,
http_req_blocked,1678217712,1.942009,,,,true,,POST,http://20.210.36.32:8080/prediction/knn,HTTP/1.1,contacts,,200,,,http://20.210.36.32:8080/prediction/knn,,
http_req_connecting,1678217712,1.859509,,,,true,,POST,http://20.210.36.32:8080/prediction/knn,HTTP/1.1,contacts,,200,,,http://20.210.36.32:8080/prediction/knn,,
http_req_tls_handshaking,1678217712,0.000000,,,,true,,POST,http://20.210.36.32:8080/prediction/knn,HTTP/1.1,contacts,,200,,,http://20.210.36.32:8080/prediction/knn,,
http_req_sending,1678217712,0.161501,,,,true,,POST,http://20.210.36.32:8080/prediction/knn,HTTP/1.1,contacts,,200,,,http://20.210.36.32:8080/prediction/knn,,
http_req_waiting,1678217712,763.166903,,,,true,,POST,http://20.210.36.32:8080/prediction/knn,HTTP/1.1,contacts,,200,,,http://20.210.36.32:8080/prediction/knn,,
http_req_receiving,1678217712,0.184201,,,,true,,POST,http://20.210.36.32:8080/prediction/knn,HTTP/1.1,contacts,,200,,,http://20.210.36.32:8080/prediction/knn,,
http_req_failed,1678217712,0.000000,,,,true,,POST,http://20.210.36.32:8080/prediction/knn,HTTP/1.1,contacts,,200,,,http://20.210.36.32:8080/prediction/knn,,
responseTime,1678217712,763.512605,,,,,,,,,contacts,,,,,,,
data_sent,1678217712,2088.000000,,,,,,,,,contacts,,,,,,,
data_received,1678217712,199.000000,,,,,,,,,contacts,,,,,,,
iteration_duration,1678217712,765.930717,,,,,,,,,contacts,,,,,,,
iterations,1678217712,1.000000,,,,,,,,,contacts,,,,,,,
http_reqs,1678217712,1.000000,,,,true,,POST,http://20.210.36.32:8080/prediction/knn,HTTP/1.1,contacts,,200,,,http://20.210.36.32:8080/prediction/knn,,
http_req_duration,1678217712,795.248355,,,,true,,POST,http://20.210.36.32:8080/prediction/knn,HTTP/1.1,contacts,,200,,,http://20.210.36.32:8080/prediction/knn,,
http_req_blocked,1678217712,2.294011,,,,true,,POST,http://20.210.36.32:8080/prediction/knn,HTTP/1.1,contacts,,200,,,http://20.210.36.32:8080/prediction/knn,,
http_req_connecting,1678217712,2.240011,,,,true,,POST,http://20.210.36.32:8080/prediction/knn,HTTP/1.1,contacts,,200,,,http://20.210.36.32:8080/prediction/knn,,
http_req_tls_handshaking,1678217712,0.000000,,,,true,,POST,http://20.210.36.32:8080/prediction/knn,HTTP/1.1,contacts,,200,,,http://20.210.36.32:8080/prediction/knn,,
http_req_sending,1678217712,0.130601,,,,true,,POST,http://20.210.36.32:8080/prediction/knn,HTTP/1.1,contacts,,200,,,http://20.210.36.32:8080/prediction/knn,,
http_req_waiting,1678217712,795.038354,,,,true,,POST,http://20.210.36.32:8080/prediction/knn,HTTP/1.1,contacts,,200,,,http://20.210.36.32:8080/prediction/knn,,
http_req_receiving,1678217712,0.079400,,,,true,,POST,http://20.210.36.32:8080/prediction/knn,HTTP/1.1,contacts,,200,,,http://20.210.36.32:8080/prediction/knn,,
http_req_failed,1678217712,0.000000,,,,true,,POST,http://20.210.36.32:8080/prediction/knn,HTTP/1.1,contacts,,200,,,http://20.210.36.32:8080/prediction/knn,,
responseTime,1678217712,795.248355,,,,,,,,,contacts,,,,,,,
data_sent,1678217712,2088.000000,,,,,,,,,contacts,,,,,,,
data_received,1678217712,199.000000,,,,,,,,,contacts,,,,,,,
iteration_duration,1678217712,798.308370,,,,,,,,,contacts,,,,,,,
iterations,1678217712,1.000000,,,,,,,,,contacts,,,,,,,
http_reqs,1678217712,1.000000,,,,true,,POST,http://20.210.36.32:8080/prediction/knn,HTTP/1.1,contacts,,200,,,http://20.210.36.32:8080/prediction/knn,,
http_req_duration,1678217712,746.048823,,,,true,,POST,http://20.210.36.32:8080/prediction/knn,HTTP/1.1,contacts,,200,,,http://20.210.36.32:8080/prediction/knn,,
http_req_blocked,1678217712,2.319011,,,,true,,POST,http://20.210.36.32:8080/prediction/knn,HTTP/1.1,contacts,,200,,,http://20.210.36.32:8080/prediction/knn,,
http_req_connecting,1678217712,2.229810,,,,true,,POST,http://20.210.36.32:8080/prediction/knn,HTTP/1.1,contacts,,200,,,http://20.210.36.32:8080/prediction/knn,,
http_req_tls_handshaking,1678217712,0.000000,,,,true,,POST,http://20.210.36.32:8080/prediction/knn,HTTP/1.1,contacts,,200,,,http://20.210.36.32:8080/prediction/knn,,
http_req_sending,1678217712,0.065400,,,,true,,POST,http://20.210.36.32:8080/prediction/knn,HTTP/1.1,contacts,,200,,,http://20.210.36.32:8080/prediction/knn,,
http_req_waiting,1678217712,745.823322,,,,true,,POST,http://20.210.36.32:8080/prediction/knn,HTTP/1.1,contacts,,200,,,http://20.210.36.32:8080/prediction/knn,,
http_req_receiving,1678217712,0.160101,,,,true,,POST,http://20.210.36.32:8080/prediction/knn,HTTP/1.1,contacts,,200,,,http://20.210.36.32:8080/prediction/knn,,
http_req_failed,1678217712,0.000000,,,,true,,POST,http://20.210.36.32:8080/prediction/knn,HTTP/1.1,contacts,,200,,,http://20.210.36.32:8080/prediction/knn,,
responseTime,1678217712,746.048823,,,,,,,,,contacts,,,,,,,
data_sent,1678217712,2088.000000,,,,,,,,,contacts,,,,,,,
data_received,1678217712,199.000000,,,,,,,,,contacts,,,,,,,
iteration_duration,1678217712,749.090537,,,,,,,,,contacts,,,,,,,
iterations,1678217712,1.000000,,,,,,,,,contacts,,,,,,,
http_reqs,1678217712,1.000000,,,,true,,POST,http://20.210.36.32:8080/prediction/knn,HTTP/1.1,contacts,,200,,,http://20.210.36.32:8080/prediction/knn,,
http_req_duration,1678217712,645.087246,,,,true,,POST,http://20.210.36.32:8080/prediction/knn,HTTP/1.1,contacts,,200,,,http://20.210.36.32:8080/prediction/knn,,
http_req_blocked,1678217712,2.693013,,,,true,,POST,http://20.210.36.32:8080/prediction/knn,HTTP/1.1,contacts,,200,,,http://20.210.36.32:8080/prediction/knn,,
http_req_connecting,1678217712,2.580412,,,,true,,POST,http://20.210.36.32:8080/prediction/knn,HTTP/1.1,contacts,,200,,,http://20.210.36.32:8080/prediction/knn,,
http_req_tls_handshaking,1678217712,0.000000,,,,true,,POST,http://20.210.36.32:8080/prediction/knn,HTTP/1.1,contacts,,200,,,http://20.210.36.32:8080/prediction/knn,,
http_req_sending,1678217712,0.081700,,,,true,,POST,http://20.210.36.32:8080/prediction/knn,HTTP/1.1,contacts,,200,,,http://20.210.36.32:8080/prediction/knn,,
http_req_waiting,1678217712,644.897946,,,,true,,POST,http://20.210.36.32:8080/prediction/knn,HTTP/1.1,contacts,,200,,,http://20.210.36.32:8080/prediction/knn,,
http_req_receiving,1678217712,0.107600,,,,true,,POST,http://20.210.36.32:8080/prediction/knn,HTTP/1.1,contacts,,200,,,http://20.210.36.32:8080/prediction/knn,,
http_req_failed,1678217712,0.000000,,,,true,,POST,http://20.210.36.32:8080/prediction/knn,HTTP/1.1,contacts,,200,,,http://20.210.36.32:8080/prediction/knn,,
http_reqs,1678217712,1.000000,,,,true,,POST,http://20.210.36.32:8080/prediction/knn,HTTP/1.1,contacts,,200,,,http://20.210.36.32:8080/prediction/knn,,
http_req_duration,1678217712,737.589283,,,,true,,POST,http://20.210.36.32:8080/prediction/knn,HTTP/1.1,contacts,,200,,,http://20.210.36.32:8080/prediction/knn,,
http_req_blocked,1678217712,1.909109,,,,true,,POST,http://20.210.36.32:8080/prediction/knn,HTTP/1.1,contacts,,200,,,http://20.210.36.32:8080/prediction/knn,,
http_req_connecting,1678217712,1.857408,,,,true,,POST,http://20.210.36.32:8080/prediction/knn,HTTP/1.1,contacts,,200,,,http://20.210.36.32:8080/prediction/knn,,
http_req_tls_handshaking,1678217712,0.000000,,,,true,,POST,http://20.210.36.32:8080/prediction/knn,HTTP/1.1,contacts,,200,,,http://20.210.36.32:8080/prediction/knn,,
http_req_sending,1678217712,0.048901,,,,true,,POST,http://20.210.36.32:8080/prediction/knn,HTTP/1.1,contacts,,200,,,http://20.210.36.32:8080/prediction/knn,,
http_req_waiting,1678217712,737.419582,,,,true,,POST,http://20.210.36.32:8080/prediction/knn,HTTP/1.1,contacts,,200,,,http://20.210.36.32:8080/prediction/knn,,
http_req_receiving,1678217712,0.120800,,,,true,,POST,http://20.210.36.32:8080/prediction/knn,HTTP/1.1,contacts,,200,,,http://20.210.36.32:8080/prediction/knn,,
http_req_failed,1678217712,0.000000,,,,true,,POST,http://20.210.36.32:8080/prediction/knn,HTTP/1.1,contacts,,200,,,http://20.210.36.32:8080/prediction/knn,,
responseTime,1678217712,645.087246,,,,,,,,,contacts,,,,,,,
data_sent,1678217712,2088.000000,,,,,,,,,contacts,,,,,,,
data_received,1678217712,199.000000,,,,,,,,,contacts,,,,,,,
iteration_duration,1678217712,648.825763,,,,,,,,,contacts,,,,,,,
iterations,1678217712,1.000000,,,,,,,,,contacts,,,,,,,
responseTime,1678217712,737.589283,,,,,,,,,contacts,,,,,,,
data_sent,1678217712,2088.000000,,,,,,,,,contacts,,,,,,,
data_received,1678217712,199.000000,,,,,,,,,contacts,,,,,,,
iteration_duration,1678217712,740.013995,,,,,,,,,contacts,,,,,,,
iterations,1678217712,1.000000,,,,,,,,,contacts,,,,,,,
http_reqs,1678217712,1.000000,,,,true,,POST,http://20.210.36.32:8080/prediction/knn,HTTP/1.1,contacts,,200,,,http://20.210.36.32:8080/prediction/knn,,
http_req_duration,1678217712,758.239980,,,,true,,POST,http://20.210.36.32:8080/prediction/knn,HTTP/1.1,contacts,,200,,,http://20.210.36.32:8080/prediction/knn,,
http_req_blocked,1678217712,1.951609,,,,true,,POST,http://20.210.36.32:8080/prediction/knn,HTTP/1.1,contacts,,200,,,http://20.210.36.32:8080/prediction/knn,,
http_req_connecting,1678217712,1.881109,,,,true,,POST,http://20.210.36.32:8080/prediction/knn,HTTP/1.1,contacts,,200,,,http://20.210.36.32:8080/prediction/knn,,
http_req_tls_handshaking,1678217712,0.000000,,,,true,,POST,http://20.210.36.32:8080/prediction/knn,HTTP/1.1,contacts,,200,,,http://20.210.36.32:8080/prediction/knn,,
http_req_sending,1678217712,0.068200,,,,true,,POST,http://20.210.36.32:8080/prediction/knn,HTTP/1.1,contacts,,200,,,http://20.210.36.32:8080/prediction/knn,,
http_req_waiting,1678217712,758.061580,,,,true,,POST,http://20.210.36.32:8080/prediction/knn,HTTP/1.1,contacts,,200,,,http://20.210.36.32:8080/prediction/knn,,
http_req_receiving,1678217712,0.110200,,,,true,,POST,http://20.210.36.32:8080/prediction/knn,HTTP/1.1,contacts,,200,,,http://20.210.36.32:8080/prediction/knn,,
http_req_failed,1678217712,0.000000,,,,true,,POST,http://20.210.36.32:8080/prediction/knn,HTTP/1.1,contacts,,200,,,http://20.210.36.32:8080/prediction/knn,,
responseTime,1678217712,758.239980,,,,,,,,,contacts,,,,,,,
data_sent,1678217712,2088.000000,,,,,,,,,contacts,,,,,,,
data_received,1678217712,199.000000,,,,,,,,,contacts,,,,,,,
iteration_duration,1678217712,760.816493,,,,,,,,,contacts,,,,,,,
iterations,1678217712,1.000000,,,,,,,,,contacts,,,,,,,
http_reqs,1678217712,1.000000,,,,true,,POST,http://20.210.36.32:8080/prediction/knn,HTTP/1.1,contacts,,200,,,http://20.210.36.32:8080/prediction/knn,,
http_req_duration,1678217712,765.176614,,,,true,,POST,http://20.210.36.32:8080/prediction/knn,HTTP/1.1,contacts,,200,,,http://20.210.36.32:8080/prediction/knn,,
http_req_blocked,1678217712,2.330612,,,,true,,POST,http://20.210.36.32:8080/prediction/knn,HTTP/1.1,contacts,,200,,,http://20.210.36.32:8080/prediction/knn,,
http_req_connecting,1678217712,2.239110,,,,true,,POST,http://20.210.36.32:8080/prediction/knn,HTTP/1.1,contacts,,200,,,http://20.210.36.32:8080/prediction/knn,,
http_req_tls_handshaking,1678217712,0.000000,,,,true,,POST,http://20.210.36.32:8080/prediction/knn,HTTP/1.1,contacts,,200,,,http://20.210.36.32:8080/prediction/knn,,
http_req_sending,1678217712,0.063701,,,,true,,POST,http://20.210.36.32:8080/prediction/knn,HTTP/1.1,contacts,,200,,,http://20.210.36.32:8080/prediction/knn,,
http_req_waiting,1678217712,764.998912,,,,true,,POST,http://20.210.36.32:8080/prediction/knn,HTTP/1.1,contacts,,200,,,http://20.210.36.32:8080/prediction/knn,,
http_req_receiving,1678217712,0.114001,,,,true,,POST,http://20.210.36.32:8080/prediction/knn,HTTP/1.1,contacts,,200,,,http://20.210.36.32:8080/prediction/knn,,
http_req_failed,1678217712,0.000000,,,,true,,POST,http://20.210.36.32:8080/prediction/knn,HTTP/1.1,contacts,,200,,,http://20.210.36.32:8080/prediction/knn,,
responseTime,1678217712,765.176614,,,,,,,,,contacts,,,,,,,
data_sent,1678217712,2088.000000,,,,,,,,,contacts,,,,,,,
data_received,1678217712,199.000000,,,,,,,,,contacts,,,,,,,
iteration_duration,1678217712,767.905327,,,,,,,,,contacts,,,,,,,
iterations,1678217712,1.000000,,,,,,,,,contacts,,,,,,,
http_reqs,1678217712,1.000000,,,,true,,POST,http://20.210.36.32:8080/prediction/knn,HTTP/1.1,contacts,,200,,,http://20.210.36.32:8080/prediction/knn,,
http_req_duration,1678217712,638.839316,,,,true,,POST,http://20.210.36.32:8080/prediction/knn,HTTP/1.1,contacts,,200,,,http://20.210.36.32:8080/prediction/knn,,
http_req_blocked,1678217712,3.105715,,,,true,,POST,http://20.210.36.32:8080/prediction/knn,HTTP/1.1,contacts,,200,,,http://20.210.36.32:8080/prediction/knn,,
http_req_connecting,1678217712,3.000615,,,,true,,POST,http://20.210.36.32:8080/prediction/knn,HTTP/1.1,contacts,,200,,,http://20.210.36.32:8080/prediction/knn,,
http_req_tls_handshaking,1678217712,0.000000,,,,true,,POST,http://20.210.36.32:8080/prediction/knn,HTTP/1.1,contacts,,200,,,http://20.210.36.32:8080/prediction/knn,,
http_req_sending,1678217712,0.094100,,,,true,,POST,http://20.210.36.32:8080/prediction/knn,HTTP/1.1,contacts,,200,,,http://20.210.36.32:8080/prediction/knn,,
http_req_waiting,1678217712,638.647516,,,,true,,POST,http://20.210.36.32:8080/prediction/knn,HTTP/1.1,contacts,,200,,,http://20.210.36.32:8080/prediction/knn,,
http_req_receiving,1678217712,0.097700,,,,true,,POST,http://20.210.36.32:8080/prediction/knn,HTTP/1.1,contacts,,200,,,http://20.210.36.32:8080/prediction/knn,,
http_req_failed,1678217712,0.000000,,,,true,,POST,http://20.210.36.32:8080/prediction/knn,HTTP/1.1,contacts,,200,,,http://20.210.36.32:8080/prediction/knn,,
responseTime,1678217712,638.839316,,,,,,,,,contacts,,,,,,,
data_sent,1678217712,2088.000000,,,,,,,,,contacts,,,,,,,
data_received,1678217712,199.000000,,,,,,,,,contacts,,,,,,,
iteration_duration,1678217712,642.471334,,,,,,,,,contacts,,,,,,,
iterations,1678217712,1.000000,,,,,,,,,contacts,,,,,,,
http_reqs,1678217712,1.000000,,,,true,,POST,http://20.210.36.32:8080/prediction/knn,HTTP/1.1,contacts,,200,,,http://20.210.36.32:8080/prediction/knn,,
http_req_duration,1678217712,612.995194,,,,true,,POST,http://20.210.36.32:8080/prediction/knn,HTTP/1.1,contacts,,200,,,http://20.210.36.32:8080/prediction/knn,,
http_req_blocked,1678217712,2.438812,,,,true,,POST,http://20.210.36.32:8080/prediction/knn,HTTP/1.1,contacts,,200,,,http://20.210.36.32:8080/prediction/knn,,
http_req_connecting,1678217712,2.364512,,,,true,,POST,http://20.210.36.32:8080/prediction/knn,HTTP/1.1,contacts,,200,,,http://20.210.36.32:8080/prediction/knn,,
http_req_tls_handshaking,1678217712,0.000000,,,,true,,POST,http://20.210.36.32:8080/prediction/knn,HTTP/1.1,contacts,,200,,,http://20.210.36.32:8080/prediction/knn,,
http_req_sending,1678217712,0.068500,,,,true,,POST,http://20.210.36.32:8080/prediction/knn,HTTP/1.1,contacts,,200,,,http://20.210.36.32:8080/prediction/knn,,
http_req_waiting,1678217712,609.906980,,,,true,,POST,http://20.210.36.32:8080/prediction/knn,HTTP/1.1,contacts,,200,,,http://20.210.36.32:8080/prediction/knn,,
http_req_receiving,1678217712,3.019714,,,,true,,POST,http://20.210.36.32:8080/prediction/knn,HTTP/1.1,contacts,,200,,,http://20.210.36.32:8080/prediction/knn,,
http_req_failed,1678217712,0.000000,,,,true,,POST,http://20.210.36.32:8080/prediction/knn,HTTP/1.1,contacts,,200,,,http://20.210.36.32:8080/prediction/knn,,
responseTime,1678217712,612.995194,,,,,,,,,contacts,,,,,,,
data_sent,1678217712,2088.000000,,,,,,,,,contacts,,,,,,,
data_received,1678217712,199.000000,,,,,,,,,contacts,,,,,,,
iteration_duration,1678217712,615.844008,,,,,,,,,contacts,,,,,,,
iterations,1678217712,1.000000,,,,,,,,,contacts,,,,,,,
vus,1678217712,39.000000,,,,,,,,,,,,,,,,
vus_max,1678217712,100.000000,,,,,,,,,,,,,,,,
http_reqs,1678217712,1.000000,,,,true,,POST,http://20.210.36.32:8080/prediction/knn,HTTP/1.1,contacts,,200,,,http://20.210.36.32:8080/prediction/knn,,
http_req_duration,1678217712,659.736816,,,,true,,POST,http://20.210.36.32:8080/prediction/knn,HTTP/1.1,contacts,,200,,,http://20.210.36.32:8080/prediction/knn,,
http_req_blocked,1678217712,2.408712,,,,true,,POST,http://20.210.36.32:8080/prediction/knn,HTTP/1.1,contacts,,200,,,http://20.210.36.32:8080/prediction/knn,,
http_req_connecting,1678217712,2.288810,,,,true,,POST,http://20.210.36.32:8080/prediction/knn,HTTP/1.1,contacts,,200,,,http://20.210.36.32:8080/prediction/knn,,
http_req_tls_handshaking,1678217712,0.000000,,,,true,,POST,http://20.210.36.32:8080/prediction/knn,HTTP/1.1,contacts,,200,,,http://20.210.36.32:8080/prediction/knn,,
http_req_sending,1678217712,0.136701,,,,true,,POST,http://20.210.36.32:8080/prediction/knn,HTTP/1.1,contacts,,200,,,http://20.210.36.32:8080/prediction/knn,,
http_req_waiting,1678217712,659.464714,,,,true,,POST,http://20.210.36.32:8080/prediction/knn,HTTP/1.1,contacts,,200,,,http://20.210.36.32:8080/prediction/knn,,
http_req_receiving,1678217712,0.135401,,,,true,,POST,http://20.210.36.32:8080/prediction/knn,HTTP/1.1,contacts,,200,,,http://20.210.36.32:8080/prediction/knn,,
http_req_failed,1678217712,0.000000,,,,true,,POST,http://20.210.36.32:8080/prediction/knn,HTTP/1.1,contacts,,200,,,http://20.210.36.32:8080/prediction/knn,,
responseTime,1678217712,659.736816,,,,,,,,,contacts,,,,,,,
data_sent,1678217712,2088.000000,,,,,,,,,contacts,,,,,,,
data_received,1678217712,199.000000,,,,,,,,,contacts,,,,,,,
iteration_duration,1678217712,662.603329,,,,,,,,,contacts,,,,,,,
iterations,1678217712,1.000000,,,,,,,,,contacts,,,,,,,
http_reqs,1678217712,1.000000,,,,true,,POST,http://20.210.36.32:8080/prediction/knn,HTTP/1.1,contacts,,200,,,http://20.210.36.32:8080/prediction/knn,,
http_req_duration,1678217712,637.162309,,,,true,,POST,http://20.210.36.32:8080/prediction/knn,HTTP/1.1,contacts,,200,,,http://20.210.36.32:8080/prediction/knn,,
http_req_blocked,1678217712,2.057610,,,,true,,POST,http://20.210.36.32:8080/prediction/knn,HTTP/1.1,contacts,,200,,,http://20.210.36.32:8080/prediction/knn,,
http_req_connecting,1678217712,2.000110,,,,true,,POST,http://20.210.36.32:8080/prediction/knn,HTTP/1.1,contacts,,200,,,http://20.210.36.32:8080/prediction/knn,,
http_req_tls_handshaking,1678217712,0.000000,,,,true,,POST,http://20.210.36.32:8080/prediction/knn,HTTP/1.1,contacts,,200,,,http://20.210.36.32:8080/prediction/knn,,
http_req_sending,1678217712,0.040000,,,,true,,POST,http://20.210.36.32:8080/prediction/knn,HTTP/1.1,contacts,,200,,,http://20.210.36.32:8080/prediction/knn,,
http_req_waiting,1678217712,636.897008,,,,true,,POST,http://20.210.36.32:8080/prediction/knn,HTTP/1.1,contacts,,200,,,http://20.210.36.32:8080/prediction/knn,,
http_req_receiving,1678217712,0.225301,,,,true,,POST,http://20.210.36.32:8080/prediction/knn,HTTP/1.1,contacts,,200,,,http://20.210.36.32:8080/prediction/knn,,
http_req_failed,1678217712,0.000000,,,,true,,POST,http://20.210.36.32:8080/prediction/knn,HTTP/1.1,contacts,,200,,,http://20.210.36.32:8080/prediction/knn,,
responseTime,1678217712,637.162309,,,,,,,,,contacts,,,,,,,
data_sent,1678217712,2088.000000,,,,,,,,,contacts,,,,,,,
data_received,1678217712,199.000000,,,,,,,,,contacts,,,,,,,
iteration_duration,1678217712,639.762821,,,,,,,,,contacts,,,,,,,
iterations,1678217712,1.000000,,,,,,,,,contacts,,,,,,,
http_reqs,1678217712,1.000000,,,,true,,POST,http://20.210.36.32:8080/prediction/knn,HTTP/1.1,contacts,,200,,,http://20.210.36.32:8080/prediction/knn,,
http_req_duration,1678217712,652.944183,,,,true,,POST,http://20.210.36.32:8080/prediction/knn,HTTP/1.1,contacts,,200,,,http://20.210.36.32:8080/prediction/knn,,
http_req_blocked,1678217712,2.279210,,,,true,,POST,http://20.210.36.32:8080/prediction/knn,HTTP/1.1,contacts,,200,,,http://20.210.36.32:8080/prediction/knn,,
http_req_connecting,1678217712,2.204310,,,,true,,POST,http://20.210.36.32:8080/prediction/knn,HTTP/1.1,contacts,,200,,,http://20.210.36.32:8080/prediction/knn,,
http_req_tls_handshaking,1678217712,0.000000,,,,true,,POST,http://20.210.36.32:8080/prediction/knn,HTTP/1.1,contacts,,200,,,http://20.210.36.32:8080/prediction/knn,,
http_req_sending,1678217712,0.066200,,,,true,,POST,http://20.210.36.32:8080/prediction/knn,HTTP/1.1,contacts,,200,,,http://20.210.36.32:8080/prediction/knn,,
http_req_waiting,1678217712,652.785983,,,,true,,POST,http://20.210.36.32:8080/prediction/knn,HTTP/1.1,contacts,,200,,,http://20.210.36.32:8080/prediction/knn,,
http_req_receiving,1678217712,0.092000,,,,true,,POST,http://20.210.36.32:8080/prediction/knn,HTTP/1.1,contacts,,200,,,http://20.210.36.32:8080/prediction/knn,,
http_req_failed,1678217712,0.000000,,,,true,,POST,http://20.210.36.32:8080/prediction/knn,HTTP/1.1,contacts,,200,,,http://20.210.36.32:8080/prediction/knn,,
responseTime,1678217712,652.944183,,,,,,,,,contacts,,,,,,,
data_sent,1678217712,2088.000000,,,,,,,,,contacts,,,,,,,
data_received,1678217712,199.000000,,,,,,,,,contacts,,,,,,,
iteration_duration,1678217712,655.635596,,,,,,,,,contacts,,,,,,,
iterations,1678217712,1.000000,,,,,,,,,contacts,,,,,,,
http_reqs,1678217712,1.000000,,,,true,,POST,http://20.210.36.32:8080/prediction/knn,HTTP/1.1,contacts,,200,,,http://20.210.36.32:8080/prediction/knn,,
http_req_duration,1678217712,742.754107,,,,true,,POST,http://20.210.36.32:8080/prediction/knn,HTTP/1.1,contacts,,200,,,http://20.210.36.32:8080/prediction/knn,,
http_req_blocked,1678217712,2.187310,,,,true,,POST,http://20.210.36.32:8080/prediction/knn,HTTP/1.1,contacts,,200,,,http://20.210.36.32:8080/prediction/knn,,
http_req_connecting,1678217712,2.099710,,,,true,,POST,http://20.210.36.32:8080/prediction/knn,HTTP/1.1,contacts,,200,,,http://20.210.36.32:8080/prediction/knn,,
http_req_tls_handshaking,1678217712,0.000000,,,,true,,POST,http://20.210.36.32:8080/prediction/knn,HTTP/1.1,contacts,,200,,,http://20.210.36.32:8080/prediction/knn,,
http_req_sending,1678217712,0.063000,,,,true,,POST,http://20.210.36.32:8080/prediction/knn,HTTP/1.1,contacts,,200,,,http://20.210.36.32:8080/prediction/knn,,
http_req_waiting,1678217712,739.109890,,,,true,,POST,http://20.210.36.32:8080/prediction/knn,HTTP/1.1,contacts,,200,,,http://20.210.36.32:8080/prediction/knn,,
http_req_receiving,1678217712,3.581217,,,,true,,POST,http://20.210.36.32:8080/prediction/knn,HTTP/1.1,contacts,,200,,,http://20.210.36.32:8080/prediction/knn,,
http_req_failed,1678217712,0.000000,,,,true,,POST,http://20.210.36.32:8080/prediction/knn,HTTP/1.1,contacts,,200,,,http://20.210.36.32:8080/prediction/knn,,
responseTime,1678217712,742.754107,,,,,,,,,contacts,,,,,,,
data_sent,1678217712,2088.000000,,,,,,,,,contacts,,,,,,,
data_received,1678217712,199.000000,,,,,,,,,contacts,,,,,,,
iteration_duration,1678217712,745.337119,,,,,,,,,contacts,,,,,,,
iterations,1678217712,1.000000,,,,,,,,,contacts,,,,,,,
http_reqs,1678217712,1.000000,,,,true,,POST,http://20.210.36.32:8080/prediction/knn,HTTP/1.1,contacts,,200,,,http://20.210.36.32:8080/prediction/knn,,
http_req_duration,1678217712,795.562157,,,,true,,POST,http://20.210.36.32:8080/prediction/knn,HTTP/1.1,contacts,,200,,,http://20.210.36.32:8080/prediction/knn,,
http_req_blocked,1678217712,2.228211,,,,true,,POST,http://20.210.36.32:8080/prediction/knn,HTTP/1.1,contacts,,200,,,http://20.210.36.32:8080/prediction/knn,,
http_req_connecting,1678217712,2.164210,,,,true,,POST,http://20.210.36.32:8080/prediction/knn,HTTP/1.1,contacts,,200,,,http://20.210.36.32:8080/prediction/knn,,
http_req_tls_handshaking,1678217712,0.000000,,,,true,,POST,http://20.210.36.32:8080/prediction/knn,HTTP/1.1,contacts,,200,,,http://20.210.36.32:8080/prediction/knn,,
http_req_sending,1678217712,0.042500,,,,true,,POST,http://20.210.36.32:8080/prediction/knn,HTTP/1.1,contacts,,200,,,http://20.210.36.32:8080/prediction/knn,,
http_req_waiting,1678217712,795.288656,,,,true,,POST,http://20.210.36.32:8080/prediction/knn,HTTP/1.1,contacts,,200,,,http://20.210.36.32:8080/prediction/knn,,
http_req_receiving,1678217712,0.231001,,,,true,,POST,http://20.210.36.32:8080/prediction/knn,HTTP/1.1,contacts,,200,,,http://20.210.36.32:8080/prediction/knn,,
http_req_failed,1678217712,0.000000,,,,true,,POST,http://20.210.36.32:8080/prediction/knn,HTTP/1.1,contacts,,200,,,http://20.210.36.32:8080/prediction/knn,,
responseTime,1678217712,795.562157,,,,,,,,,contacts,,,,,,,
data_sent,1678217712,2088.000000,,,,,,,,,contacts,,,,,,,
data_received,1678217712,199.000000,,,,,,,,,contacts,,,,,,,
iteration_duration,1678217712,798.262970,,,,,,,,,contacts,,,,,,,
iterations,1678217712,1.000000,,,,,,,,,contacts,,,,,,,
http_reqs,1678217712,1.000000,,,,true,,POST,http://20.210.36.32:8080/prediction/knn,HTTP/1.1,contacts,,200,,,http://20.210.36.32:8080/prediction/knn,,
http_req_duration,1678217712,735.923775,,,,true,,POST,http://20.210.36.32:8080/prediction/knn,HTTP/1.1,contacts,,200,,,http://20.210.36.32:8080/prediction/knn,,
http_req_blocked,1678217712,2.129910,,,,true,,POST,http://20.210.36.32:8080/prediction/knn,HTTP/1.1,contacts,,200,,,http://20.210.36.32:8080/prediction/knn,,
http_req_connecting,1678217712,2.037110,,,,true,,POST,http://20.210.36.32:8080/prediction/knn,HTTP/1.1,contacts,,200,,,http://20.210.36.32:8080/prediction/knn,,
http_req_tls_handshaking,1678217712,0.000000,,,,true,,POST,http://20.210.36.32:8080/prediction/knn,HTTP/1.1,contacts,,200,,,http://20.210.36.32:8080/prediction/knn,,
http_req_sending,1678217712,0.059900,,,,true,,POST,http://20.210.36.32:8080/prediction/knn,HTTP/1.1,contacts,,200,,,http://20.210.36.32:8080/prediction/knn,,
http_req_waiting,1678217712,735.751475,,,,true,,POST,http://20.210.36.32:8080/prediction/knn,HTTP/1.1,contacts,,200,,,http://20.210.36.32:8080/prediction/knn,,
http_req_receiving,1678217712,0.112400,,,,true,,POST,http://20.210.36.32:8080/prediction/knn,HTTP/1.1,contacts,,200,,,http://20.210.36.32:8080/prediction/knn,,
http_req_failed,1678217712,0.000000,,,,true,,POST,http://20.210.36.32:8080/prediction/knn,HTTP/1.1,contacts,,200,,,http://20.210.36.32:8080/prediction/knn,,
responseTime,1678217712,735.923775,,,,,,,,,contacts,,,,,,,
data_sent,1678217712,2088.000000,,,,,,,,,contacts,,,,,,,
data_received,1678217712,199.000000,,,,,,,,,contacts,,,,,,,
iteration_duration,1678217712,738.458387,,,,,,,,,contacts,,,,,,,
iterations,1678217712,1.000000,,,,,,,,,contacts,,,,,,,
http_reqs,1678217712,1.000000,,,,true,,POST,http://20.210.36.32:8080/prediction/knn,HTTP/1.1,contacts,,200,,,http://20.210.36.32:8080/prediction/knn,,
http_req_duration,1678217712,847.647203,,,,true,,POST,http://20.210.36.32:8080/prediction/knn,HTTP/1.1,contacts,,200,,,http://20.210.36.32:8080/prediction/knn,,
http_req_blocked,1678217712,2.069009,,,,true,,POST,http://20.210.36.32:8080/prediction/knn,HTTP/1.1,contacts,,200,,,http://20.210.36.32:8080/prediction/knn,,
http_req_connecting,1678217712,1.999809,,,,true,,POST,http://20.210.36.32:8080/prediction/knn,HTTP/1.1,contacts,,200,,,http://20.210.36.32:8080/prediction/knn,,
http_req_tls_handshaking,1678217712,0.000000,,,,true,,POST,http://20.210.36.32:8080/prediction/knn,HTTP/1.1,contacts,,200,,,http://20.210.36.32:8080/prediction/knn,,
http_req_sending,1678217712,0.059901,,,,true,,POST,http://20.210.36.32:8080/prediction/knn,HTTP/1.1,contacts,,200,,,http://20.210.36.32:8080/prediction/knn,,
http_req_waiting,1678217712,847.508302,,,,true,,POST,http://20.210.36.32:8080/prediction/knn,HTTP/1.1,contacts,,200,,,http://20.210.36.32:8080/prediction/knn,,
http_req_receiving,1678217712,0.079000,,,,true,,POST,http://20.210.36.32:8080/prediction/knn,HTTP/1.1,contacts,,200,,,http://20.210.36.32:8080/prediction/knn,,
http_req_failed,1678217712,0.000000,,,,true,,POST,http://20.210.36.32:8080/prediction/knn,HTTP/1.1,contacts,,200,,,http://20.210.36.32:8080/prediction/knn,,
responseTime,1678217712,847.647203,,,,,,,,,contacts,,,,,,,
data_sent,1678217712,2088.000000,,,,,,,,,contacts,,,,,,,
data_received,1678217712,199.000000,,,,,,,,,contacts,,,,,,,
iteration_duration,1678217712,850.076114,,,,,,,,,contacts,,,,,,,
iterations,1678217712,1.000000,,,,,,,,,contacts,,,,,,,
http_reqs,1678217712,1.000000,,,,true,,POST,http://20.210.36.32:8080/prediction/knn,HTTP/1.1,contacts,,200,,,http://20.210.36.32:8080/prediction/knn,,
http_req_duration,1678217712,794.184051,,,,true,,POST,http://20.210.36.32:8080/prediction/knn,HTTP/1.1,contacts,,200,,,http://20.210.36.32:8080/prediction/knn,,
http_req_blocked,1678217712,2.136710,,,,true,,POST,http://20.210.36.32:8080/prediction/knn,HTTP/1.1,contacts,,200,,,http://20.210.36.32:8080/prediction/knn,,
http_req_connecting,1678217712,2.030709,,,,true,,POST,http://20.210.36.32:8080/prediction/knn,HTTP/1.1,contacts,,200,,,http://20.210.36.32:8080/prediction/knn,,
http_req_tls_handshaking,1678217712,0.000000,,,,true,,POST,http://20.210.36.32:8080/prediction/knn,HTTP/1.1,contacts,,200,,,http://20.210.36.32:8080/prediction/knn,,
http_req_sending,1678217712,0.052501,,,,true,,POST,http://20.210.36.32:8080/prediction/knn,HTTP/1.1,contacts,,200,,,http://20.210.36.32:8080/prediction/knn,,
http_req_waiting,1678217712,794.025649,,,,true,,POST,http://20.210.36.32:8080/prediction/knn,HTTP/1.1,contacts,,200,,,http://20.210.36.32:8080/prediction/knn,,
http_req_receiving,1678217712,0.105901,,,,true,,POST,http://20.210.36.32:8080/prediction/knn,HTTP/1.1,contacts,,200,,,http://20.210.36.32:8080/prediction/knn,,
http_req_failed,1678217712,0.000000,,,,true,,POST,http://20.210.36.32:8080/prediction/knn,HTTP/1.1,contacts,,200,,,http://20.210.36.32:8080/prediction/knn,,
responseTime,1678217712,794.184051,,,,,,,,,contacts,,,,,,,
data_sent,1678217712,2088.000000,,,,,,,,,contacts,,,,,,,
data_received,1678217712,199.000000,,,,,,,,,contacts,,,,,,,
iteration_duration,1678217712,796.832663,,,,,,,,,contacts,,,,,,,
iterations,1678217712,1.000000,,,,,,,,,contacts,,,,,,,
http_reqs,1678217712,1.000000,,,,true,,POST,http://20.210.36.32:8080/prediction/knn,HTTP/1.1,contacts,,200,,,http://20.210.36.32:8080/prediction/knn,,
http_req_duration,1678217712,710.284454,,,,true,,POST,http://20.210.36.32:8080/prediction/knn,HTTP/1.1,contacts,,200,,,http://20.210.36.32:8080/prediction/knn,,
http_req_blocked,1678217712,2.399811,,,,true,,POST,http://20.210.36.32:8080/prediction/knn,HTTP/1.1,contacts,,200,,,http://20.210.36.32:8080/prediction/knn,,
http_req_connecting,1678217712,2.324911,,,,true,,POST,http://20.210.36.32:8080/prediction/knn,HTTP/1.1,contacts,,200,,,http://20.210.36.32:8080/prediction/knn,,
http_req_tls_handshaking,1678217712,0.000000,,,,true,,POST,http://20.210.36.32:8080/prediction/knn,HTTP/1.1,contacts,,200,,,http://20.210.36.32:8080/prediction/knn,,
http_req_sending,1678217712,0.048300,,,,true,,POST,http://20.210.36.32:8080/prediction/knn,HTTP/1.1,contacts,,200,,,http://20.210.36.32:8080/prediction/knn,,
http_req_waiting,1678217712,710.146654,,,,true,,POST,http://20.210.36.32:8080/prediction/knn,HTTP/1.1,contacts,,200,,,http://20.210.36.32:8080/prediction/knn,,
http_req_receiving,1678217712,0.089500,,,,true,,POST,http://20.210.36.32:8080/prediction/knn,HTTP/1.1,contacts,,200,,,http://20.210.36.32:8080/prediction/knn,,
http_req_failed,1678217712,0.000000,,,,true,,POST,http://20.210.36.32:8080/prediction/knn,HTTP/1.1,contacts,,200,,,http://20.210.36.32:8080/prediction/knn,,
responseTime,1678217712,710.284454,,,,,,,,,contacts,,,,,,,
data_sent,1678217712,2088.000000,,,,,,,,,contacts,,,,,,,
data_received,1678217712,199.000000,,,,,,,,,contacts,,,,,,,
iteration_duration,1678217712,713.360668,,,,,,,,,contacts,,,,,,,
iterations,1678217712,1.000000,,,,,,,,,contacts,,,,,,,
http_reqs,1678217712,1.000000,,,,true,,POST,http://20.210.36.32:8080/prediction/knn,HTTP/1.1,contacts,,200,,,http://20.210.36.32:8080/prediction/knn,,
http_req_duration,1678217712,674.454385,,,,true,,POST,http://20.210.36.32:8080/prediction/knn,HTTP/1.1,contacts,,200,,,http://20.210.36.32:8080/prediction/knn,,
http_req_blocked,1678217712,5.048824,,,,true,,POST,http://20.210.36.32:8080/prediction/knn,HTTP/1.1,contacts,,200,,,http://20.210.36.32:8080/prediction/knn,,
http_req_connecting,1678217712,4.983724,,,,true,,POST,http://20.210.36.32:8080/prediction/knn,HTTP/1.1,contacts,,200,,,http://20.210.36.32:8080/prediction/knn,,
http_req_tls_handshaking,1678217712,0.000000,,,,true,,POST,http://20.210.36.32:8080/prediction/knn,HTTP/1.1,contacts,,200,,,http://20.210.36.32:8080/prediction/knn,,
http_req_sending,1678217712,0.054200,,,,true,,POST,http://20.210.36.32:8080/prediction/knn,HTTP/1.1,contacts,,200,,,http://20.210.36.32:8080/prediction/knn,,
http_req_waiting,1678217712,674.304484,,,,true,,POST,http://20.210.36.32:8080/prediction/knn,HTTP/1.1,contacts,,200,,,http://20.210.36.32:8080/prediction/knn,,
http_req_receiving,1678217712,0.095701,,,,true,,POST,http://20.210.36.32:8080/prediction/knn,HTTP/1.1,contacts,,200,,,http://20.210.36.32:8080/prediction/knn,,
http_req_failed,1678217712,0.000000,,,,true,,POST,http://20.210.36.32:8080/prediction/knn,HTTP/1.1,contacts,,200,,,http://20.210.36.32:8080/prediction/knn,,
responseTime,1678217712,674.454385,,,,,,,,,contacts,,,,,,,
data_sent,1678217712,2088.000000,,,,,,,,,contacts,,,,,,,
data_received,1678217712,199.000000,,,,,,,,,contacts,,,,,,,
iteration_duration,1678217712,680.465413,,,,,,,,,contacts,,,,,,,
iterations,1678217712,1.000000,,,,,,,,,contacts,,,,,,,
http_reqs,1678217712,1.000000,,,,true,,POST,http://20.210.36.32:8080/prediction/knn,HTTP/1.1,contacts,,200,,,http://20.210.36.32:8080/prediction/knn,,
http_req_duration,1678217712,739.806994,,,,true,,POST,http://20.210.36.32:8080/prediction/knn,HTTP/1.1,contacts,,200,,,http://20.210.36.32:8080/prediction/knn,,
http_req_blocked,1678217712,2.314711,,,,true,,POST,http://20.210.36.32:8080/prediction/knn,HTTP/1.1,contacts,,200,,,http://20.210.36.32:8080/prediction/knn,,
http_req_connecting,1678217712,2.157110,,,,true,,POST,http://20.210.36.32:8080/prediction/knn,HTTP/1.1,contacts,,200,,,http://20.210.36.32:8080/prediction/knn,,
http_req_tls_handshaking,1678217712,0.000000,,,,true,,POST,http://20.210.36.32:8080/prediction/knn,HTTP/1.1,contacts,,200,,,http://20.210.36.32:8080/prediction/knn,,
http_req_sending,1678217712,0.133401,,,,true,,POST,http://20.210.36.32:8080/prediction/knn,HTTP/1.1,contacts,,200,,,http://20.210.36.32:8080/prediction/knn,,
http_req_waiting,1678217712,739.610692,,,,true,,POST,http://20.210.36.32:8080/prediction/knn,HTTP/1.1,contacts,,200,,,http://20.210.36.32:8080/prediction/knn,,
http_req_receiving,1678217712,0.062901,,,,true,,POST,http://20.210.36.32:8080/prediction/knn,HTTP/1.1,contacts,,200,,,http://20.210.36.32:8080/prediction/knn,,
http_req_failed,1678217712,0.000000,,,,true,,POST,http://20.210.36.32:8080/prediction/knn,HTTP/1.1,contacts,,200,,,http://20.210.36.32:8080/prediction/knn,,
responseTime,1678217712,739.806994,,,,,,,,,contacts,,,,,,,
data_sent,1678217712,2088.000000,,,,,,,,,contacts,,,,,,,
data_received,1678217712,199.000000,,,,,,,,,contacts,,,,,,,
iteration_duration,1678217712,742.531506,,,,,,,,,contacts,,,,,,,
iterations,1678217712,1.000000,,,,,,,,,contacts,,,,,,,
http_reqs,1678217712,1.000000,,,,true,,POST,http://20.210.36.32:8080/prediction/knn,HTTP/1.1,contacts,,200,,,http://20.210.36.32:8080/prediction/knn,,
http_req_duration,1678217712,694.812481,,,,true,,POST,http://20.210.36.32:8080/prediction/knn,HTTP/1.1,contacts,,200,,,http://20.210.36.32:8080/prediction/knn,,
http_req_blocked,1678217712,2.208211,,,,true,,POST,http://20.210.36.32:8080/prediction/knn,HTTP/1.1,contacts,,200,,,http://20.210.36.32:8080/prediction/knn,,
http_req_connecting,1678217712,2.148010,,,,true,,POST,http://20.210.36.32:8080/prediction/knn,HTTP/1.1,contacts,,200,,,http://20.210.36.32:8080/prediction/knn,,
http_req_tls_handshaking,1678217712,0.000000,,,,true,,POST,http://20.210.36.32:8080/prediction/knn,HTTP/1.1,contacts,,200,,,http://20.210.36.32:8080/prediction/knn,,
http_req_sending,1678217712,0.058901,,,,true,,POST,http://20.210.36.32:8080/prediction/knn,HTTP/1.1,contacts,,200,,,http://20.210.36.32:8080/prediction/knn,,
http_req_waiting,1678217712,693.493774,,,,true,,POST,http://20.210.36.32:8080/prediction/knn,HTTP/1.1,contacts,,200,,,http://20.210.36.32:8080/prediction/knn,,
http_req_receiving,1678217712,1.259806,,,,true,,POST,http://20.210.36.32:8080/prediction/knn,HTTP/1.1,contacts,,200,,,http://20.210.36.32:8080/prediction/knn,,
http_req_failed,1678217712,0.000000,,,,true,,POST,http://20.210.36.32:8080/prediction/knn,HTTP/1.1,contacts,,200,,,http://20.210.36.32:8080/prediction/knn,,
http_reqs,1678217712,1.000000,,,,true,,POST,http://20.210.36.32:8080/prediction/knn,HTTP/1.1,contacts,,200,,,http://20.210.36.32:8080/prediction/knn,,
http_req_duration,1678217712,671.490270,,,,true,,POST,http://20.210.36.32:8080/prediction/knn,HTTP/1.1,contacts,,200,,,http://20.210.36.32:8080/prediction/knn,,
http_req_blocked,1678217712,6.054529,,,,true,,POST,http://20.210.36.32:8080/prediction/knn,HTTP/1.1,contacts,,200,,,http://20.210.36.32:8080/prediction/knn,,
http_req_connecting,1678217712,5.963429,,,,true,,POST,http://20.210.36.32:8080/prediction/knn,HTTP/1.1,contacts,,200,,,http://20.210.36.32:8080/prediction/knn,,
http_req_tls_handshaking,1678217712,0.000000,,,,true,,POST,http://20.210.36.32:8080/prediction/knn,HTTP/1.1,contacts,,200,,,http://20.210.36.32:8080/prediction/knn,,
http_req_sending,1678217712,0.119000,,,,true,,POST,http://20.210.36.32:8080/prediction/knn,HTTP/1.1,contacts,,200,,,http://20.210.36.32:8080/prediction/knn,,
http_req_waiting,1678217712,671.282270,,,,true,,POST,http://20.210.36.32:8080/prediction/knn,HTTP/1.1,contacts,,200,,,http://20.210.36.32:8080/prediction/knn,,
http_req_receiving,1678217712,0.089000,,,,true,,POST,http://20.210.36.32:8080/prediction/knn,HTTP/1.1,contacts,,200,,,http://20.210.36.32:8080/prediction/knn,,
http_req_failed,1678217712,0.000000,,,,true,,POST,http://20.210.36.32:8080/prediction/knn,HTTP/1.1,contacts,,200,,,http://20.210.36.32:8080/prediction/knn,,
responseTime,1678217712,671.490270,,,,,,,,,contacts,,,,,,,
data_sent,1678217712,2088.000000,,,,,,,,,contacts,,,,,,,
data_received,1678217712,199.000000,,,,,,,,,contacts,,,,,,,
iteration_duration,1678217712,677.869901,,,,,,,,,contacts,,,,,,,
iterations,1678217712,1.000000,,,,,,,,,contacts,,,,,,,
responseTime,1678217712,694.812481,,,,,,,,,contacts,,,,,,,
data_sent,1678217712,2088.000000,,,,,,,,,contacts,,,,,,,
data_received,1678217712,199.000000,,,,,,,,,contacts,,,,,,,
iteration_duration,1678217712,698.101897,,,,,,,,,contacts,,,,,,,
iterations,1678217712,1.000000,,,,,,,,,contacts,,,,,,,
http_reqs,1678217712,1.000000,,,,true,,POST,http://20.210.36.32:8080/prediction/knn,HTTP/1.1,contacts,,200,,,http://20.210.36.32:8080/prediction/knn,,
http_req_duration,1678217712,810.118325,,,,true,,POST,http://20.210.36.32:8080/prediction/knn,HTTP/1.1,contacts,,200,,,http://20.210.36.32:8080/prediction/knn,,
http_req_blocked,1678217712,2.574813,,,,true,,POST,http://20.210.36.32:8080/prediction/knn,HTTP/1.1,contacts,,200,,,http://20.210.36.32:8080/prediction/knn,,
http_req_connecting,1678217712,2.503312,,,,true,,POST,http://20.210.36.32:8080/prediction/knn,HTTP/1.1,contacts,,200,,,http://20.210.36.32:8080/prediction/knn,,
http_req_tls_handshaking,1678217712,0.000000,,,,true,,POST,http://20.210.36.32:8080/prediction/knn,HTTP/1.1,contacts,,200,,,http://20.210.36.32:8080/prediction/knn,,
http_req_sending,1678217712,0.063800,,,,true,,POST,http://20.210.36.32:8080/prediction/knn,HTTP/1.1,contacts,,200,,,http://20.210.36.32:8080/prediction/knn,,
http_req_waiting,1678217712,809.968225,,,,true,,POST,http://20.210.36.32:8080/prediction/knn,HTTP/1.1,contacts,,200,,,http://20.210.36.32:8080/prediction/knn,,
http_req_receiving,1678217712,0.086300,,,,true,,POST,http://20.210.36.32:8080/prediction/knn,HTTP/1.1,contacts,,200,,,http://20.210.36.32:8080/prediction/knn,,
http_req_failed,1678217712,0.000000,,,,true,,POST,http://20.210.36.32:8080/prediction/knn,HTTP/1.1,contacts,,200,,,http://20.210.36.32:8080/prediction/knn,,
responseTime,1678217712,810.118325,,,,,,,,,contacts,,,,,,,
data_sent,1678217712,2088.000000,,,,,,,,,contacts,,,,,,,
data_received,1678217712,199.000000,,,,,,,,,contacts,,,,,,,
iteration_duration,1678217712,813.229440,,,,,,,,,contacts,,,,,,,
iterations,1678217712,1.000000,,,,,,,,,contacts,,,,,,,
http_reqs,1678217712,1.000000,,,,true,,POST,http://20.210.36.32:8080/prediction/knn,HTTP/1.1,contacts,,200,,,http://20.210.36.32:8080/prediction/knn,,
http_req_duration,1678217712,594.251206,,,,true,,POST,http://20.210.36.32:8080/prediction/knn,HTTP/1.1,contacts,,200,,,http://20.210.36.32:8080/prediction/knn,,
http_req_blocked,1678217712,11.979056,,,,true,,POST,http://20.210.36.32:8080/prediction/knn,HTTP/1.1,contacts,,200,,,http://20.210.36.32:8080/prediction/knn,,
http_req_connecting,1678217712,11.903756,,,,true,,POST,http://20.210.36.32:8080/prediction/knn,HTTP/1.1,contacts,,200,,,http://20.210.36.32:8080/prediction/knn,,
http_req_tls_handshaking,1678217712,0.000000,,,,true,,POST,http://20.210.36.32:8080/prediction/knn,HTTP/1.1,contacts,,200,,,http://20.210.36.32:8080/prediction/knn,,
http_req_sending,1678217712,0.074201,,,,true,,POST,http://20.210.36.32:8080/prediction/knn,HTTP/1.1,contacts,,200,,,http://20.210.36.32:8080/prediction/knn,,
http_req_waiting,1678217712,592.854799,,,,true,,POST,http://20.210.36.32:8080/prediction/knn,HTTP/1.1,contacts,,200,,,http://20.210.36.32:8080/prediction/knn,,
http_req_receiving,1678217712,1.322206,,,,true,,POST,http://20.210.36.32:8080/prediction/knn,HTTP/1.1,contacts,,200,,,http://20.210.36.32:8080/prediction/knn,,
http_req_failed,1678217712,0.000000,,,,true,,POST,http://20.210.36.32:8080/prediction/knn,HTTP/1.1,contacts,,200,,,http://20.210.36.32:8080/prediction/knn,,
responseTime,1678217712,594.251206,,,,,,,,,contacts,,,,,,,
data_sent,1678217712,2088.000000,,,,,,,,,contacts,,,,,,,
data_received,1678217712,199.000000,,,,,,,,,contacts,,,,,,,
iteration_duration,1678217712,606.826566,,,,,,,,,contacts,,,,,,,
iterations,1678217712,1.000000,,,,,,,,,contacts,,,,,,,
http_reqs,1678217712,1.000000,,,,true,,POST,http://20.210.36.32:8080/prediction/knn,HTTP/1.1,contacts,,200,,,http://20.210.36.32:8080/prediction/knn,,
http_req_duration,1678217712,655.836797,,,,true,,POST,http://20.210.36.32:8080/prediction/knn,HTTP/1.1,contacts,,200,,,http://20.210.36.32:8080/prediction/knn,,
http_req_blocked,1678217712,4.304920,,,,true,,POST,http://20.210.36.32:8080/prediction/knn,HTTP/1.1,contacts,,200,,,http://20.210.36.32:8080/prediction/knn,,
http_req_connecting,1678217712,4.217120,,,,true,,POST,http://20.210.36.32:8080/prediction/knn,HTTP/1.1,contacts,,200,,,http://20.210.36.32:8080/prediction/knn,,
http_req_tls_handshaking,1678217712,0.000000,,,,true,,POST,http://20.210.36.32:8080/prediction/knn,HTTP/1.1,contacts,,200,,,http://20.210.36.32:8080/prediction/knn,,
http_req_sending,1678217712,0.063300,,,,true,,POST,http://20.210.36.32:8080/prediction/knn,HTTP/1.1,contacts,,200,,,http://20.210.36.32:8080/prediction/knn,,
http_req_waiting,1678217712,655.661096,,,,true,,POST,http://20.210.36.32:8080/prediction/knn,HTTP/1.1,contacts,,200,,,http://20.210.36.32:8080/prediction/knn,,
http_req_receiving,1678217712,0.112401,,,,true,,POST,http://20.210.36.32:8080/prediction/knn,HTTP/1.1,contacts,,200,,,http://20.210.36.32:8080/prediction/knn,,
http_req_failed,1678217712,0.000000,,,,true,,POST,http://20.210.36.32:8080/prediction/knn,HTTP/1.1,contacts,,200,,,http://20.210.36.32:8080/prediction/knn,,
responseTime,1678217712,655.836797,,,,,,,,,contacts,,,,,,,
data_sent,1678217712,2088.000000,,,,,,,,,contacts,,,,,,,
data_received,1678217712,199.000000,,,,,,,,,contacts,,,,,,,
iteration_duration,1678217712,660.572720,,,,,,,,,contacts,,,,,,,
iterations,1678217712,1.000000,,,,,,,,,contacts,,,,,,,
http_reqs,1678217712,1.000000,,,,true,,POST,http://20.210.36.32:8080/prediction/knn,HTTP/1.1,contacts,,200,,,http://20.210.36.32:8080/prediction/knn,,
http_req_duration,1678217712,685.426437,,,,true,,POST,http://20.210.36.32:8080/prediction/knn,HTTP/1.1,contacts,,200,,,http://20.210.36.32:8080/prediction/knn,,
http_req_blocked,1678217712,3.875218,,,,true,,POST,http://20.210.36.32:8080/prediction/knn,HTTP/1.1,contacts,,200,,,http://20.210.36.32:8080/prediction/knn,,
http_req_connecting,1678217712,3.803518,,,,true,,POST,http://20.210.36.32:8080/prediction/knn,HTTP/1.1,contacts,,200,,,http://20.210.36.32:8080/prediction/knn,,
http_req_tls_handshaking,1678217712,0.000000,,,,true,,POST,http://20.210.36.32:8080/prediction/knn,HTTP/1.1,contacts,,200,,,http://20.210.36.32:8080/prediction/knn,,
http_req_sending,1678217712,0.054700,,,,true,,POST,http://20.210.36.32:8080/prediction/knn,HTTP/1.1,contacts,,200,,,http://20.210.36.32:8080/prediction/knn,,
http_req_waiting,1678217712,681.211117,,,,true,,POST,http://20.210.36.32:8080/prediction/knn,HTTP/1.1,contacts,,200,,,http://20.210.36.32:8080/prediction/knn,,
http_req_receiving,1678217712,4.160620,,,,true,,POST,http://20.210.36.32:8080/prediction/knn,HTTP/1.1,contacts,,200,,,http://20.210.36.32:8080/prediction/knn,,
http_req_failed,1678217712,0.000000,,,,true,,POST,http://20.210.36.32:8080/prediction/knn,HTTP/1.1,contacts,,200,,,http://20.210.36.32:8080/prediction/knn,,
responseTime,1678217712,685.426437,,,,,,,,,contacts,,,,,,,
data_sent,1678217712,2088.000000,,,,,,,,,contacts,,,,,,,
data_received,1678217712,199.000000,,,,,,,,,contacts,,,,,,,
iteration_duration,1678217712,689.972958,,,,,,,,,contacts,,,,,,,
iterations,1678217712,1.000000,,,,,,,,,contacts,,,,,,,
http_reqs,1678217712,1.000000,,,,true,,POST,http://20.210.36.32:8080/prediction/knn,HTTP/1.1,contacts,,200,,,http://20.210.36.32:8080/prediction/knn,,
http_req_duration,1678217712,773.677754,,,,true,,POST,http://20.210.36.32:8080/prediction/knn,HTTP/1.1,contacts,,200,,,http://20.210.36.32:8080/prediction/knn,,
http_req_blocked,1678217712,4.149820,,,,true,,POST,http://20.210.36.32:8080/prediction/knn,HTTP/1.1,contacts,,200,,,http://20.210.36.32:8080/prediction/knn,,
http_req_connecting,1678217712,4.058519,,,,true,,POST,http://20.210.36.32:8080/prediction/knn,HTTP/1.1,contacts,,200,,,http://20.210.36.32:8080/prediction/knn,,
http_req_tls_handshaking,1678217712,0.000000,,,,true,,POST,http://20.210.36.32:8080/prediction/knn,HTTP/1.1,contacts,,200,,,http://20.210.36.32:8080/prediction/knn,,
http_req_sending,1678217712,0.065301,,,,true,,POST,http://20.210.36.32:8080/prediction/knn,HTTP/1.1,contacts,,200,,,http://20.210.36.32:8080/prediction/knn,,
http_req_waiting,1678217712,773.506852,,,,true,,POST,http://20.210.36.32:8080/prediction/knn,HTTP/1.1,contacts,,200,,,http://20.210.36.32:8080/prediction/knn,,
http_req_receiving,1678217712,0.105601,,,,true,,POST,http://20.210.36.32:8080/prediction/knn,HTTP/1.1,contacts,,200,,,http://20.210.36.32:8080/prediction/knn,,
http_req_failed,1678217712,0.000000,,,,true,,POST,http://20.210.36.32:8080/prediction/knn,HTTP/1.1,contacts,,200,,,http://20.210.36.32:8080/prediction/knn,,
responseTime,1678217712,773.677754,,,,,,,,,contacts,,,,,,,
data_sent,1678217712,2088.000000,,,,,,,,,contacts,,,,,,,
data_received,1678217712,199.000000,,,,,,,,,contacts,,,,,,,
iteration_duration,1678217712,778.298375,,,,,,,,,contacts,,,,,,,
iterations,1678217712,1.000000,,,,,,,,,contacts,,,,,,,
http_reqs,1678217713,1.000000,,,,true,,POST,http://20.210.36.32:8080/prediction/knn,HTTP/1.1,contacts,,200,,,http://20.210.36.32:8080/prediction/knn,,
http_req_duration,1678217713,638.225114,,,,true,,POST,http://20.210.36.32:8080/prediction/knn,HTTP/1.1,contacts,,200,,,http://20.210.36.32:8080/prediction/knn,,
http_req_blocked,1678217713,6.513030,,,,true,,POST,http://20.210.36.32:8080/prediction/knn,HTTP/1.1,contacts,,200,,,http://20.210.36.32:8080/prediction/knn,,
http_req_connecting,1678217713,6.228929,,,,true,,POST,http://20.210.36.32:8080/prediction/knn,HTTP/1.1,contacts,,200,,,http://20.210.36.32:8080/prediction/knn,,
http_req_tls_handshaking,1678217713,0.000000,,,,true,,POST,http://20.210.36.32:8080/prediction/knn,HTTP/1.1,contacts,,200,,,http://20.210.36.32:8080/prediction/knn,,
http_req_sending,1678217713,0.268302,,,,true,,POST,http://20.210.36.32:8080/prediction/knn,HTTP/1.1,contacts,,200,,,http://20.210.36.32:8080/prediction/knn,,
http_req_waiting,1678217713,636.057103,,,,true,,POST,http://20.210.36.32:8080/prediction/knn,HTTP/1.1,contacts,,200,,,http://20.210.36.32:8080/prediction/knn,,
http_req_receiving,1678217713,1.899709,,,,true,,POST,http://20.210.36.32:8080/prediction/knn,HTTP/1.1,contacts,,200,,,http://20.210.36.32:8080/prediction/knn,,
http_req_failed,1678217713,0.000000,,,,true,,POST,http://20.210.36.32:8080/prediction/knn,HTTP/1.1,contacts,,200,,,http://20.210.36.32:8080/prediction/knn,,
responseTime,1678217713,638.225114,,,,,,,,,contacts,,,,,,,
data_sent,1678217713,2088.000000,,,,,,,,,contacts,,,,,,,
data_received,1678217713,199.000000,,,,,,,,,contacts,,,,,,,
iteration_duration,1678217713,645.051746,,,,,,,,,contacts,,,,,,,
iterations,1678217713,1.000000,,,,,,,,,contacts,,,,,,,
http_reqs,1678217713,1.000000,,,,true,,POST,http://20.210.36.32:8080/prediction/knn,HTTP/1.1,contacts,,200,,,http://20.210.36.32:8080/prediction/knn,,
http_req_duration,1678217713,767.536724,,,,true,,POST,http://20.210.36.32:8080/prediction/knn,HTTP/1.1,contacts,,200,,,http://20.210.36.32:8080/prediction/knn,,
http_req_blocked,1678217713,6.561631,,,,true,,POST,http://20.210.36.32:8080/prediction/knn,HTTP/1.1,contacts,,200,,,http://20.210.36.32:8080/prediction/knn,,
http_req_connecting,1678217713,6.472831,,,,true,,POST,http://20.210.36.32:8080/prediction/knn,HTTP/1.1,contacts,,200,,,http://20.210.36.32:8080/prediction/knn,,
http_req_tls_handshaking,1678217713,0.000000,,,,true,,POST,http://20.210.36.32:8080/prediction/knn,HTTP/1.1,contacts,,200,,,http://20.210.36.32:8080/prediction/knn,,
http_req_sending,1678217713,0.074000,,,,true,,POST,http://20.210.36.32:8080/prediction/knn,HTTP/1.1,contacts,,200,,,http://20.210.36.32:8080/prediction/knn,,
http_req_waiting,1678217713,748.987837,,,,true,,POST,http://20.210.36.32:8080/prediction/knn,HTTP/1.1,contacts,,200,,,http://20.210.36.32:8080/prediction/knn,,
http_req_receiving,1678217713,18.474887,,,,true,,POST,http://20.210.36.32:8080/prediction/knn,HTTP/1.1,contacts,,200,,,http://20.210.36.32:8080/prediction/knn,,
http_req_failed,1678217713,0.000000,,,,true,,POST,http://20.210.36.32:8080/prediction/knn,HTTP/1.1,contacts,,200,,,http://20.210.36.32:8080/prediction/knn,,
responseTime,1678217713,767.536724,,,,,,,,,contacts,,,,,,,
data_sent,1678217713,2088.000000,,,,,,,,,contacts,,,,,,,
data_received,1678217713,199.000000,,,,,,,,,contacts,,,,,,,
iteration_duration,1678217713,774.694458,,,,,,,,,contacts,,,,,,,
iterations,1678217713,1.000000,,,,,,,,,contacts,,,,,,,
http_reqs,1678217713,1.000000,,,,true,,POST,http://20.210.36.32:8080/prediction/knn,HTTP/1.1,contacts,,200,,,http://20.210.36.32:8080/prediction/knn,,
http_req_duration,1678217713,880.849060,,,,true,,POST,http://20.210.36.32:8080/prediction/knn,HTTP/1.1,contacts,,200,,,http://20.210.36.32:8080/prediction/knn,,
http_req_blocked,1678217713,4.394421,,,,true,,POST,http://20.210.36.32:8080/prediction/knn,HTTP/1.1,contacts,,200,,,http://20.210.36.32:8080/prediction/knn,,
http_req_connecting,1678217713,4.324520,,,,true,,POST,http://20.210.36.32:8080/prediction/knn,HTTP/1.1,contacts,,200,,,http://20.210.36.32:8080/prediction/knn,,
http_req_tls_handshaking,1678217713,0.000000,,,,true,,POST,http://20.210.36.32:8080/prediction/knn,HTTP/1.1,contacts,,200,,,http://20.210.36.32:8080/prediction/knn,,
http_req_sending,1678217713,0.062100,,,,true,,POST,http://20.210.36.32:8080/prediction/knn,HTTP/1.1,contacts,,200,,,http://20.210.36.32:8080/prediction/knn,,
http_req_waiting,1678217713,878.227647,,,,true,,POST,http://20.210.36.32:8080/prediction/knn,HTTP/1.1,contacts,,200,,,http://20.210.36.32:8080/prediction/knn,,
http_req_receiving,1678217713,2.559313,,,,true,,POST,http://20.210.36.32:8080/prediction/knn,HTTP/1.1,contacts,,200,,,http://20.210.36.32:8080/prediction/knn,,
http_req_failed,1678217713,0.000000,,,,true,,POST,http://20.210.36.32:8080/prediction/knn,HTTP/1.1,contacts,,200,,,http://20.210.36.32:8080/prediction/knn,,
responseTime,1678217713,880.849060,,,,,,,,,contacts,,,,,,,
data_sent,1678217713,2088.000000,,,,,,,,,contacts,,,,,,,
data_received,1678217713,199.000000,,,,,,,,,contacts,,,,,,,
iteration_duration,1678217713,885.990284,,,,,,,,,contacts,,,,,,,
iterations,1678217713,1.000000,,,,,,,,,contacts,,,,,,,
http_reqs,1678217713,1.000000,,,,true,,POST,http://20.210.36.32:8080/prediction/knn,HTTP/1.1,contacts,,200,,,http://20.210.36.32:8080/prediction/knn,,
http_req_duration,1678217713,817.172659,,,,true,,POST,http://20.210.36.32:8080/prediction/knn,HTTP/1.1,contacts,,200,,,http://20.210.36.32:8080/prediction/knn,,
http_req_blocked,1678217713,3.712418,,,,true,,POST,http://20.210.36.32:8080/prediction/knn,HTTP/1.1,contacts,,200,,,http://20.210.36.32:8080/prediction/knn,,
http_req_connecting,1678217713,3.641217,,,,true,,POST,http://20.210.36.32:8080/prediction/knn,HTTP/1.1,contacts,,200,,,http://20.210.36.32:8080/prediction/knn,,
http_req_tls_handshaking,1678217713,0.000000,,,,true,,POST,http://20.210.36.32:8080/prediction/knn,HTTP/1.1,contacts,,200,,,http://20.210.36.32:8080/prediction/knn,,
http_req_sending,1678217713,0.075701,,,,true,,POST,http://20.210.36.32:8080/prediction/knn,HTTP/1.1,contacts,,200,,,http://20.210.36.32:8080/prediction/knn,,
http_req_waiting,1678217713,812.107735,,,,true,,POST,http://20.210.36.32:8080/prediction/knn,HTTP/1.1,contacts,,200,,,http://20.210.36.32:8080/prediction/knn,,
http_req_receiving,1678217713,4.989223,,,,true,,POST,http://20.210.36.32:8080/prediction/knn,HTTP/1.1,contacts,,200,,,http://20.210.36.32:8080/prediction/knn,,
http_req_failed,1678217713,0.000000,,,,true,,POST,http://20.210.36.32:8080/prediction/knn,HTTP/1.1,contacts,,200,,,http://20.210.36.32:8080/prediction/knn,,
responseTime,1678217713,817.172659,,,,,,,,,contacts,,,,,,,
data_sent,1678217713,2088.000000,,,,,,,,,contacts,,,,,,,
data_received,1678217713,199.000000,,,,,,,,,contacts,,,,,,,
iteration_duration,1678217713,821.652380,,,,,,,,,contacts,,,,,,,
iterations,1678217713,1.000000,,,,,,,,,contacts,,,,,,,
http_reqs,1678217713,1.000000,,,,true,,POST,http://20.210.36.32:8080/prediction/knn,HTTP/1.1,contacts,,200,,,http://20.210.36.32:8080/prediction/knn,,
http_req_duration,1678217713,817.025358,,,,true,,POST,http://20.210.36.32:8080/prediction/knn,HTTP/1.1,contacts,,200,,,http://20.210.36.32:8080/prediction/knn,,
http_req_blocked,1678217713,3.405116,,,,true,,POST,http://20.210.36.32:8080/prediction/knn,HTTP/1.1,contacts,,200,,,http://20.210.36.32:8080/prediction/knn,,
http_req_connecting,1678217713,3.342615,,,,true,,POST,http://20.210.36.32:8080/prediction/knn,HTTP/1.1,contacts,,200,,,http://20.210.36.32:8080/prediction/knn,,
http_req_tls_handshaking,1678217713,0.000000,,,,true,,POST,http://20.210.36.32:8080/prediction/knn,HTTP/1.1,contacts,,200,,,http://20.210.36.32:8080/prediction/knn,,
http_req_sending,1678217713,0.050001,,,,true,,POST,http://20.210.36.32:8080/prediction/knn,HTTP/1.1,contacts,,200,,,http://20.210.36.32:8080/prediction/knn,,
http_req_waiting,1678217713,816.892057,,,,true,,POST,http://20.210.36.32:8080/prediction/knn,HTTP/1.1,contacts,,200,,,http://20.210.36.32:8080/prediction/knn,,
http_req_receiving,1678217713,0.083300,,,,true,,POST,http://20.210.36.32:8080/prediction/knn,HTTP/1.1,contacts,,200,,,http://20.210.36.32:8080/prediction/knn,,
http_req_failed,1678217713,0.000000,,,,true,,POST,http://20.210.36.32:8080/prediction/knn,HTTP/1.1,contacts,,200,,,http://20.210.36.32:8080/prediction/knn,,
responseTime,1678217713,817.025358,,,,,,,,,contacts,,,,,,,
data_sent,1678217713,2088.000000,,,,,,,,,contacts,,,,,,,
data_received,1678217713,199.000000,,,,,,,,,contacts,,,,,,,
iteration_duration,1678217713,820.764976,,,,,,,,,contacts,,,,,,,
iterations,1678217713,1.000000,,,,,,,,,contacts,,,,,,,
http_reqs,1678217713,1.000000,,,,true,,POST,http://20.210.36.32:8080/prediction/knn,HTTP/1.1,contacts,,200,,,http://20.210.36.32:8080/prediction/knn,,
http_req_duration,1678217713,820.912976,,,,true,,POST,http://20.210.36.32:8080/prediction/knn,HTTP/1.1,contacts,,200,,,http://20.210.36.32:8080/prediction/knn,,
http_req_blocked,1678217713,3.567217,,,,true,,POST,http://20.210.36.32:8080/prediction/knn,HTTP/1.1,contacts,,200,,,http://20.210.36.32:8080/prediction/knn,,
http_req_connecting,1678217713,3.513817,,,,true,,POST,http://20.210.36.32:8080/prediction/knn,HTTP/1.1,contacts,,200,,,http://20.210.36.32:8080/prediction/knn,,
http_req_tls_handshaking,1678217713,0.000000,,,,true,,POST,http://20.210.36.32:8080/prediction/knn,HTTP/1.1,contacts,,200,,,http://20.210.36.32:8080/prediction/knn,,
http_req_sending,1678217713,0.043300,,,,true,,POST,http://20.210.36.32:8080/prediction/knn,HTTP/1.1,contacts,,200,,,http://20.210.36.32:8080/prediction/knn,,
http_req_waiting,1678217713,820.631875,,,,true,,POST,http://20.210.36.32:8080/prediction/knn,HTTP/1.1,contacts,,200,,,http://20.210.36.32:8080/prediction/knn,,
http_req_receiving,1678217713,0.237801,,,,true,,POST,http://20.210.36.32:8080/prediction/knn,HTTP/1.1,contacts,,200,,,http://20.210.36.32:8080/prediction/knn,,
http_req_failed,1678217713,0.000000,,,,true,,POST,http://20.210.36.32:8080/prediction/knn,HTTP/1.1,contacts,,200,,,http://20.210.36.32:8080/prediction/knn,,
responseTime,1678217713,820.912976,,,,,,,,,contacts,,,,,,,
data_sent,1678217713,2088.000000,,,,,,,,,contacts,,,,,,,
data_received,1678217713,199.000000,,,,,,,,,contacts,,,,,,,
iteration_duration,1678217713,824.791195,,,,,,,,,contacts,,,,,,,
iterations,1678217713,1.000000,,,,,,,,,contacts,,,,,,,
http_reqs,1678217713,1.000000,,,,true,,POST,http://20.210.36.32:8080/prediction/knn,HTTP/1.1,contacts,,200,,,http://20.210.36.32:8080/prediction/knn,,
http_req_duration,1678217713,820.737976,,,,true,,POST,http://20.210.36.32:8080/prediction/knn,HTTP/1.1,contacts,,200,,,http://20.210.36.32:8080/prediction/knn,,
http_req_blocked,1678217713,3.242915,,,,true,,POST,http://20.210.36.32:8080/prediction/knn,HTTP/1.1,contacts,,200,,,http://20.210.36.32:8080/prediction/knn,,
http_req_connecting,1678217713,3.181115,,,,true,,POST,http://20.210.36.32:8080/prediction/knn,HTTP/1.1,contacts,,200,,,http://20.210.36.32:8080/prediction/knn,,
http_req_tls_handshaking,1678217713,0.000000,,,,true,,POST,http://20.210.36.32:8080/prediction/knn,HTTP/1.1,contacts,,200,,,http://20.210.36.32:8080/prediction/knn,,
http_req_sending,1678217713,0.050900,,,,true,,POST,http://20.210.36.32:8080/prediction/knn,HTTP/1.1,contacts,,200,,,http://20.210.36.32:8080/prediction/knn,,
http_req_waiting,1678217713,820.620176,,,,true,,POST,http://20.210.36.32:8080/prediction/knn,HTTP/1.1,contacts,,200,,,http://20.210.36.32:8080/prediction/knn,,
http_req_receiving,1678217713,0.066900,,,,true,,POST,http://20.210.36.32:8080/prediction/knn,HTTP/1.1,contacts,,200,,,http://20.210.36.32:8080/prediction/knn,,
http_req_failed,1678217713,0.000000,,,,true,,POST,http://20.210.36.32:8080/prediction/knn,HTTP/1.1,contacts,,200,,,http://20.210.36.32:8080/prediction/knn,,
responseTime,1678217713,820.737976,,,,,,,,,contacts,,,,,,,
data_sent,1678217713,2088.000000,,,,,,,,,contacts,,,,,,,
data_received,1678217713,199.000000,,,,,,,,,contacts,,,,,,,
iteration_duration,1678217713,824.696194,,,,,,,,,contacts,,,,,,,
iterations,1678217713,1.000000,,,,,,,,,contacts,,,,,,,
http_reqs,1678217713,1.000000,,,,true,,POST,http://20.210.36.32:8080/prediction/knn,HTTP/1.1,contacts,,200,,,http://20.210.36.32:8080/prediction/knn,,
http_req_duration,1678217713,802.275889,,,,true,,POST,http://20.210.36.32:8080/prediction/knn,HTTP/1.1,contacts,,200,,,http://20.210.36.32:8080/prediction/knn,,
http_req_blocked,1678217713,3.952919,,,,true,,POST,http://20.210.36.32:8080/prediction/knn,HTTP/1.1,contacts,,200,,,http://20.210.36.32:8080/prediction/knn,,
http_req_connecting,1678217713,3.659817,,,,true,,POST,http://20.210.36.32:8080/prediction/knn,HTTP/1.1,contacts,,200,,,http://20.210.36.32:8080/prediction/knn,,
http_req_tls_handshaking,1678217713,0.000000,,,,true,,POST,http://20.210.36.32:8080/prediction/knn,HTTP/1.1,contacts,,200,,,http://20.210.36.32:8080/prediction/knn,,
http_req_sending,1678217713,0.073701,,,,true,,POST,http://20.210.36.32:8080/prediction/knn,HTTP/1.1,contacts,,200,,,http://20.210.36.32:8080/prediction/knn,,
http_req_waiting,1678217713,802.109187,,,,true,,POST,http://20.210.36.32:8080/prediction/knn,HTTP/1.1,contacts,,200,,,http://20.210.36.32:8080/prediction/knn,,
http_req_receiving,1678217713,0.093001,,,,true,,POST,http://20.210.36.32:8080/prediction/knn,HTTP/1.1,contacts,,200,,,http://20.210.36.32:8080/prediction/knn,,
http_req_failed,1678217713,0.000000,,,,true,,POST,http://20.210.36.32:8080/prediction/knn,HTTP/1.1,contacts,,200,,,http://20.210.36.32:8080/prediction/knn,,
responseTime,1678217713,802.275889,,,,,,,,,contacts,,,,,,,
data_sent,1678217713,2088.000000,,,,,,,,,contacts,,,,,,,
data_received,1678217713,199.000000,,,,,,,,,contacts,,,,,,,
iteration_duration,1678217713,806.973211,,,,,,,,,contacts,,,,,,,
iterations,1678217713,1.000000,,,,,,,,,contacts,,,,,,,
http_reqs,1678217713,1.000000,,,,true,,POST,http://20.210.36.32:8080/prediction/knn,HTTP/1.1,contacts,,200,,,http://20.210.36.32:8080/prediction/knn,,
http_req_duration,1678217713,832.568031,,,,true,,POST,http://20.210.36.32:8080/prediction/knn,HTTP/1.1,contacts,,200,,,http://20.210.36.32:8080/prediction/knn,,
http_req_blocked,1678217713,3.633117,,,,true,,POST,http://20.210.36.32:8080/prediction/knn,HTTP/1.1,contacts,,200,,,http://20.210.36.32:8080/prediction/knn,,
http_req_connecting,1678217713,3.575717,,,,true,,POST,http://20.210.36.32:8080/prediction/knn,HTTP/1.1,contacts,,200,,,http://20.210.36.32:8080/prediction/knn,,
http_req_tls_handshaking,1678217713,0.000000,,,,true,,POST,http://20.210.36.32:8080/prediction/knn,HTTP/1.1,contacts,,200,,,http://20.210.36.32:8080/prediction/knn,,
http_req_sending,1678217713,0.057100,,,,true,,POST,http://20.210.36.32:8080/prediction/knn,HTTP/1.1,contacts,,200,,,http://20.210.36.32:8080/prediction/knn,,
http_req_waiting,1678217713,832.435131,,,,true,,POST,http://20.210.36.32:8080/prediction/knn,HTTP/1.1,contacts,,200,,,http://20.210.36.32:8080/prediction/knn,,
http_req_receiving,1678217713,0.075800,,,,true,,POST,http://20.210.36.32:8080/prediction/knn,HTTP/1.1,contacts,,200,,,http://20.210.36.32:8080/prediction/knn,,
http_req_failed,1678217713,0.000000,,,,true,,POST,http://20.210.36.32:8080/prediction/knn,HTTP/1.1,contacts,,200,,,http://20.210.36.32:8080/prediction/knn,,
responseTime,1678217713,832.568031,,,,,,,,,contacts,,,,,,,
data_sent,1678217713,2088.000000,,,,,,,,,contacts,,,,,,,
data_received,1678217713,199.000000,,,,,,,,,contacts,,,,,,,
iteration_duration,1678217713,836.766551,,,,,,,,,contacts,,,,,,,
iterations,1678217713,1.000000,,,,,,,,,contacts,,,,,,,
http_reqs,1678217713,1.000000,,,,true,,POST,http://20.210.36.32:8080/prediction/knn,HTTP/1.1,contacts,,200,,,http://20.210.36.32:8080/prediction/knn,,
http_req_duration,1678217713,822.140782,,,,true,,POST,http://20.210.36.32:8080/prediction/knn,HTTP/1.1,contacts,,200,,,http://20.210.36.32:8080/prediction/knn,,
http_req_blocked,1678217713,3.578017,,,,true,,POST,http://20.210.36.32:8080/prediction/knn,HTTP/1.1,contacts,,200,,,http://20.210.36.32:8080/prediction/knn,,
http_req_connecting,1678217713,3.507817,,,,true,,POST,http://20.210.36.32:8080/prediction/knn,HTTP/1.1,contacts,,200,,,http://20.210.36.32:8080/prediction/knn,,
http_req_tls_handshaking,1678217713,0.000000,,,,true,,POST,http://20.210.36.32:8080/prediction/knn,HTTP/1.1,contacts,,200,,,http://20.210.36.32:8080/prediction/knn,,
http_req_sending,1678217713,0.050500,,,,true,,POST,http://20.210.36.32:8080/prediction/knn,HTTP/1.1,contacts,,200,,,http://20.210.36.32:8080/prediction/knn,,
http_req_waiting,1678217713,821.963881,,,,true,,POST,http://20.210.36.32:8080/prediction/knn,HTTP/1.1,contacts,,200,,,http://20.210.36.32:8080/prediction/knn,,
http_req_receiving,1678217713,0.126401,,,,true,,POST,http://20.210.36.32:8080/prediction/knn,HTTP/1.1,contacts,,200,,,http://20.210.36.32:8080/prediction/knn,,
http_req_failed,1678217713,0.000000,,,,true,,POST,http://20.210.36.32:8080/prediction/knn,HTTP/1.1,contacts,,200,,,http://20.210.36.32:8080/prediction/knn,,
responseTime,1678217713,822.140782,,,,,,,,,contacts,,,,,,,
data_sent,1678217713,2088.000000,,,,,,,,,contacts,,,,,,,
data_received,1678217713,199.000000,,,,,,,,,contacts,,,,,,,
iteration_duration,1678217713,826.468803,,,,,,,,,contacts,,,,,,,
iterations,1678217713,1.000000,,,,,,,,,contacts,,,,,,,
http_reqs,1678217713,1.000000,,,,true,,POST,http://20.210.36.32:8080/prediction/knn,HTTP/1.1,contacts,,200,,,http://20.210.36.32:8080/prediction/knn,,
http_req_duration,1678217713,825.955801,,,,true,,POST,http://20.210.36.32:8080/prediction/knn,HTTP/1.1,contacts,,200,,,http://20.210.36.32:8080/prediction/knn,,
http_req_blocked,1678217713,3.916419,,,,true,,POST,http://20.210.36.32:8080/prediction/knn,HTTP/1.1,contacts,,200,,,http://20.210.36.32:8080/prediction/knn,,
http_req_connecting,1678217713,3.870018,,,,true,,POST,http://20.210.36.32:8080/prediction/knn,HTTP/1.1,contacts,,200,,,http://20.210.36.32:8080/prediction/knn,,
http_req_tls_handshaking,1678217713,0.000000,,,,true,,POST,http://20.210.36.32:8080/prediction/knn,HTTP/1.1,contacts,,200,,,http://20.210.36.32:8080/prediction/knn,,
http_req_sending,1678217713,0.047501,,,,true,,POST,http://20.210.36.32:8080/prediction/knn,HTTP/1.1,contacts,,200,,,http://20.210.36.32:8080/prediction/knn,,
http_req_waiting,1678217713,825.572498,,,,true,,POST,http://20.210.36.32:8080/prediction/knn,HTTP/1.1,contacts,,200,,,http://20.210.36.32:8080/prediction/knn,,
http_req_receiving,1678217713,0.335802,,,,true,,POST,http://20.210.36.32:8080/prediction/knn,HTTP/1.1,contacts,,200,,,http://20.210.36.32:8080/prediction/knn,,
http_req_failed,1678217713,0.000000,,,,true,,POST,http://20.210.36.32:8080/prediction/knn,HTTP/1.1,contacts,,200,,,http://20.210.36.32:8080/prediction/knn,,
responseTime,1678217713,825.955801,,,,,,,,,contacts,,,,,,,
data_sent,1678217713,2088.000000,,,,,,,,,contacts,,,,,,,
data_received,1678217713,199.000000,,,,,,,,,contacts,,,,,,,
iteration_duration,1678217713,830.558322,,,,,,,,,contacts,,,,,,,
iterations,1678217713,1.000000,,,,,,,,,contacts,,,,,,,
http_reqs,1678217713,1.000000,,,,true,,POST,http://20.210.36.32:8080/prediction/knn,HTTP/1.1,contacts,,200,,,http://20.210.36.32:8080/prediction/knn,,
http_req_duration,1678217713,848.789008,,,,true,,POST,http://20.210.36.32:8080/prediction/knn,HTTP/1.1,contacts,,200,,,http://20.210.36.32:8080/prediction/knn,,
http_req_blocked,1678217713,3.752518,,,,true,,POST,http://20.210.36.32:8080/prediction/knn,HTTP/1.1,contacts,,200,,,http://20.210.36.32:8080/prediction/knn,,
http_req_connecting,1678217713,3.710217,,,,true,,POST,http://20.210.36.32:8080/prediction/knn,HTTP/1.1,contacts,,200,,,http://20.210.36.32:8080/prediction/knn,,
http_req_tls_handshaking,1678217713,0.000000,,,,true,,POST,http://20.210.36.32:8080/prediction/knn,HTTP/1.1,contacts,,200,,,http://20.210.36.32:8080/prediction/knn,,
http_req_sending,1678217713,0.041700,,,,true,,POST,http://20.210.36.32:8080/prediction/knn,HTTP/1.1,contacts,,200,,,http://20.210.36.32:8080/prediction/knn,,
http_req_waiting,1678217713,848.592807,,,,true,,POST,http://20.210.36.32:8080/prediction/knn,HTTP/1.1,contacts,,200,,,http://20.210.36.32:8080/prediction/knn,,
http_req_receiving,1678217713,0.154501,,,,true,,POST,http://20.210.36.32:8080/prediction/knn,HTTP/1.1,contacts,,200,,,http://20.210.36.32:8080/prediction/knn,,
http_req_failed,1678217713,0.000000,,,,true,,POST,http://20.210.36.32:8080/prediction/knn,HTTP/1.1,contacts,,200,,,http://20.210.36.32:8080/prediction/knn,,
responseTime,1678217713,848.789008,,,,,,,,,contacts,,,,,,,
data_sent,1678217713,2088.000000,,,,,,,,,contacts,,,,,,,
data_received,1678217713,199.000000,,,,,,,,,contacts,,,,,,,
iteration_duration,1678217713,852.935128,,,,,,,,,contacts,,,,,,,
iterations,1678217713,1.000000,,,,,,,,,contacts,,,,,,,
http_reqs,1678217713,1.000000,,,,true,,POST,http://20.210.36.32:8080/prediction/knn,HTTP/1.1,contacts,,200,,,http://20.210.36.32:8080/prediction/knn,,
http_req_duration,1678217713,780.295085,,,,true,,POST,http://20.210.36.32:8080/prediction/knn,HTTP/1.1,contacts,,200,,,http://20.210.36.32:8080/prediction/knn,,
http_req_blocked,1678217713,3.535817,,,,true,,POST,http://20.210.36.32:8080/prediction/knn,HTTP/1.1,contacts,,200,,,http://20.210.36.32:8080/prediction/knn,,
http_req_connecting,1678217713,3.453816,,,,true,,POST,http://20.210.36.32:8080/prediction/knn,HTTP/1.1,contacts,,200,,,http://20.210.36.32:8080/prediction/knn,,
http_req_tls_handshaking,1678217713,0.000000,,,,true,,POST,http://20.210.36.32:8080/prediction/knn,HTTP/1.1,contacts,,200,,,http://20.210.36.32:8080/prediction/knn,,
http_req_sending,1678217713,0.080501,,,,true,,POST,http://20.210.36.32:8080/prediction/knn,HTTP/1.1,contacts,,200,,,http://20.210.36.32:8080/prediction/knn,,
http_req_waiting,1678217713,780.156784,,,,true,,POST,http://20.210.36.32:8080/prediction/knn,HTTP/1.1,contacts,,200,,,http://20.210.36.32:8080/prediction/knn,,
http_req_receiving,1678217713,0.057800,,,,true,,POST,http://20.210.36.32:8080/prediction/knn,HTTP/1.1,contacts,,200,,,http://20.210.36.32:8080/prediction/knn,,
http_req_failed,1678217713,0.000000,,,,true,,POST,http://20.210.36.32:8080/prediction/knn,HTTP/1.1,contacts,,200,,,http://20.210.36.32:8080/prediction/knn,,
responseTime,1678217713,780.295085,,,,,,,,,contacts,,,,,,,
data_sent,1678217713,2088.000000,,,,,,,,,contacts,,,,,,,
data_received,1678217713,199.000000,,,,,,,,,contacts,,,,,,,
iteration_duration,1678217713,784.305803,,,,,,,,,contacts,,,,,,,
iterations,1678217713,1.000000,,,,,,,,,contacts,,,,,,,
http_reqs,1678217713,1.000000,,,,true,,POST,http://20.210.36.32:8080/prediction/knn,HTTP/1.1,contacts,,200,,,http://20.210.36.32:8080/prediction/knn,,
http_req_duration,1678217713,784.545504,,,,true,,POST,http://20.210.36.32:8080/prediction/knn,HTTP/1.1,contacts,,200,,,http://20.210.36.32:8080/prediction/knn,,
http_req_blocked,1678217713,3.604617,,,,true,,POST,http://20.210.36.32:8080/prediction/knn,HTTP/1.1,contacts,,200,,,http://20.210.36.32:8080/prediction/knn,,
http_req_connecting,1678217713,3.541817,,,,true,,POST,http://20.210.36.32:8080/prediction/knn,HTTP/1.1,contacts,,200,,,http://20.210.36.32:8080/prediction/knn,,
http_req_tls_handshaking,1678217713,0.000000,,,,true,,POST,http://20.210.36.32:8080/prediction/knn,HTTP/1.1,contacts,,200,,,http://20.210.36.32:8080/prediction/knn,,
http_req_sending,1678217713,0.046200,,,,true,,POST,http://20.210.36.32:8080/prediction/knn,HTTP/1.1,contacts,,200,,,http://20.210.36.32:8080/prediction/knn,,
http_req_waiting,1678217713,784.438004,,,,true,,POST,http://20.210.36.32:8080/prediction/knn,HTTP/1.1,contacts,,200,,,http://20.210.36.32:8080/prediction/knn,,
http_req_receiving,1678217713,0.061300,,,,true,,POST,http://20.210.36.32:8080/prediction/knn,HTTP/1.1,contacts,,200,,,http://20.210.36.32:8080/prediction/knn,,
http_req_failed,1678217713,0.000000,,,,true,,POST,http://20.210.36.32:8080/prediction/knn,HTTP/1.1,contacts,,200,,,http://20.210.36.32:8080/prediction/knn,,
responseTime,1678217713,784.545504,,,,,,,,,contacts,,,,,,,
data_sent,1678217713,2088.000000,,,,,,,,,contacts,,,,,,,
data_received,1678217713,199.000000,,,,,,,,,contacts,,,,,,,
iteration_duration,1678217713,788.613624,,,,,,,,,contacts,,,,,,,
iterations,1678217713,1.000000,,,,,,,,,contacts,,,,,,,
http_reqs,1678217713,1.000000,,,,true,,POST,http://20.210.36.32:8080/prediction/knn,HTTP/1.1,contacts,,200,,,http://20.210.36.32:8080/prediction/knn,,
http_req_duration,1678217713,764.617711,,,,true,,POST,http://20.210.36.32:8080/prediction/knn,HTTP/1.1,contacts,,200,,,http://20.210.36.32:8080/prediction/knn,,
http_req_blocked,1678217713,3.950119,,,,true,,POST,http://20.210.36.32:8080/prediction/knn,HTTP/1.1,contacts,,200,,,http://20.210.36.32:8080/prediction/knn,,
http_req_connecting,1678217713,3.866418,,,,true,,POST,http://20.210.36.32:8080/prediction/knn,HTTP/1.1,contacts,,200,,,http://20.210.36.32:8080/prediction/knn,,
http_req_tls_handshaking,1678217713,0.000000,,,,true,,POST,http://20.210.36.32:8080/prediction/knn,HTTP/1.1,contacts,,200,,,http://20.210.36.32:8080/prediction/knn,,
http_req_sending,1678217713,0.050501,,,,true,,POST,http://20.210.36.32:8080/prediction/knn,HTTP/1.1,contacts,,200,,,http://20.210.36.32:8080/prediction/knn,,
http_req_waiting,1678217713,764.482310,,,,true,,POST,http://20.210.36.32:8080/prediction/knn,HTTP/1.1,contacts,,200,,,http://20.210.36.32:8080/prediction/knn,,
http_req_receiving,1678217713,0.084900,,,,true,,POST,http://20.210.36.32:8080/prediction/knn,HTTP/1.1,contacts,,200,,,http://20.210.36.32:8080/prediction/knn,,
http_req_failed,1678217713,0.000000,,,,true,,POST,http://20.210.36.32:8080/prediction/knn,HTTP/1.1,contacts,,200,,,http://20.210.36.32:8080/prediction/knn,,
responseTime,1678217713,764.617711,,,,,,,,,contacts,,,,,,,
data_sent,1678217713,2088.000000,,,,,,,,,contacts,,,,,,,
data_received,1678217713,199.000000,,,,,,,,,contacts,,,,,,,
iteration_duration,1678217713,768.970831,,,,,,,,,contacts,,,,,,,
iterations,1678217713,1.000000,,,,,,,,,contacts,,,,,,,
http_reqs,1678217713,1.000000,,,,true,,POST,http://20.210.36.32:8080/prediction/knn,HTTP/1.1,contacts,,200,,,http://20.210.36.32:8080/prediction/knn,,
http_req_duration,1678217713,839.043262,,,,true,,POST,http://20.210.36.32:8080/prediction/knn,HTTP/1.1,contacts,,200,,,http://20.210.36.32:8080/prediction/knn,,
http_req_blocked,1678217713,4.163119,,,,true,,POST,http://20.210.36.32:8080/prediction/knn,HTTP/1.1,contacts,,200,,,http://20.210.36.32:8080/prediction/knn,,
http_req_connecting,1678217713,4.079819,,,,true,,POST,http://20.210.36.32:8080/prediction/knn,HTTP/1.1,contacts,,200,,,http://20.210.36.32:8080/prediction/knn,,
http_req_tls_handshaking,1678217713,0.000000,,,,true,,POST,http://20.210.36.32:8080/prediction/knn,HTTP/1.1,contacts,,200,,,http://20.210.36.32:8080/prediction/knn,,
http_req_sending,1678217713,0.051100,,,,true,,POST,http://20.210.36.32:8080/prediction/knn,HTTP/1.1,contacts,,200,,,http://20.210.36.32:8080/prediction/knn,,
http_req_waiting,1678217713,838.729661,,,,true,,POST,http://20.210.36.32:8080/prediction/knn,HTTP/1.1,contacts,,200,,,http://20.210.36.32:8080/prediction/knn,,
http_req_receiving,1678217713,0.262501,,,,true,,POST,http://20.210.36.32:8080/prediction/knn,HTTP/1.1,contacts,,200,,,http://20.210.36.32:8080/prediction/knn,,
http_req_failed,1678217713,0.000000,,,,true,,POST,http://20.210.36.32:8080/prediction/knn,HTTP/1.1,contacts,,200,,,http://20.210.36.32:8080/prediction/knn,,
http_reqs,1678217713,1.000000,,,,true,,POST,http://20.210.36.32:8080/prediction/knn,HTTP/1.1,contacts,,200,,,http://20.210.36.32:8080/prediction/knn,,
http_req_duration,1678217713,785.750811,,,,true,,POST,http://20.210.36.32:8080/prediction/knn,HTTP/1.1,contacts,,200,,,http://20.210.36.32:8080/prediction/knn,,
http_req_blocked,1678217713,4.323721,,,,true,,POST,http://20.210.36.32:8080/prediction/knn,HTTP/1.1,contacts,,200,,,http://20.210.36.32:8080/prediction/knn,,
http_req_connecting,1678217713,4.187419,,,,true,,POST,http://20.210.36.32:8080/prediction/knn,HTTP/1.1,contacts,,200,,,http://20.210.36.32:8080/prediction/knn,,
http_req_tls_handshaking,1678217713,0.000000,,,,true,,POST,http://20.210.36.32:8080/prediction/knn,HTTP/1.1,contacts,,200,,,http://20.210.36.32:8080/prediction/knn,,
http_req_sending,1678217713,0.085501,,,,true,,POST,http://20.210.36.32:8080/prediction/knn,HTTP/1.1,contacts,,200,,,http://20.210.36.32:8080/prediction/knn,,
http_req_waiting,1678217713,785.601309,,,,true,,POST,http://20.210.36.32:8080/prediction/knn,HTTP/1.1,contacts,,200,,,http://20.210.36.32:8080/prediction/knn,,
http_req_receiving,1678217713,0.064001,,,,true,,POST,http://20.210.36.32:8080/prediction/knn,HTTP/1.1,contacts,,200,,,http://20.210.36.32:8080/prediction/knn,,
http_req_failed,1678217713,0.000000,,,,true,,POST,http://20.210.36.32:8080/prediction/knn,HTTP/1.1,contacts,,200,,,http://20.210.36.32:8080/prediction/knn,,
responseTime,1678217713,839.043262,,,,,,,,,contacts,,,,,,,
data_sent,1678217713,2088.000000,,,,,,,,,contacts,,,,,,,
data_received,1678217713,199.000000,,,,,,,,,contacts,,,,,,,
iteration_duration,1678217713,843.638384,,,,,,,,,contacts,,,,,,,
iterations,1678217713,1.000000,,,,,,,,,contacts,,,,,,,
responseTime,1678217713,785.750811,,,,,,,,,contacts,,,,,,,
data_sent,1678217713,2088.000000,,,,,,,,,contacts,,,,,,,
data_received,1678217713,199.000000,,,,,,,,,contacts,,,,,,,
iteration_duration,1678217713,790.917235,,,,,,,,,contacts,,,,,,,
iterations,1678217713,1.000000,,,,,,,,,contacts,,,,,,,
http_reqs,1678217713,1.000000,,,,true,,POST,http://20.210.36.32:8080/prediction/knn,HTTP/1.1,contacts,,200,,,http://20.210.36.32:8080/prediction/knn,,
http_req_duration,1678217713,805.139702,,,,true,,POST,http://20.210.36.32:8080/prediction/knn,HTTP/1.1,contacts,,200,,,http://20.210.36.32:8080/prediction/knn,,
http_req_blocked,1678217713,4.060019,,,,true,,POST,http://20.210.36.32:8080/prediction/knn,HTTP/1.1,contacts,,200,,,http://20.210.36.32:8080/prediction/knn,,
http_req_connecting,1678217713,3.961918,,,,true,,POST,http://20.210.36.32:8080/prediction/knn,HTTP/1.1,contacts,,200,,,http://20.210.36.32:8080/prediction/knn,,
http_req_tls_handshaking,1678217713,0.000000,,,,true,,POST,http://20.210.36.32:8080/prediction/knn,HTTP/1.1,contacts,,200,,,http://20.210.36.32:8080/prediction/knn,,
http_req_sending,1678217713,0.090101,,,,true,,POST,http://20.210.36.32:8080/prediction/knn,HTTP/1.1,contacts,,200,,,http://20.210.36.32:8080/prediction/knn,,
http_req_waiting,1678217713,794.562152,,,,true,,POST,http://20.210.36.32:8080/prediction/knn,HTTP/1.1,contacts,,200,,,http://20.210.36.32:8080/prediction/knn,,
http_req_receiving,1678217713,10.487449,,,,true,,POST,http://20.210.36.32:8080/prediction/knn,HTTP/1.1,contacts,,200,,,http://20.210.36.32:8080/prediction/knn,,
http_req_failed,1678217713,0.000000,,,,true,,POST,http://20.210.36.32:8080/prediction/knn,HTTP/1.1,contacts,,200,,,http://20.210.36.32:8080/prediction/knn,,
responseTime,1678217713,805.139702,,,,,,,,,contacts,,,,,,,
data_sent,1678217713,2088.000000,,,,,,,,,contacts,,,,,,,
data_received,1678217713,199.000000,,,,,,,,,contacts,,,,,,,
iteration_duration,1678217713,809.580023,,,,,,,,,contacts,,,,,,,
iterations,1678217713,1.000000,,,,,,,,,contacts,,,,,,,
http_reqs,1678217713,1.000000,,,,true,,POST,http://20.210.36.32:8080/prediction/knn,HTTP/1.1,contacts,,200,,,http://20.210.36.32:8080/prediction/knn,,
http_req_duration,1678217713,758.777583,,,,true,,POST,http://20.210.36.32:8080/prediction/knn,HTTP/1.1,contacts,,200,,,http://20.210.36.32:8080/prediction/knn,,
http_req_blocked,1678217713,3.838419,,,,true,,POST,http://20.210.36.32:8080/prediction/knn,HTTP/1.1,contacts,,200,,,http://20.210.36.32:8080/prediction/knn,,
http_req_connecting,1678217713,3.770717,,,,true,,POST,http://20.210.36.32:8080/prediction/knn,HTTP/1.1,contacts,,200,,,http://20.210.36.32:8080/prediction/knn,,
http_req_tls_handshaking,1678217713,0.000000,,,,true,,POST,http://20.210.36.32:8080/prediction/knn,HTTP/1.1,contacts,,200,,,http://20.210.36.32:8080/prediction/knn,,
http_req_sending,1678217713,0.062001,,,,true,,POST,http://20.210.36.32:8080/prediction/knn,HTTP/1.1,contacts,,200,,,http://20.210.36.32:8080/prediction/knn,,
http_req_waiting,1678217713,756.866374,,,,true,,POST,http://20.210.36.32:8080/prediction/knn,HTTP/1.1,contacts,,200,,,http://20.210.36.32:8080/prediction/knn,,
http_req_receiving,1678217713,1.849208,,,,true,,POST,http://20.210.36.32:8080/prediction/knn,HTTP/1.1,contacts,,200,,,http://20.210.36.32:8080/prediction/knn,,
http_req_failed,1678217713,0.000000,,,,true,,POST,http://20.210.36.32:8080/prediction/knn,HTTP/1.1,contacts,,200,,,http://20.210.36.32:8080/prediction/knn,,
responseTime,1678217713,758.777583,,,,,,,,,contacts,,,,,,,
data_sent,1678217713,2088.000000,,,,,,,,,contacts,,,,,,,
data_received,1678217713,199.000000,,,,,,,,,contacts,,,,,,,
iteration_duration,1678217713,762.965303,,,,,,,,,contacts,,,,,,,
iterations,1678217713,1.000000,,,,,,,,,contacts,,,,,,,
http_reqs,1678217713,1.000000,,,,true,,POST,http://20.210.36.32:8080/prediction/knn,HTTP/1.1,contacts,,200,,,http://20.210.36.32:8080/prediction/knn,,
http_req_duration,1678217713,746.252024,,,,true,,POST,http://20.210.36.32:8080/prediction/knn,HTTP/1.1,contacts,,200,,,http://20.210.36.32:8080/prediction/knn,,
http_req_blocked,1678217713,4.216920,,,,true,,POST,http://20.210.36.32:8080/prediction/knn,HTTP/1.1,contacts,,200,,,http://20.210.36.32:8080/prediction/knn,,
http_req_connecting,1678217713,4.137519,,,,true,,POST,http://20.210.36.32:8080/prediction/knn,HTTP/1.1,contacts,,200,,,http://20.210.36.32:8080/prediction/knn,,
http_req_tls_handshaking,1678217713,0.000000,,,,true,,POST,http://20.210.36.32:8080/prediction/knn,HTTP/1.1,contacts,,200,,,http://20.210.36.32:8080/prediction/knn,,
http_req_sending,1678217713,0.068201,,,,true,,POST,http://20.210.36.32:8080/prediction/knn,HTTP/1.1,contacts,,200,,,http://20.210.36.32:8080/prediction/knn,,
http_req_waiting,1678217713,730.670850,,,,true,,POST,http://20.210.36.32:8080/prediction/knn,HTTP/1.1,contacts,,200,,,http://20.210.36.32:8080/prediction/knn,,
http_req_receiving,1678217713,15.512973,,,,true,,POST,http://20.210.36.32:8080/prediction/knn,HTTP/1.1,contacts,,200,,,http://20.210.36.32:8080/prediction/knn,,
http_req_failed,1678217713,0.000000,,,,true,,POST,http://20.210.36.32:8080/prediction/knn,HTTP/1.1,contacts,,200,,,http://20.210.36.32:8080/prediction/knn,,
responseTime,1678217713,746.252024,,,,,,,,,contacts,,,,,,,
data_sent,1678217713,2088.000000,,,,,,,,,contacts,,,,,,,
data_received,1678217713,199.000000,,,,,,,,,contacts,,,,,,,
iteration_duration,1678217713,751.033046,,,,,,,,,contacts,,,,,,,
iterations,1678217713,1.000000,,,,,,,,,contacts,,,,,,,
http_reqs,1678217713,1.000000,,,,true,,POST,http://20.210.36.32:8080/prediction/knn,HTTP/1.1,contacts,,200,,,http://20.210.36.32:8080/prediction/knn,,
http_req_duration,1678217713,907.236284,,,,true,,POST,http://20.210.36.32:8080/prediction/knn,HTTP/1.1,contacts,,200,,,http://20.210.36.32:8080/prediction/knn,,
http_req_blocked,1678217713,3.919718,,,,true,,POST,http://20.210.36.32:8080/prediction/knn,HTTP/1.1,contacts,,200,,,http://20.210.36.32:8080/prediction/knn,,
http_req_connecting,1678217713,3.853518,,,,true,,POST,http://20.210.36.32:8080/prediction/knn,HTTP/1.1,contacts,,200,,,http://20.210.36.32:8080/prediction/knn,,
http_req_tls_handshaking,1678217713,0.000000,,,,true,,POST,http://20.210.36.32:8080/prediction/knn,HTTP/1.1,contacts,,200,,,http://20.210.36.32:8080/prediction/knn,,
http_req_sending,1678217713,0.065300,,,,true,,POST,http://20.210.36.32:8080/prediction/knn,HTTP/1.1,contacts,,200,,,http://20.210.36.32:8080/prediction/knn,,
http_req_waiting,1678217713,907.044083,,,,true,,POST,http://20.210.36.32:8080/prediction/knn,HTTP/1.1,contacts,,200,,,http://20.210.36.32:8080/prediction/knn,,
http_req_receiving,1678217713,0.126901,,,,true,,POST,http://20.210.36.32:8080/prediction/knn,HTTP/1.1,contacts,,200,,,http://20.210.36.32:8080/prediction/knn,,
http_req_failed,1678217713,0.000000,,,,true,,POST,http://20.210.36.32:8080/prediction/knn,HTTP/1.1,contacts,,200,,,http://20.210.36.32:8080/prediction/knn,,
responseTime,1678217713,907.236284,,,,,,,,,contacts,,,,,,,
data_sent,1678217713,2088.000000,,,,,,,,,contacts,,,,,,,
data_received,1678217713,199.000000,,,,,,,,,contacts,,,,,,,
iteration_duration,1678217713,911.539504,,,,,,,,,contacts,,,,,,,
iterations,1678217713,1.000000,,,,,,,,,contacts,,,,,,,
http_reqs,1678217713,1.000000,,,,true,,POST,http://20.210.36.32:8080/prediction/knn,HTTP/1.1,contacts,,200,,,http://20.210.36.32:8080/prediction/knn,,
http_req_duration,1678217713,772.712849,,,,true,,POST,http://20.210.36.32:8080/prediction/knn,HTTP/1.1,contacts,,200,,,http://20.210.36.32:8080/prediction/knn,,
http_req_blocked,1678217713,7.456035,,,,true,,POST,http://20.210.36.32:8080/prediction/knn,HTTP/1.1,contacts,,200,,,http://20.210.36.32:8080/prediction/knn,,
http_req_connecting,1678217713,7.386335,,,,true,,POST,http://20.210.36.32:8080/prediction/knn,HTTP/1.1,contacts,,200,,,http://20.210.36.32:8080/prediction/knn,,
http_req_tls_handshaking,1678217713,0.000000,,,,true,,POST,http://20.210.36.32:8080/prediction/knn,HTTP/1.1,contacts,,200,,,http://20.210.36.32:8080/prediction/knn,,
http_req_sending,1678217713,0.057201,,,,true,,POST,http://20.210.36.32:8080/prediction/knn,HTTP/1.1,contacts,,200,,,http://20.210.36.32:8080/prediction/knn,,
http_req_waiting,1678217713,770.459838,,,,true,,POST,http://20.210.36.32:8080/prediction/knn,HTTP/1.1,contacts,,200,,,http://20.210.36.32:8080/prediction/knn,,
http_req_receiving,1678217713,2.195810,,,,true,,POST,http://20.210.36.32:8080/prediction/knn,HTTP/1.1,contacts,,200,,,http://20.210.36.32:8080/prediction/knn,,
http_req_failed,1678217713,0.000000,,,,true,,POST,http://20.210.36.32:8080/prediction/knn,HTTP/1.1,contacts,,200,,,http://20.210.36.32:8080/prediction/knn,,
responseTime,1678217713,772.712849,,,,,,,,,contacts,,,,,,,
data_sent,1678217713,2088.000000,,,,,,,,,contacts,,,,,,,
data_received,1678217713,199.000000,,,,,,,,,contacts,,,,,,,
iteration_duration,1678217713,780.585186,,,,,,,,,contacts,,,,,,,
iterations,1678217713,1.000000,,,,,,,,,contacts,,,,,,,
http_reqs,1678217713,1.000000,,,,true,,POST,http://20.210.36.32:8080/prediction/knn,HTTP/1.1,contacts,,200,,,http://20.210.36.32:8080/prediction/knn,,
http_req_duration,1678217713,905.008574,,,,true,,POST,http://20.210.36.32:8080/prediction/knn,HTTP/1.1,contacts,,200,,,http://20.210.36.32:8080/prediction/knn,,
http_req_blocked,1678217713,3.633117,,,,true,,POST,http://20.210.36.32:8080/prediction/knn,HTTP/1.1,contacts,,200,,,http://20.210.36.32:8080/prediction/knn,,
http_req_connecting,1678217713,3.540716,,,,true,,POST,http://20.210.36.32:8080/prediction/knn,HTTP/1.1,contacts,,200,,,http://20.210.36.32:8080/prediction/knn,,
http_req_tls_handshaking,1678217713,0.000000,,,,true,,POST,http://20.210.36.32:8080/prediction/knn,HTTP/1.1,contacts,,200,,,http://20.210.36.32:8080/prediction/knn,,
http_req_sending,1678217713,0.107101,,,,true,,POST,http://20.210.36.32:8080/prediction/knn,HTTP/1.1,contacts,,200,,,http://20.210.36.32:8080/prediction/knn,,
http_req_waiting,1678217713,892.254713,,,,true,,POST,http://20.210.36.32:8080/prediction/knn,HTTP/1.1,contacts,,200,,,http://20.210.36.32:8080/prediction/knn,,
http_req_receiving,1678217713,12.646760,,,,true,,POST,http://20.210.36.32:8080/prediction/knn,HTTP/1.1,contacts,,200,,,http://20.210.36.32:8080/prediction/knn,,
http_req_failed,1678217713,0.000000,,,,true,,POST,http://20.210.36.32:8080/prediction/knn,HTTP/1.1,contacts,,200,,,http://20.210.36.32:8080/prediction/knn,,
responseTime,1678217713,905.008574,,,,,,,,,contacts,,,,,,,
data_sent,1678217713,2088.000000,,,,,,,,,contacts,,,,,,,
data_received,1678217713,199.000000,,,,,,,,,contacts,,,,,,,
iteration_duration,1678217713,909.187293,,,,,,,,,contacts,,,,,,,
iterations,1678217713,1.000000,,,,,,,,,contacts,,,,,,,
http_reqs,1678217713,1.000000,,,,true,,POST,http://20.210.36.32:8080/prediction/knn,HTTP/1.1,contacts,,200,,,http://20.210.36.32:8080/prediction/knn,,
http_req_duration,1678217713,649.014865,,,,true,,POST,http://20.210.36.32:8080/prediction/knn,HTTP/1.1,contacts,,200,,,http://20.210.36.32:8080/prediction/knn,,
http_req_blocked,1678217713,2.201711,,,,true,,POST,http://20.210.36.32:8080/prediction/knn,HTTP/1.1,contacts,,200,,,http://20.210.36.32:8080/prediction/knn,,
http_req_connecting,1678217713,2.137110,,,,true,,POST,http://20.210.36.32:8080/prediction/knn,HTTP/1.1,contacts,,200,,,http://20.210.36.32:8080/prediction/knn,,
http_req_tls_handshaking,1678217713,0.000000,,,,true,,POST,http://20.210.36.32:8080/prediction/knn,HTTP/1.1,contacts,,200,,,http://20.210.36.32:8080/prediction/knn,,
http_req_sending,1678217713,0.088500,,,,true,,POST,http://20.210.36.32:8080/prediction/knn,HTTP/1.1,contacts,,200,,,http://20.210.36.32:8080/prediction/knn,,
http_req_waiting,1678217713,645.930350,,,,true,,POST,http://20.210.36.32:8080/prediction/knn,HTTP/1.1,contacts,,200,,,http://20.210.36.32:8080/prediction/knn,,
http_req_receiving,1678217713,2.996015,,,,true,,POST,http://20.210.36.32:8080/prediction/knn,HTTP/1.1,contacts,,200,,,http://20.210.36.32:8080/prediction/knn,,
http_req_failed,1678217713,0.000000,,,,true,,POST,http://20.210.36.32:8080/prediction/knn,HTTP/1.1,contacts,,200,,,http://20.210.36.32:8080/prediction/knn,,
responseTime,1678217713,649.014865,,,,,,,,,contacts,,,,,,,
data_sent,1678217713,2088.000000,,,,,,,,,contacts,,,,,,,
data_received,1678217713,199.000000,,,,,,,,,contacts,,,,,,,
iteration_duration,1678217713,651.671578,,,,,,,,,contacts,,,,,,,
iterations,1678217713,1.000000,,,,,,,,,contacts,,,,,,,
http_reqs,1678217713,1.000000,,,,true,,POST,http://20.210.36.32:8080/prediction/knn,HTTP/1.1,contacts,,200,,,http://20.210.36.32:8080/prediction/knn,,
http_req_duration,1678217713,686.769043,,,,true,,POST,http://20.210.36.32:8080/prediction/knn,HTTP/1.1,contacts,,200,,,http://20.210.36.32:8080/prediction/knn,,
http_req_blocked,1678217713,2.372411,,,,true,,POST,http://20.210.36.32:8080/prediction/knn,HTTP/1.1,contacts,,200,,,http://20.210.36.32:8080/prediction/knn,,
http_req_connecting,1678217713,2.298811,,,,true,,POST,http://20.210.36.32:8080/prediction/knn,HTTP/1.1,contacts,,200,,,http://20.210.36.32:8080/prediction/knn,,
http_req_tls_handshaking,1678217713,0.000000,,,,true,,POST,http://20.210.36.32:8080/prediction/knn,HTTP/1.1,contacts,,200,,,http://20.210.36.32:8080/prediction/knn,,
http_req_sending,1678217713,0.055800,,,,true,,POST,http://20.210.36.32:8080/prediction/knn,HTTP/1.1,contacts,,200,,,http://20.210.36.32:8080/prediction/knn,,
http_req_waiting,1678217713,686.618642,,,,true,,POST,http://20.210.36.32:8080/prediction/knn,HTTP/1.1,contacts,,200,,,http://20.210.36.32:8080/prediction/knn,,
http_req_receiving,1678217713,0.094601,,,,true,,POST,http://20.210.36.32:8080/prediction/knn,HTTP/1.1,contacts,,200,,,http://20.210.36.32:8080/prediction/knn,,
http_req_failed,1678217713,0.000000,,,,true,,POST,http://20.210.36.32:8080/prediction/knn,HTTP/1.1,contacts,,200,,,http://20.210.36.32:8080/prediction/knn,,
responseTime,1678217713,686.769043,,,,,,,,,contacts,,,,,,,
data_sent,1678217713,2088.000000,,,,,,,,,contacts,,,,,,,
data_received,1678217713,199.000000,,,,,,,,,contacts,,,,,,,
iteration_duration,1678217713,689.888058,,,,,,,,,contacts,,,,,,,
iterations,1678217713,1.000000,,,,,,,,,contacts,,,,,,,
http_reqs,1678217713,1.000000,,,,true,,POST,http://20.210.36.32:8080/prediction/knn,HTTP/1.1,contacts,,200,,,http://20.210.36.32:8080/prediction/knn,,
http_req_duration,1678217713,743.558712,,,,true,,POST,http://20.210.36.32:8080/prediction/knn,HTTP/1.1,contacts,,200,,,http://20.210.36.32:8080/prediction/knn,,
http_req_blocked,1678217713,3.024314,,,,true,,POST,http://20.210.36.32:8080/prediction/knn,HTTP/1.1,contacts,,200,,,http://20.210.36.32:8080/prediction/knn,,
http_req_connecting,1678217713,2.861313,,,,true,,POST,http://20.210.36.32:8080/prediction/knn,HTTP/1.1,contacts,,200,,,http://20.210.36.32:8080/prediction/knn,,
http_req_tls_handshaking,1678217713,0.000000,,,,true,,POST,http://20.210.36.32:8080/prediction/knn,HTTP/1.1,contacts,,200,,,http://20.210.36.32:8080/prediction/knn,,
http_req_sending,1678217713,0.169001,,,,true,,POST,http://20.210.36.32:8080/prediction/knn,HTTP/1.1,contacts,,200,,,http://20.210.36.32:8080/prediction/knn,,
http_req_waiting,1678217713,740.744998,,,,true,,POST,http://20.210.36.32:8080/prediction/knn,HTTP/1.1,contacts,,200,,,http://20.210.36.32:8080/prediction/knn,,
http_req_receiving,1678217713,2.644713,,,,true,,POST,http://20.210.36.32:8080/prediction/knn,HTTP/1.1,contacts,,200,,,http://20.210.36.32:8080/prediction/knn,,
http_req_failed,1678217713,0.000000,,,,true,,POST,http://20.210.36.32:8080/prediction/knn,HTTP/1.1,contacts,,200,,,http://20.210.36.32:8080/prediction/knn,,
responseTime,1678217713,743.558712,,,,,,,,,contacts,,,,,,,
data_sent,1678217713,2088.000000,,,,,,,,,contacts,,,,,,,
data_received,1678217713,199.000000,,,,,,,,,contacts,,,,,,,
iteration_duration,1678217713,747.318429,,,,,,,,,contacts,,,,,,,
iterations,1678217713,1.000000,,,,,,,,,contacts,,,,,,,
http_reqs,1678217713,1.000000,,,,true,,POST,http://20.210.36.32:8080/prediction/knn,HTTP/1.1,contacts,,200,,,http://20.210.36.32:8080/prediction/knn,,
http_req_duration,1678217713,928.687786,,,,true,,POST,http://20.210.36.32:8080/prediction/knn,HTTP/1.1,contacts,,200,,,http://20.210.36.32:8080/prediction/knn,,
http_req_blocked,1678217713,4.171619,,,,true,,POST,http://20.210.36.32:8080/prediction/knn,HTTP/1.1,contacts,,200,,,http://20.210.36.32:8080/prediction/knn,,
http_req_connecting,1678217713,4.085919,,,,true,,POST,http://20.210.36.32:8080/prediction/knn,HTTP/1.1,contacts,,200,,,http://20.210.36.32:8080/prediction/knn,,
http_req_tls_handshaking,1678217713,0.000000,,,,true,,POST,http://20.210.36.32:8080/prediction/knn,HTTP/1.1,contacts,,200,,,http://20.210.36.32:8080/prediction/knn,,
http_req_sending,1678217713,0.057100,,,,true,,POST,http://20.210.36.32:8080/prediction/knn,HTTP/1.1,contacts,,200,,,http://20.210.36.32:8080/prediction/knn,,
http_req_waiting,1678217713,928.539585,,,,true,,POST,http://20.210.36.32:8080/prediction/knn,HTTP/1.1,contacts,,200,,,http://20.210.36.32:8080/prediction/knn,,
http_req_receiving,1678217713,0.091101,,,,true,,POST,http://20.210.36.32:8080/prediction/knn,HTTP/1.1,contacts,,200,,,http://20.210.36.32:8080/prediction/knn,,
http_req_failed,1678217713,0.000000,,,,true,,POST,http://20.210.36.32:8080/prediction/knn,HTTP/1.1,contacts,,200,,,http://20.210.36.32:8080/prediction/knn,,
responseTime,1678217713,928.687786,,,,,,,,,contacts,,,,,,,
data_sent,1678217713,2088.000000,,,,,,,,,contacts,,,,,,,
data_received,1678217713,199.000000,,,,,,,,,contacts,,,,,,,
iteration_duration,1678217713,933.216606,,,,,,,,,contacts,,,,,,,
iterations,1678217713,1.000000,,,,,,,,,contacts,,,,,,,
http_reqs,1678217713,1.000000,,,,true,,POST,http://20.210.36.32:8080/prediction/knn,HTTP/1.1,contacts,,200,,,http://20.210.36.32:8080/prediction/knn,,
http_req_duration,1678217713,811.041730,,,,true,,POST,http://20.210.36.32:8080/prediction/knn,HTTP/1.1,contacts,,200,,,http://20.210.36.32:8080/prediction/knn,,
http_req_blocked,1678217713,2.328211,,,,true,,POST,http://20.210.36.32:8080/prediction/knn,HTTP/1.1,contacts,,200,,,http://20.210.36.32:8080/prediction/knn,,
http_req_connecting,1678217713,2.207411,,,,true,,POST,http://20.210.36.32:8080/prediction/knn,HTTP/1.1,contacts,,200,,,http://20.210.36.32:8080/prediction/knn,,
http_req_tls_handshaking,1678217713,0.000000,,,,true,,POST,http://20.210.36.32:8080/prediction/knn,HTTP/1.1,contacts,,200,,,http://20.210.36.32:8080/prediction/knn,,
http_req_sending,1678217713,0.108000,,,,true,,POST,http://20.210.36.32:8080/prediction/knn,HTTP/1.1,contacts,,200,,,http://20.210.36.32:8080/prediction/knn,,
http_req_waiting,1678217713,810.863329,,,,true,,POST,http://20.210.36.32:8080/prediction/knn,HTTP/1.1,contacts,,200,,,http://20.210.36.32:8080/prediction/knn,,
http_req_receiving,1678217713,0.070401,,,,true,,POST,http://20.210.36.32:8080/prediction/knn,HTTP/1.1,contacts,,200,,,http://20.210.36.32:8080/prediction/knn,,
http_req_failed,1678217713,0.000000,,,,true,,POST,http://20.210.36.32:8080/prediction/knn,HTTP/1.1,contacts,,200,,,http://20.210.36.32:8080/prediction/knn,,
responseTime,1678217713,811.041730,,,,,,,,,contacts,,,,,,,
data_sent,1678217713,2088.000000,,,,,,,,,contacts,,,,,,,
data_received,1678217713,199.000000,,,,,,,,,contacts,,,,,,,
iteration_duration,1678217713,813.861144,,,,,,,,,contacts,,,,,,,
iterations,1678217713,1.000000,,,,,,,,,contacts,,,,,,,
http_reqs,1678217713,1.000000,,,,true,,POST,http://20.210.36.32:8080/prediction/knn,HTTP/1.1,contacts,,200,,,http://20.210.36.32:8080/prediction/knn,,
http_req_duration,1678217713,905.041973,,,,true,,POST,http://20.210.36.32:8080/prediction/knn,HTTP/1.1,contacts,,200,,,http://20.210.36.32:8080/prediction/knn,,
http_req_blocked,1678217713,3.932519,,,,true,,POST,http://20.210.36.32:8080/prediction/knn,HTTP/1.1,contacts,,200,,,http://20.210.36.32:8080/prediction/knn,,
http_req_connecting,1678217713,3.835718,,,,true,,POST,http://20.210.36.32:8080/prediction/knn,HTTP/1.1,contacts,,200,,,http://20.210.36.32:8080/prediction/knn,,
http_req_tls_handshaking,1678217713,0.000000,,,,true,,POST,http://20.210.36.32:8080/prediction/knn,HTTP/1.1,contacts,,200,,,http://20.210.36.32:8080/prediction/knn,,
http_req_sending,1678217713,0.092000,,,,true,,POST,http://20.210.36.32:8080/prediction/knn,HTTP/1.1,contacts,,200,,,http://20.210.36.32:8080/prediction/knn,,
http_req_waiting,1678217713,904.869673,,,,true,,POST,http://20.210.36.32:8080/prediction/knn,HTTP/1.1,contacts,,200,,,http://20.210.36.32:8080/prediction/knn,,
http_req_receiving,1678217713,0.080300,,,,true,,POST,http://20.210.36.32:8080/prediction/knn,HTTP/1.1,contacts,,200,,,http://20.210.36.32:8080/prediction/knn,,
http_req_failed,1678217713,0.000000,,,,true,,POST,http://20.210.36.32:8080/prediction/knn,HTTP/1.1,contacts,,200,,,http://20.210.36.32:8080/prediction/knn,,
responseTime,1678217713,905.041973,,,,,,,,,contacts,,,,,,,
data_sent,1678217713,2088.000000,,,,,,,,,contacts,,,,,,,
data_received,1678217713,199.000000,,,,,,,,,contacts,,,,,,,
iteration_duration,1678217713,909.653195,,,,,,,,,contacts,,,,,,,
iterations,1678217713,1.000000,,,,,,,,,contacts,,,,,,,
vus,1678217713,44.000000,,,,,,,,,,,,,,,,
vus_max,1678217713,100.000000,,,,,,,,,,,,,,,,
http_reqs,1678217713,1.000000,,,,true,,POST,http://20.210.36.32:8080/prediction/knn,HTTP/1.1,contacts,,200,,,http://20.210.36.32:8080/prediction/knn,,
http_req_duration,1678217713,716.600983,,,,true,,POST,http://20.210.36.32:8080/prediction/knn,HTTP/1.1,contacts,,200,,,http://20.210.36.32:8080/prediction/knn,,
http_req_blocked,1678217713,2.059010,,,,true,,POST,http://20.210.36.32:8080/prediction/knn,HTTP/1.1,contacts,,200,,,http://20.210.36.32:8080/prediction/knn,,
http_req_connecting,1678217713,1.999010,,,,true,,POST,http://20.210.36.32:8080/prediction/knn,HTTP/1.1,contacts,,200,,,http://20.210.36.32:8080/prediction/knn,,
http_req_tls_handshaking,1678217713,0.000000,,,,true,,POST,http://20.210.36.32:8080/prediction/knn,HTTP/1.1,contacts,,200,,,http://20.210.36.32:8080/prediction/knn,,
http_req_sending,1678217713,0.061200,,,,true,,POST,http://20.210.36.32:8080/prediction/knn,HTTP/1.1,contacts,,200,,,http://20.210.36.32:8080/prediction/knn,,
http_req_waiting,1678217713,705.539032,,,,true,,POST,http://20.210.36.32:8080/prediction/knn,HTTP/1.1,contacts,,200,,,http://20.210.36.32:8080/prediction/knn,,
http_req_receiving,1678217713,11.000751,,,,true,,POST,http://20.210.36.32:8080/prediction/knn,HTTP/1.1,contacts,,200,,,http://20.210.36.32:8080/prediction/knn,,
http_req_failed,1678217713,0.000000,,,,true,,POST,http://20.210.36.32:8080/prediction/knn,HTTP/1.1,contacts,,200,,,http://20.210.36.32:8080/prediction/knn,,
responseTime,1678217713,716.600983,,,,,,,,,contacts,,,,,,,
data_sent,1678217713,2088.000000,,,,,,,,,contacts,,,,,,,
data_received,1678217713,199.000000,,,,,,,,,contacts,,,,,,,
iteration_duration,1678217713,719.546698,,,,,,,,,contacts,,,,,,,
iterations,1678217713,1.000000,,,,,,,,,contacts,,,,,,,
http_reqs,1678217713,1.000000,,,,true,,POST,http://20.210.36.32:8080/prediction/knn,HTTP/1.1,contacts,,200,,,http://20.210.36.32:8080/prediction/knn,,
http_req_duration,1678217713,762.519800,,,,true,,POST,http://20.210.36.32:8080/prediction/knn,HTTP/1.1,contacts,,200,,,http://20.210.36.32:8080/prediction/knn,,
http_req_blocked,1678217713,1.977009,,,,true,,POST,http://20.210.36.32:8080/prediction/knn,HTTP/1.1,contacts,,200,,,http://20.210.36.32:8080/prediction/knn,,
http_req_connecting,1678217713,1.862309,,,,true,,POST,http://20.210.36.32:8080/prediction/knn,HTTP/1.1,contacts,,200,,,http://20.210.36.32:8080/prediction/knn,,
http_req_tls_handshaking,1678217713,0.000000,,,,true,,POST,http://20.210.36.32:8080/prediction/knn,HTTP/1.1,contacts,,200,,,http://20.210.36.32:8080/prediction/knn,,
http_req_sending,1678217713,0.130100,,,,true,,POST,http://20.210.36.32:8080/prediction/knn,HTTP/1.1,contacts,,200,,,http://20.210.36.32:8080/prediction/knn,,
http_req_waiting,1678217713,762.251600,,,,true,,POST,http://20.210.36.32:8080/prediction/knn,HTTP/1.1,contacts,,200,,,http://20.210.36.32:8080/prediction/knn,,
http_req_receiving,1678217713,0.138100,,,,true,,POST,http://20.210.36.32:8080/prediction/knn,HTTP/1.1,contacts,,200,,,http://20.210.36.32:8080/prediction/knn,,
http_req_failed,1678217713,0.000000,,,,true,,POST,http://20.210.36.32:8080/prediction/knn,HTTP/1.1,contacts,,200,,,http://20.210.36.32:8080/prediction/knn,,
responseTime,1678217713,762.519800,,,,,,,,,contacts,,,,,,,
data_sent,1678217713,2088.000000,,,,,,,,,contacts,,,,,,,
data_received,1678217713,199.000000,,,,,,,,,contacts,,,,,,,
iteration_duration,1678217713,765.105913,,,,,,,,,contacts,,,,,,,
iterations,1678217713,1.000000,,,,,,,,,contacts,,,,,,,
http_reqs,1678217713,1.000000,,,,true,,POST,http://20.210.36.32:8080/prediction/knn,HTTP/1.1,contacts,,200,,,http://20.210.36.32:8080/prediction/knn,,
http_req_duration,1678217713,749.552339,,,,true,,POST,http://20.210.36.32:8080/prediction/knn,HTTP/1.1,contacts,,200,,,http://20.210.36.32:8080/prediction/knn,,
http_req_blocked,1678217713,2.102010,,,,true,,POST,http://20.210.36.32:8080/prediction/knn,HTTP/1.1,contacts,,200,,,http://20.210.36.32:8080/prediction/knn,,
http_req_connecting,1678217713,1.987609,,,,true,,POST,http://20.210.36.32:8080/prediction/knn,HTTP/1.1,contacts,,200,,,http://20.210.36.32:8080/prediction/knn,,
http_req_tls_handshaking,1678217713,0.000000,,,,true,,POST,http://20.210.36.32:8080/prediction/knn,HTTP/1.1,contacts,,200,,,http://20.210.36.32:8080/prediction/knn,,
http_req_sending,1678217713,0.080500,,,,true,,POST,http://20.210.36.32:8080/prediction/knn,HTTP/1.1,contacts,,200,,,http://20.210.36.32:8080/prediction/knn,,
http_req_waiting,1678217713,749.359639,,,,true,,POST,http://20.210.36.32:8080/prediction/knn,HTTP/1.1,contacts,,200,,,http://20.210.36.32:8080/prediction/knn,,
http_req_receiving,1678217713,0.112200,,,,true,,POST,http://20.210.36.32:8080/prediction/knn,HTTP/1.1,contacts,,200,,,http://20.210.36.32:8080/prediction/knn,,
http_req_failed,1678217713,0.000000,,,,true,,POST,http://20.210.36.32:8080/prediction/knn,HTTP/1.1,contacts,,200,,,http://20.210.36.32:8080/prediction/knn,,
responseTime,1678217713,749.552339,,,,,,,,,contacts,,,,,,,
data_sent,1678217713,2088.000000,,,,,,,,,contacts,,,,,,,
data_received,1678217713,199.000000,,,,,,,,,contacts,,,,,,,
iteration_duration,1678217713,752.489854,,,,,,,,,contacts,,,,,,,
iterations,1678217713,1.000000,,,,,,,,,contacts,,,,,,,
http_reqs,1678217713,1.000000,,,,true,,POST,http://20.210.36.32:8080/prediction/knn,HTTP/1.1,contacts,,200,,,http://20.210.36.32:8080/prediction/knn,,
http_req_duration,1678217713,831.137625,,,,true,,POST,http://20.210.36.32:8080/prediction/knn,HTTP/1.1,contacts,,200,,,http://20.210.36.32:8080/prediction/knn,,
http_req_blocked,1678217713,2.015410,,,,true,,POST,http://20.210.36.32:8080/prediction/knn,HTTP/1.1,contacts,,200,,,http://20.210.36.32:8080/prediction/knn,,
http_req_connecting,1678217713,1.948209,,,,true,,POST,http://20.210.36.32:8080/prediction/knn,HTTP/1.1,contacts,,200,,,http://20.210.36.32:8080/prediction/knn,,
http_req_tls_handshaking,1678217713,0.000000,,,,true,,POST,http://20.210.36.32:8080/prediction/knn,HTTP/1.1,contacts,,200,,,http://20.210.36.32:8080/prediction/knn,,
http_req_sending,1678217713,0.066500,,,,true,,POST,http://20.210.36.32:8080/prediction/knn,HTTP/1.1,contacts,,200,,,http://20.210.36.32:8080/prediction/knn,,
http_req_waiting,1678217713,826.268802,,,,true,,POST,http://20.210.36.32:8080/prediction/knn,HTTP/1.1,contacts,,200,,,http://20.210.36.32:8080/prediction/knn,,
http_req_receiving,1678217713,4.802323,,,,true,,POST,http://20.210.36.32:8080/prediction/knn,HTTP/1.1,contacts,,200,,,http://20.210.36.32:8080/prediction/knn,,
http_req_failed,1678217713,0.000000,,,,true,,POST,http://20.210.36.32:8080/prediction/knn,HTTP/1.1,contacts,,200,,,http://20.210.36.32:8080/prediction/knn,,
responseTime,1678217713,831.137625,,,,,,,,,contacts,,,,,,,
data_sent,1678217713,2088.000000,,,,,,,,,contacts,,,,,,,
data_received,1678217713,199.000000,,,,,,,,,contacts,,,,,,,
iteration_duration,1678217713,833.568037,,,,,,,,,contacts,,,,,,,
iterations,1678217713,1.000000,,,,,,,,,contacts,,,,,,,
http_reqs,1678217713,1.000000,,,,true,,POST,http://20.210.36.32:8080/prediction/knn,HTTP/1.1,contacts,,200,,,http://20.210.36.32:8080/prediction/knn,,
http_req_duration,1678217713,847.656002,,,,true,,POST,http://20.210.36.32:8080/prediction/knn,HTTP/1.1,contacts,,200,,,http://20.210.36.32:8080/prediction/knn,,
http_req_blocked,1678217713,2.270311,,,,true,,POST,http://20.210.36.32:8080/prediction/knn,HTTP/1.1,contacts,,200,,,http://20.210.36.32:8080/prediction/knn,,
http_req_connecting,1678217713,2.221211,,,,true,,POST,http://20.210.36.32:8080/prediction/knn,HTTP/1.1,contacts,,200,,,http://20.210.36.32:8080/prediction/knn,,
http_req_tls_handshaking,1678217713,0.000000,,,,true,,POST,http://20.210.36.32:8080/prediction/knn,HTTP/1.1,contacts,,200,,,http://20.210.36.32:8080/prediction/knn,,
http_req_sending,1678217713,0.052800,,,,true,,POST,http://20.210.36.32:8080/prediction/knn,HTTP/1.1,contacts,,200,,,http://20.210.36.32:8080/prediction/knn,,
http_req_waiting,1678217713,847.412401,,,,true,,POST,http://20.210.36.32:8080/prediction/knn,HTTP/1.1,contacts,,200,,,http://20.210.36.32:8080/prediction/knn,,
http_req_receiving,1678217713,0.190801,,,,true,,POST,http://20.210.36.32:8080/prediction/knn,HTTP/1.1,contacts,,200,,,http://20.210.36.32:8080/prediction/knn,,
http_req_failed,1678217713,0.000000,,,,true,,POST,http://20.210.36.32:8080/prediction/knn,HTTP/1.1,contacts,,200,,,http://20.210.36.32:8080/prediction/knn,,
responseTime,1678217713,847.656002,,,,,,,,,contacts,,,,,,,
data_sent,1678217713,2088.000000,,,,,,,,,contacts,,,,,,,
data_received,1678217713,199.000000,,,,,,,,,contacts,,,,,,,
iteration_duration,1678217713,850.344115,,,,,,,,,contacts,,,,,,,
iterations,1678217713,1.000000,,,,,,,,,contacts,,,,,,,
http_reqs,1678217713,1.000000,,,,true,,POST,http://20.210.36.32:8080/prediction/knn,HTTP/1.1,contacts,,200,,,http://20.210.36.32:8080/prediction/knn,,
http_req_duration,1678217713,834.138539,,,,true,,POST,http://20.210.36.32:8080/prediction/knn,HTTP/1.1,contacts,,200,,,http://20.210.36.32:8080/prediction/knn,,
http_req_blocked,1678217713,2.122810,,,,true,,POST,http://20.210.36.32:8080/prediction/knn,HTTP/1.1,contacts,,200,,,http://20.210.36.32:8080/prediction/knn,,
http_req_connecting,1678217713,2.070810,,,,true,,POST,http://20.210.36.32:8080/prediction/knn,HTTP/1.1,contacts,,200,,,http://20.210.36.32:8080/prediction/knn,,
http_req_tls_handshaking,1678217713,0.000000,,,,true,,POST,http://20.210.36.32:8080/prediction/knn,HTTP/1.1,contacts,,200,,,http://20.210.36.32:8080/prediction/knn,,
http_req_sending,1678217713,0.056100,,,,true,,POST,http://20.210.36.32:8080/prediction/knn,HTTP/1.1,contacts,,200,,,http://20.210.36.32:8080/prediction/knn,,
http_req_waiting,1678217713,833.979738,,,,true,,POST,http://20.210.36.32:8080/prediction/knn,HTTP/1.1,contacts,,200,,,http://20.210.36.32:8080/prediction/knn,,
http_req_receiving,1678217713,0.102701,,,,true,,POST,http://20.210.36.32:8080/prediction/knn,HTTP/1.1,contacts,,200,,,http://20.210.36.32:8080/prediction/knn,,
http_req_failed,1678217713,0.000000,,,,true,,POST,http://20.210.36.32:8080/prediction/knn,HTTP/1.1,contacts,,200,,,http://20.210.36.32:8080/prediction/knn,,
responseTime,1678217713,834.138539,,,,,,,,,contacts,,,,,,,
data_sent,1678217713,2088.000000,,,,,,,,,contacts,,,,,,,
data_received,1678217713,199.000000,,,,,,,,,contacts,,,,,,,
iteration_duration,1678217713,836.711351,,,,,,,,,contacts,,,,,,,
iterations,1678217713,1.000000,,,,,,,,,contacts,,,,,,,
http_reqs,1678217713,1.000000,,,,true,,POST,http://20.210.36.32:8080/prediction/knn,HTTP/1.1,contacts,,200,,,http://20.210.36.32:8080/prediction/knn,,
http_req_duration,1678217713,839.092562,,,,true,,POST,http://20.210.36.32:8080/prediction/knn,HTTP/1.1,contacts,,200,,,http://20.210.36.32:8080/prediction/knn,,
http_req_blocked,1678217713,2.260211,,,,true,,POST,http://20.210.36.32:8080/prediction/knn,HTTP/1.1,contacts,,200,,,http://20.210.36.32:8080/prediction/knn,,
http_req_connecting,1678217713,2.175311,,,,true,,POST,http://20.210.36.32:8080/prediction/knn,HTTP/1.1,contacts,,200,,,http://20.210.36.32:8080/prediction/knn,,
http_req_tls_handshaking,1678217713,0.000000,,,,true,,POST,http://20.210.36.32:8080/prediction/knn,HTTP/1.1,contacts,,200,,,http://20.210.36.32:8080/prediction/knn,,
http_req_sending,1678217713,0.109900,,,,true,,POST,http://20.210.36.32:8080/prediction/knn,HTTP/1.1,contacts,,200,,,http://20.210.36.32:8080/prediction/knn,,
http_req_waiting,1678217713,838.855061,,,,true,,POST,http://20.210.36.32:8080/prediction/knn,HTTP/1.1,contacts,,200,,,http://20.210.36.32:8080/prediction/knn,,
http_req_receiving,1678217713,0.127601,,,,true,,POST,http://20.210.36.32:8080/prediction/knn,HTTP/1.1,contacts,,200,,,http://20.210.36.32:8080/prediction/knn,,
http_req_failed,1678217713,0.000000,,,,true,,POST,http://20.210.36.32:8080/prediction/knn,HTTP/1.1,contacts,,200,,,http://20.210.36.32:8080/prediction/knn,,
responseTime,1678217713,839.092562,,,,,,,,,contacts,,,,,,,
http_reqs,1678217713,1.000000,,,,true,,POST,http://20.210.36.32:8080/prediction/knn,HTTP/1.1,contacts,,200,,,http://20.210.36.32:8080/prediction/knn,,
http_req_duration,1678217713,835.981347,,,,true,,POST,http://20.210.36.32:8080/prediction/knn,HTTP/1.1,contacts,,200,,,http://20.210.36.32:8080/prediction/knn,,
http_req_blocked,1678217713,2.012810,,,,true,,POST,http://20.210.36.32:8080/prediction/knn,HTTP/1.1,contacts,,200,,,http://20.210.36.32:8080/prediction/knn,,
http_req_connecting,1678217713,1.957110,,,,true,,POST,http://20.210.36.32:8080/prediction/knn,HTTP/1.1,contacts,,200,,,http://20.210.36.32:8080/prediction/knn,,
http_req_tls_handshaking,1678217713,0.000000,,,,true,,POST,http://20.210.36.32:8080/prediction/knn,HTTP/1.1,contacts,,200,,,http://20.210.36.32:8080/prediction/knn,,
http_req_sending,1678217713,0.055000,,,,true,,POST,http://20.210.36.32:8080/prediction/knn,HTTP/1.1,contacts,,200,,,http://20.210.36.32:8080/prediction/knn,,
http_req_waiting,1678217713,835.863047,,,,true,,POST,http://20.210.36.32:8080/prediction/knn,HTTP/1.1,contacts,,200,,,http://20.210.36.32:8080/prediction/knn,,
http_req_receiving,1678217713,0.063300,,,,true,,POST,http://20.210.36.32:8080/prediction/knn,HTTP/1.1,contacts,,200,,,http://20.210.36.32:8080/prediction/knn,,
http_req_failed,1678217713,0.000000,,,,true,,POST,http://20.210.36.32:8080/prediction/knn,HTTP/1.1,contacts,,200,,,http://20.210.36.32:8080/prediction/knn,,
responseTime,1678217713,835.981347,,,,,,,,,contacts,,,,,,,
data_sent,1678217713,2088.000000,,,,,,,,,contacts,,,,,,,
data_received,1678217713,199.000000,,,,,,,,,contacts,,,,,,,
iteration_duration,1678217713,838.430059,,,,,,,,,contacts,,,,,,,
iterations,1678217713,1.000000,,,,,,,,,contacts,,,,,,,
data_sent,1678217713,2088.000000,,,,,,,,,contacts,,,,,,,
data_received,1678217713,199.000000,,,,,,,,,contacts,,,,,,,
iteration_duration,1678217713,841.856976,,,,,,,,,contacts,,,,,,,
iterations,1678217713,1.000000,,,,,,,,,contacts,,,,,,,
http_reqs,1678217713,1.000000,,,,true,,POST,http://20.210.36.32:8080/prediction/knn,HTTP/1.1,contacts,,200,,,http://20.210.36.32:8080/prediction/knn,,
http_req_duration,1678217713,835.528546,,,,true,,POST,http://20.210.36.32:8080/prediction/knn,HTTP/1.1,contacts,,200,,,http://20.210.36.32:8080/prediction/knn,,
http_req_blocked,1678217713,2.406611,,,,true,,POST,http://20.210.36.32:8080/prediction/knn,HTTP/1.1,contacts,,200,,,http://20.210.36.32:8080/prediction/knn,,
http_req_connecting,1678217713,2.335911,,,,true,,POST,http://20.210.36.32:8080/prediction/knn,HTTP/1.1,contacts,,200,,,http://20.210.36.32:8080/prediction/knn,,
http_req_tls_handshaking,1678217713,0.000000,,,,true,,POST,http://20.210.36.32:8080/prediction/knn,HTTP/1.1,contacts,,200,,,http://20.210.36.32:8080/prediction/knn,,
http_req_sending,1678217713,0.043400,,,,true,,POST,http://20.210.36.32:8080/prediction/knn,HTTP/1.1,contacts,,200,,,http://20.210.36.32:8080/prediction/knn,,
http_req_waiting,1678217713,835.422245,,,,true,,POST,http://20.210.36.32:8080/prediction/knn,HTTP/1.1,contacts,,200,,,http://20.210.36.32:8080/prediction/knn,,
http_req_receiving,1678217713,0.062901,,,,true,,POST,http://20.210.36.32:8080/prediction/knn,HTTP/1.1,contacts,,200,,,http://20.210.36.32:8080/prediction/knn,,
http_req_failed,1678217713,0.000000,,,,true,,POST,http://20.210.36.32:8080/prediction/knn,HTTP/1.1,contacts,,200,,,http://20.210.36.32:8080/prediction/knn,,
responseTime,1678217713,835.528546,,,,,,,,,contacts,,,,,,,
data_sent,1678217713,2088.000000,,,,,,,,,contacts,,,,,,,
data_received,1678217713,199.000000,,,,,,,,,contacts,,,,,,,
iteration_duration,1678217713,838.298959,,,,,,,,,contacts,,,,,,,
iterations,1678217713,1.000000,,,,,,,,,contacts,,,,,,,
http_reqs,1678217713,1.000000,,,,true,,POST,http://20.210.36.32:8080/prediction/knn,HTTP/1.1,contacts,,200,,,http://20.210.36.32:8080/prediction/knn,,
http_req_duration,1678217713,671.519171,,,,true,,POST,http://20.210.36.32:8080/prediction/knn,HTTP/1.1,contacts,,200,,,http://20.210.36.32:8080/prediction/knn,,
http_req_blocked,1678217713,2.652113,,,,true,,POST,http://20.210.36.32:8080/prediction/knn,HTTP/1.1,contacts,,200,,,http://20.210.36.32:8080/prediction/knn,,
http_req_connecting,1678217713,2.567712,,,,true,,POST,http://20.210.36.32:8080/prediction/knn,HTTP/1.1,contacts,,200,,,http://20.210.36.32:8080/prediction/knn,,
http_req_tls_handshaking,1678217713,0.000000,,,,true,,POST,http://20.210.36.32:8080/prediction/knn,HTTP/1.1,contacts,,200,,,http://20.210.36.32:8080/prediction/knn,,
http_req_sending,1678217713,0.080400,,,,true,,POST,http://20.210.36.32:8080/prediction/knn,HTTP/1.1,contacts,,200,,,http://20.210.36.32:8080/prediction/knn,,
http_req_waiting,1678217713,671.338070,,,,true,,POST,http://20.210.36.32:8080/prediction/knn,HTTP/1.1,contacts,,200,,,http://20.210.36.32:8080/prediction/knn,,
http_req_receiving,1678217713,0.100701,,,,true,,POST,http://20.210.36.32:8080/prediction/knn,HTTP/1.1,contacts,,200,,,http://20.210.36.32:8080/prediction/knn,,
http_req_failed,1678217713,0.000000,,,,true,,POST,http://20.210.36.32:8080/prediction/knn,HTTP/1.1,contacts,,200,,,http://20.210.36.32:8080/prediction/knn,,
responseTime,1678217713,671.519171,,,,,,,,,contacts,,,,,,,
data_sent,1678217713,2088.000000,,,,,,,,,contacts,,,,,,,
data_received,1678217713,199.000000,,,,,,,,,contacts,,,,,,,
iteration_duration,1678217713,674.736786,,,,,,,,,contacts,,,,,,,
iterations,1678217713,1.000000,,,,,,,,,contacts,,,,,,,
http_reqs,1678217713,1.000000,,,,true,,POST,http://20.210.36.32:8080/prediction/knn,HTTP/1.1,contacts,,200,,,http://20.210.36.32:8080/prediction/knn,,
http_req_duration,1678217713,783.398500,,,,true,,POST,http://20.210.36.32:8080/prediction/knn,HTTP/1.1,contacts,,200,,,http://20.210.36.32:8080/prediction/knn,,
http_req_blocked,1678217713,2.307210,,,,true,,POST,http://20.210.36.32:8080/prediction/knn,HTTP/1.1,contacts,,200,,,http://20.210.36.32:8080/prediction/knn,,
http_req_connecting,1678217713,2.237310,,,,true,,POST,http://20.210.36.32:8080/prediction/knn,HTTP/1.1,contacts,,200,,,http://20.210.36.32:8080/prediction/knn,,
http_req_tls_handshaking,1678217713,0.000000,,,,true,,POST,http://20.210.36.32:8080/prediction/knn,HTTP/1.1,contacts,,200,,,http://20.210.36.32:8080/prediction/knn,,
http_req_sending,1678217713,0.056401,,,,true,,POST,http://20.210.36.32:8080/prediction/knn,HTTP/1.1,contacts,,200,,,http://20.210.36.32:8080/prediction/knn,,
http_req_waiting,1678217713,783.155698,,,,true,,POST,http://20.210.36.32:8080/prediction/knn,HTTP/1.1,contacts,,200,,,http://20.210.36.32:8080/prediction/knn,,
http_req_receiving,1678217713,0.186401,,,,true,,POST,http://20.210.36.32:8080/prediction/knn,HTTP/1.1,contacts,,200,,,http://20.210.36.32:8080/prediction/knn,,
http_req_failed,1678217713,0.000000,,,,true,,POST,http://20.210.36.32:8080/prediction/knn,HTTP/1.1,contacts,,200,,,http://20.210.36.32:8080/prediction/knn,,
http_reqs,1678217713,1.000000,,,,true,,POST,http://20.210.36.32:8080/prediction/knn,HTTP/1.1,contacts,,200,,,http://20.210.36.32:8080/prediction/knn,,
http_req_duration,1678217713,745.910623,,,,true,,POST,http://20.210.36.32:8080/prediction/knn,HTTP/1.1,contacts,,200,,,http://20.210.36.32:8080/prediction/knn,,
http_req_blocked,1678217713,2.622013,,,,true,,POST,http://20.210.36.32:8080/prediction/knn,HTTP/1.1,contacts,,200,,,http://20.210.36.32:8080/prediction/knn,,
http_req_connecting,1678217713,2.495811,,,,true,,POST,http://20.210.36.32:8080/prediction/knn,HTTP/1.1,contacts,,200,,,http://20.210.36.32:8080/prediction/knn,,
http_req_tls_handshaking,1678217713,0.000000,,,,true,,POST,http://20.210.36.32:8080/prediction/knn,HTTP/1.1,contacts,,200,,,http://20.210.36.32:8080/prediction/knn,,
http_req_sending,1678217713,0.059501,,,,true,,POST,http://20.210.36.32:8080/prediction/knn,HTTP/1.1,contacts,,200,,,http://20.210.36.32:8080/prediction/knn,,
http_req_waiting,1678217713,744.543716,,,,true,,POST,http://20.210.36.32:8080/prediction/knn,HTTP/1.1,contacts,,200,,,http://20.210.36.32:8080/prediction/knn,,
http_req_receiving,1678217713,1.307406,,,,true,,POST,http://20.210.36.32:8080/prediction/knn,HTTP/1.1,contacts,,200,,,http://20.210.36.32:8080/prediction/knn,,
http_req_failed,1678217713,0.000000,,,,true,,POST,http://20.210.36.32:8080/prediction/knn,HTTP/1.1,contacts,,200,,,http://20.210.36.32:8080/prediction/knn,,
responseTime,1678217713,783.398500,,,,,,,,,contacts,,,,,,,
data_sent,1678217713,2088.000000,,,,,,,,,contacts,,,,,,,
data_received,1678217713,199.000000,,,,,,,,,contacts,,,,,,,
iteration_duration,1678217713,786.386913,,,,,,,,,contacts,,,,,,,
iterations,1678217713,1.000000,,,,,,,,,contacts,,,,,,,
responseTime,1678217713,745.910623,,,,,,,,,contacts,,,,,,,
data_sent,1678217713,2088.000000,,,,,,,,,contacts,,,,,,,
data_received,1678217713,199.000000,,,,,,,,,contacts,,,,,,,
iteration_duration,1678217713,749.532740,,,,,,,,,contacts,,,,,,,
iterations,1678217713,1.000000,,,,,,,,,contacts,,,,,,,
http_reqs,1678217713,1.000000,,,,true,,POST,http://20.210.36.32:8080/prediction/knn,HTTP/1.1,contacts,,200,,,http://20.210.36.32:8080/prediction/knn,,
http_req_duration,1678217713,666.549348,,,,true,,POST,http://20.210.36.32:8080/prediction/knn,HTTP/1.1,contacts,,200,,,http://20.210.36.32:8080/prediction/knn,,
http_req_blocked,1678217713,2.243010,,,,true,,POST,http://20.210.36.32:8080/prediction/knn,HTTP/1.1,contacts,,200,,,http://20.210.36.32:8080/prediction/knn,,
http_req_connecting,1678217713,2.164610,,,,true,,POST,http://20.210.36.32:8080/prediction/knn,HTTP/1.1,contacts,,200,,,http://20.210.36.32:8080/prediction/knn,,
http_req_tls_handshaking,1678217713,0.000000,,,,true,,POST,http://20.210.36.32:8080/prediction/knn,HTTP/1.1,contacts,,200,,,http://20.210.36.32:8080/prediction/knn,,
http_req_sending,1678217713,0.057100,,,,true,,POST,http://20.210.36.32:8080/prediction/knn,HTTP/1.1,contacts,,200,,,http://20.210.36.32:8080/prediction/knn,,
http_req_waiting,1678217713,662.671830,,,,true,,POST,http://20.210.36.32:8080/prediction/knn,HTTP/1.1,contacts,,200,,,http://20.210.36.32:8080/prediction/knn,,
http_req_receiving,1678217713,3.820418,,,,true,,POST,http://20.210.36.32:8080/prediction/knn,HTTP/1.1,contacts,,200,,,http://20.210.36.32:8080/prediction/knn,,
http_req_failed,1678217713,0.000000,,,,true,,POST,http://20.210.36.32:8080/prediction/knn,HTTP/1.1,contacts,,200,,,http://20.210.36.32:8080/prediction/knn,,
responseTime,1678217713,666.549348,,,,,,,,,contacts,,,,,,,
data_sent,1678217713,2088.000000,,,,,,,,,contacts,,,,,,,
data_received,1678217713,199.000000,,,,,,,,,contacts,,,,,,,
iteration_duration,1678217713,669.184860,,,,,,,,,contacts,,,,,,,
iterations,1678217713,1.000000,,,,,,,,,contacts,,,,,,,
http_reqs,1678217713,1.000000,,,,true,,POST,http://20.210.36.32:8080/prediction/knn,HTTP/1.1,contacts,,200,,,http://20.210.36.32:8080/prediction/knn,,
http_req_duration,1678217713,693.618876,,,,true,,POST,http://20.210.36.32:8080/prediction/knn,HTTP/1.1,contacts,,200,,,http://20.210.36.32:8080/prediction/knn,,
http_req_blocked,1678217713,2.721313,,,,true,,POST,http://20.210.36.32:8080/prediction/knn,HTTP/1.1,contacts,,200,,,http://20.210.36.32:8080/prediction/knn,,
http_req_connecting,1678217713,2.583612,,,,true,,POST,http://20.210.36.32:8080/prediction/knn,HTTP/1.1,contacts,,200,,,http://20.210.36.32:8080/prediction/knn,,
http_req_tls_handshaking,1678217713,0.000000,,,,true,,POST,http://20.210.36.32:8080/prediction/knn,HTTP/1.1,contacts,,200,,,http://20.210.36.32:8080/prediction/knn,,
http_req_sending,1678217713,0.091001,,,,true,,POST,http://20.210.36.32:8080/prediction/knn,HTTP/1.1,contacts,,200,,,http://20.210.36.32:8080/prediction/knn,,
http_req_waiting,1678217713,688.602751,,,,true,,POST,http://20.210.36.32:8080/prediction/knn,HTTP/1.1,contacts,,200,,,http://20.210.36.32:8080/prediction/knn,,
http_req_receiving,1678217713,4.925124,,,,true,,POST,http://20.210.36.32:8080/prediction/knn,HTTP/1.1,contacts,,200,,,http://20.210.36.32:8080/prediction/knn,,
http_req_failed,1678217713,0.000000,,,,true,,POST,http://20.210.36.32:8080/prediction/knn,HTTP/1.1,contacts,,200,,,http://20.210.36.32:8080/prediction/knn,,
responseTime,1678217713,693.618876,,,,,,,,,contacts,,,,,,,
data_sent,1678217713,2088.000000,,,,,,,,,contacts,,,,,,,
data_received,1678217713,199.000000,,,,,,,,,contacts,,,,,,,
iteration_duration,1678217713,697.074992,,,,,,,,,contacts,,,,,,,
iterations,1678217713,1.000000,,,,,,,,,contacts,,,,,,,
http_reqs,1678217713,1.000000,,,,true,,POST,http://20.210.36.32:8080/prediction/knn,HTTP/1.1,contacts,,200,,,http://20.210.36.32:8080/prediction/knn,,
http_req_duration,1678217713,607.651169,,,,true,,POST,http://20.210.36.32:8080/prediction/knn,HTTP/1.1,contacts,,200,,,http://20.210.36.32:8080/prediction/knn,,
http_req_blocked,1678217713,2.361311,,,,true,,POST,http://20.210.36.32:8080/prediction/knn,HTTP/1.1,contacts,,200,,,http://20.210.36.32:8080/prediction/knn,,
http_req_connecting,1678217713,2.230211,,,,true,,POST,http://20.210.36.32:8080/prediction/knn,HTTP/1.1,contacts,,200,,,http://20.210.36.32:8080/prediction/knn,,
http_req_tls_handshaking,1678217713,0.000000,,,,true,,POST,http://20.210.36.32:8080/prediction/knn,HTTP/1.1,contacts,,200,,,http://20.210.36.32:8080/prediction/knn,,
http_req_sending,1678217713,0.159100,,,,true,,POST,http://20.210.36.32:8080/prediction/knn,HTTP/1.1,contacts,,200,,,http://20.210.36.32:8080/prediction/knn,,
http_req_waiting,1678217713,602.163444,,,,true,,POST,http://20.210.36.32:8080/prediction/knn,HTTP/1.1,contacts,,200,,,http://20.210.36.32:8080/prediction/knn,,
http_req_receiving,1678217713,5.328625,,,,true,,POST,http://20.210.36.32:8080/prediction/knn,HTTP/1.1,contacts,,200,,,http://20.210.36.32:8080/prediction/knn,,
http_req_failed,1678217713,0.000000,,,,true,,POST,http://20.210.36.32:8080/prediction/knn,HTTP/1.1,contacts,,200,,,http://20.210.36.32:8080/prediction/knn,,
responseTime,1678217713,607.651169,,,,,,,,,contacts,,,,,,,
data_sent,1678217713,2088.000000,,,,,,,,,contacts,,,,,,,
data_received,1678217713,199.000000,,,,,,,,,contacts,,,,,,,
iteration_duration,1678217713,610.490483,,,,,,,,,contacts,,,,,,,
iterations,1678217713,1.000000,,,,,,,,,contacts,,,,,,,
http_reqs,1678217713,1.000000,,,,true,,POST,http://20.210.36.32:8080/prediction/knn,HTTP/1.1,contacts,,200,,,http://20.210.36.32:8080/prediction/knn,,
http_req_duration,1678217713,573.249407,,,,true,,POST,http://20.210.36.32:8080/prediction/knn,HTTP/1.1,contacts,,200,,,http://20.210.36.32:8080/prediction/knn,,
http_req_blocked,1678217713,2.220611,,,,true,,POST,http://20.210.36.32:8080/prediction/knn,HTTP/1.1,contacts,,200,,,http://20.210.36.32:8080/prediction/knn,,
http_req_connecting,1678217713,2.165111,,,,true,,POST,http://20.210.36.32:8080/prediction/knn,HTTP/1.1,contacts,,200,,,http://20.210.36.32:8080/prediction/knn,,
http_req_tls_handshaking,1678217713,0.000000,,,,true,,POST,http://20.210.36.32:8080/prediction/knn,HTTP/1.1,contacts,,200,,,http://20.210.36.32:8080/prediction/knn,,
http_req_sending,1678217713,0.069300,,,,true,,POST,http://20.210.36.32:8080/prediction/knn,HTTP/1.1,contacts,,200,,,http://20.210.36.32:8080/prediction/knn,,
http_req_waiting,1678217713,567.909582,,,,true,,POST,http://20.210.36.32:8080/prediction/knn,HTTP/1.1,contacts,,200,,,http://20.210.36.32:8080/prediction/knn,,
http_req_receiving,1678217713,5.270525,,,,true,,POST,http://20.210.36.32:8080/prediction/knn,HTTP/1.1,contacts,,200,,,http://20.210.36.32:8080/prediction/knn,,
http_req_failed,1678217713,0.000000,,,,true,,POST,http://20.210.36.32:8080/prediction/knn,HTTP/1.1,contacts,,200,,,http://20.210.36.32:8080/prediction/knn,,
responseTime,1678217713,573.249407,,,,,,,,,contacts,,,,,,,
data_sent,1678217713,2088.000000,,,,,,,,,contacts,,,,,,,
data_received,1678217713,199.000000,,,,,,,,,contacts,,,,,,,
iteration_duration,1678217713,576.005720,,,,,,,,,contacts,,,,,,,
iterations,1678217713,1.000000,,,,,,,,,contacts,,,,,,,
http_reqs,1678217713,1.000000,,,,true,,POST,http://20.210.36.32:8080/prediction/knn,HTTP/1.1,contacts,,200,,,http://20.210.36.32:8080/prediction/knn,,
http_req_duration,1678217713,623.455244,,,,true,,POST,http://20.210.36.32:8080/prediction/knn,HTTP/1.1,contacts,,200,,,http://20.210.36.32:8080/prediction/knn,,
http_req_blocked,1678217713,2.083310,,,,true,,POST,http://20.210.36.32:8080/prediction/knn,HTTP/1.1,contacts,,200,,,http://20.210.36.32:8080/prediction/knn,,
http_req_connecting,1678217713,1.957109,,,,true,,POST,http://20.210.36.32:8080/prediction/knn,HTTP/1.1,contacts,,200,,,http://20.210.36.32:8080/prediction/knn,,
http_req_tls_handshaking,1678217713,0.000000,,,,true,,POST,http://20.210.36.32:8080/prediction/knn,HTTP/1.1,contacts,,200,,,http://20.210.36.32:8080/prediction/knn,,
http_req_sending,1678217713,0.077900,,,,true,,POST,http://20.210.36.32:8080/prediction/knn,HTTP/1.1,contacts,,200,,,http://20.210.36.32:8080/prediction/knn,,
http_req_waiting,1678217713,623.201943,,,,true,,POST,http://20.210.36.32:8080/prediction/knn,HTTP/1.1,contacts,,200,,,http://20.210.36.32:8080/prediction/knn,,
http_req_receiving,1678217713,0.175401,,,,true,,POST,http://20.210.36.32:8080/prediction/knn,HTTP/1.1,contacts,,200,,,http://20.210.36.32:8080/prediction/knn,,
http_req_failed,1678217713,0.000000,,,,true,,POST,http://20.210.36.32:8080/prediction/knn,HTTP/1.1,contacts,,200,,,http://20.210.36.32:8080/prediction/knn,,
responseTime,1678217713,623.455244,,,,,,,,,contacts,,,,,,,
data_sent,1678217713,2088.000000,,,,,,,,,contacts,,,,,,,
data_received,1678217713,199.000000,,,,,,,,,contacts,,,,,,,
iteration_duration,1678217713,625.947056,,,,,,,,,contacts,,,,,,,
iterations,1678217713,1.000000,,,,,,,,,contacts,,,,,,,
http_reqs,1678217713,1.000000,,,,true,,POST,http://20.210.36.32:8080/prediction/knn,HTTP/1.1,contacts,,200,,,http://20.210.36.32:8080/prediction/knn,,
http_req_duration,1678217713,598.163025,,,,true,,POST,http://20.210.36.32:8080/prediction/knn,HTTP/1.1,contacts,,200,,,http://20.210.36.32:8080/prediction/knn,,
http_req_blocked,1678217713,2.403011,,,,true,,POST,http://20.210.36.32:8080/prediction/knn,HTTP/1.1,contacts,,200,,,http://20.210.36.32:8080/prediction/knn,,
http_req_connecting,1678217713,2.325211,,,,true,,POST,http://20.210.36.32:8080/prediction/knn,HTTP/1.1,contacts,,200,,,http://20.210.36.32:8080/prediction/knn,,
http_req_tls_handshaking,1678217713,0.000000,,,,true,,POST,http://20.210.36.32:8080/prediction/knn,HTTP/1.1,contacts,,200,,,http://20.210.36.32:8080/prediction/knn,,
http_req_sending,1678217713,0.083300,,,,true,,POST,http://20.210.36.32:8080/prediction/knn,HTTP/1.1,contacts,,200,,,http://20.210.36.32:8080/prediction/knn,,
http_req_waiting,1678217713,597.981024,,,,true,,POST,http://20.210.36.32:8080/prediction/knn,HTTP/1.1,contacts,,200,,,http://20.210.36.32:8080/prediction/knn,,
http_req_receiving,1678217713,0.098701,,,,true,,POST,http://20.210.36.32:8080/prediction/knn,HTTP/1.1,contacts,,200,,,http://20.210.36.32:8080/prediction/knn,,
http_req_failed,1678217713,0.000000,,,,true,,POST,http://20.210.36.32:8080/prediction/knn,HTTP/1.1,contacts,,200,,,http://20.210.36.32:8080/prediction/knn,,
responseTime,1678217713,598.163025,,,,,,,,,contacts,,,,,,,
data_sent,1678217713,2088.000000,,,,,,,,,contacts,,,,,,,
data_received,1678217713,199.000000,,,,,,,,,contacts,,,,,,,
iteration_duration,1678217713,600.975238,,,,,,,,,contacts,,,,,,,
iterations,1678217713,1.000000,,,,,,,,,contacts,,,,,,,
http_reqs,1678217713,1.000000,,,,true,,POST,http://20.210.36.32:8080/prediction/knn,HTTP/1.1,contacts,,200,,,http://20.210.36.32:8080/prediction/knn,,
http_req_duration,1678217713,621.467235,,,,true,,POST,http://20.210.36.32:8080/prediction/knn,HTTP/1.1,contacts,,200,,,http://20.210.36.32:8080/prediction/knn,,
http_req_blocked,1678217713,4.024819,,,,true,,POST,http://20.210.36.32:8080/prediction/knn,HTTP/1.1,contacts,,200,,,http://20.210.36.32:8080/prediction/knn,,
http_req_connecting,1678217713,3.966419,,,,true,,POST,http://20.210.36.32:8080/prediction/knn,HTTP/1.1,contacts,,200,,,http://20.210.36.32:8080/prediction/knn,,
http_req_tls_handshaking,1678217713,0.000000,,,,true,,POST,http://20.210.36.32:8080/prediction/knn,HTTP/1.1,contacts,,200,,,http://20.210.36.32:8080/prediction/knn,,
http_req_sending,1678217713,0.044600,,,,true,,POST,http://20.210.36.32:8080/prediction/knn,HTTP/1.1,contacts,,200,,,http://20.210.36.32:8080/prediction/knn,,
http_req_waiting,1678217713,621.243534,,,,true,,POST,http://20.210.36.32:8080/prediction/knn,HTTP/1.1,contacts,,200,,,http://20.210.36.32:8080/prediction/knn,,
http_req_receiving,1678217713,0.179101,,,,true,,POST,http://20.210.36.32:8080/prediction/knn,HTTP/1.1,contacts,,200,,,http://20.210.36.32:8080/prediction/knn,,
http_req_failed,1678217713,0.000000,,,,true,,POST,http://20.210.36.32:8080/prediction/knn,HTTP/1.1,contacts,,200,,,http://20.210.36.32:8080/prediction/knn,,
responseTime,1678217713,621.467235,,,,,,,,,contacts,,,,,,,
data_sent,1678217713,2088.000000,,,,,,,,,contacts,,,,,,,
data_received,1678217713,199.000000,,,,,,,,,contacts,,,,,,,
iteration_duration,1678217713,625.925156,,,,,,,,,contacts,,,,,,,
iterations,1678217713,1.000000,,,,,,,,,contacts,,,,,,,
http_reqs,1678217713,1.000000,,,,true,,POST,http://20.210.36.32:8080/prediction/knn,HTTP/1.1,contacts,,200,,,http://20.210.36.32:8080/prediction/knn,,
http_req_duration,1678217713,632.218686,,,,true,,POST,http://20.210.36.32:8080/prediction/knn,HTTP/1.1,contacts,,200,,,http://20.210.36.32:8080/prediction/knn,,
http_req_blocked,1678217713,4.096120,,,,true,,POST,http://20.210.36.32:8080/prediction/knn,HTTP/1.1,contacts,,200,,,http://20.210.36.32:8080/prediction/knn,,
http_req_connecting,1678217713,4.023519,,,,true,,POST,http://20.210.36.32:8080/prediction/knn,HTTP/1.1,contacts,,200,,,http://20.210.36.32:8080/prediction/knn,,
http_req_tls_handshaking,1678217713,0.000000,,,,true,,POST,http://20.210.36.32:8080/prediction/knn,HTTP/1.1,contacts,,200,,,http://20.210.36.32:8080/prediction/knn,,
http_req_sending,1678217713,0.059901,,,,true,,POST,http://20.210.36.32:8080/prediction/knn,HTTP/1.1,contacts,,200,,,http://20.210.36.32:8080/prediction/knn,,
http_req_waiting,1678217713,632.056484,,,,true,,POST,http://20.210.36.32:8080/prediction/knn,HTTP/1.1,contacts,,200,,,http://20.210.36.32:8080/prediction/knn,,
http_req_receiving,1678217713,0.102301,,,,true,,POST,http://20.210.36.32:8080/prediction/knn,HTTP/1.1,contacts,,200,,,http://20.210.36.32:8080/prediction/knn,,
http_req_failed,1678217713,0.000000,,,,true,,POST,http://20.210.36.32:8080/prediction/knn,HTTP/1.1,contacts,,200,,,http://20.210.36.32:8080/prediction/knn,,
responseTime,1678217713,632.218686,,,,,,,,,contacts,,,,,,,
data_sent,1678217713,2088.000000,,,,,,,,,contacts,,,,,,,
data_received,1678217713,199.000000,,,,,,,,,contacts,,,,,,,
iteration_duration,1678217713,636.628207,,,,,,,,,contacts,,,,,,,
iterations,1678217713,1.000000,,,,,,,,,contacts,,,,,,,
http_reqs,1678217713,1.000000,,,,true,,POST,http://20.210.36.32:8080/prediction/knn,HTTP/1.1,contacts,,200,,,http://20.210.36.32:8080/prediction/knn,,
http_req_duration,1678217713,661.932425,,,,true,,POST,http://20.210.36.32:8080/prediction/knn,HTTP/1.1,contacts,,200,,,http://20.210.36.32:8080/prediction/knn,,
http_req_blocked,1678217713,1.995310,,,,true,,POST,http://20.210.36.32:8080/prediction/knn,HTTP/1.1,contacts,,200,,,http://20.210.36.32:8080/prediction/knn,,
http_req_connecting,1678217713,1.948310,,,,true,,POST,http://20.210.36.32:8080/prediction/knn,HTTP/1.1,contacts,,200,,,http://20.210.36.32:8080/prediction/knn,,
http_req_tls_handshaking,1678217713,0.000000,,,,true,,POST,http://20.210.36.32:8080/prediction/knn,HTTP/1.1,contacts,,200,,,http://20.210.36.32:8080/prediction/knn,,
http_req_sending,1678217713,0.067900,,,,true,,POST,http://20.210.36.32:8080/prediction/knn,HTTP/1.1,contacts,,200,,,http://20.210.36.32:8080/prediction/knn,,
http_req_waiting,1678217713,661.738525,,,,true,,POST,http://20.210.36.32:8080/prediction/knn,HTTP/1.1,contacts,,200,,,http://20.210.36.32:8080/prediction/knn,,
http_req_receiving,1678217713,0.126000,,,,true,,POST,http://20.210.36.32:8080/prediction/knn,HTTP/1.1,contacts,,200,,,http://20.210.36.32:8080/prediction/knn,,
http_req_failed,1678217713,0.000000,,,,true,,POST,http://20.210.36.32:8080/prediction/knn,HTTP/1.1,contacts,,200,,,http://20.210.36.32:8080/prediction/knn,,
responseTime,1678217713,661.932425,,,,,,,,,contacts,,,,,,,
data_sent,1678217713,2088.000000,,,,,,,,,contacts,,,,,,,
data_received,1678217713,199.000000,,,,,,,,,contacts,,,,,,,
iteration_duration,1678217713,664.433137,,,,,,,,,contacts,,,,,,,
iterations,1678217713,1.000000,,,,,,,,,contacts,,,,,,,
http_reqs,1678217713,1.000000,,,,true,,POST,http://20.210.36.32:8080/prediction/knn,HTTP/1.1,contacts,,200,,,http://20.210.36.32:8080/prediction/knn,,
http_req_duration,1678217713,706.218735,,,,true,,POST,http://20.210.36.32:8080/prediction/knn,HTTP/1.1,contacts,,200,,,http://20.210.36.32:8080/prediction/knn,,
http_req_blocked,1678217713,8.848342,,,,true,,POST,http://20.210.36.32:8080/prediction/knn,HTTP/1.1,contacts,,200,,,http://20.210.36.32:8080/prediction/knn,,
http_req_connecting,1678217713,8.778542,,,,true,,POST,http://20.210.36.32:8080/prediction/knn,HTTP/1.1,contacts,,200,,,http://20.210.36.32:8080/prediction/knn,,
http_req_tls_handshaking,1678217713,0.000000,,,,true,,POST,http://20.210.36.32:8080/prediction/knn,HTTP/1.1,contacts,,200,,,http://20.210.36.32:8080/prediction/knn,,
http_req_sending,1678217713,0.059600,,,,true,,POST,http://20.210.36.32:8080/prediction/knn,HTTP/1.1,contacts,,200,,,http://20.210.36.32:8080/prediction/knn,,
http_req_waiting,1678217713,706.028834,,,,true,,POST,http://20.210.36.32:8080/prediction/knn,HTTP/1.1,contacts,,200,,,http://20.210.36.32:8080/prediction/knn,,
http_req_receiving,1678217713,0.130301,,,,true,,POST,http://20.210.36.32:8080/prediction/knn,HTTP/1.1,contacts,,200,,,http://20.210.36.32:8080/prediction/knn,,
http_req_failed,1678217713,0.000000,,,,true,,POST,http://20.210.36.32:8080/prediction/knn,HTTP/1.1,contacts,,200,,,http://20.210.36.32:8080/prediction/knn,,
responseTime,1678217713,706.218735,,,,,,,,,contacts,,,,,,,
data_sent,1678217713,2088.000000,,,,,,,,,contacts,,,,,,,
data_received,1678217713,199.000000,,,,,,,,,contacts,,,,,,,
iteration_duration,1678217713,716.465083,,,,,,,,,contacts,,,,,,,
iterations,1678217713,1.000000,,,,,,,,,contacts,,,,,,,
http_reqs,1678217713,1.000000,,,,true,,POST,http://20.210.36.32:8080/prediction/knn,HTTP/1.1,contacts,,200,,,http://20.210.36.32:8080/prediction/knn,,
http_req_duration,1678217713,714.977376,,,,true,,POST,http://20.210.36.32:8080/prediction/knn,HTTP/1.1,contacts,,200,,,http://20.210.36.32:8080/prediction/knn,,
http_req_blocked,1678217713,3.562517,,,,true,,POST,http://20.210.36.32:8080/prediction/knn,HTTP/1.1,contacts,,200,,,http://20.210.36.32:8080/prediction/knn,,
http_req_connecting,1678217713,3.488517,,,,true,,POST,http://20.210.36.32:8080/prediction/knn,HTTP/1.1,contacts,,200,,,http://20.210.36.32:8080/prediction/knn,,
http_req_tls_handshaking,1678217713,0.000000,,,,true,,POST,http://20.210.36.32:8080/prediction/knn,HTTP/1.1,contacts,,200,,,http://20.210.36.32:8080/prediction/knn,,
http_req_sending,1678217713,0.056100,,,,true,,POST,http://20.210.36.32:8080/prediction/knn,HTTP/1.1,contacts,,200,,,http://20.210.36.32:8080/prediction/knn,,
http_req_waiting,1678217713,694.774081,,,,true,,POST,http://20.210.36.32:8080/prediction/knn,HTTP/1.1,contacts,,200,,,http://20.210.36.32:8080/prediction/knn,,
http_req_receiving,1678217713,20.147195,,,,true,,POST,http://20.210.36.32:8080/prediction/knn,HTTP/1.1,contacts,,200,,,http://20.210.36.32:8080/prediction/knn,,
http_req_failed,1678217713,0.000000,,,,true,,POST,http://20.210.36.32:8080/prediction/knn,HTTP/1.1,contacts,,200,,,http://20.210.36.32:8080/prediction/knn,,
responseTime,1678217713,714.977376,,,,,,,,,contacts,,,,,,,
data_sent,1678217713,2088.000000,,,,,,,,,contacts,,,,,,,
data_received,1678217713,199.000000,,,,,,,,,contacts,,,,,,,
iteration_duration,1678217713,718.980995,,,,,,,,,contacts,,,,,,,
iterations,1678217713,1.000000,,,,,,,,,contacts,,,,,,,
http_reqs,1678217713,1.000000,,,,true,,POST,http://20.210.36.32:8080/prediction/knn,HTTP/1.1,contacts,,200,,,http://20.210.36.32:8080/prediction/knn,,
http_req_duration,1678217713,738.281687,,,,true,,POST,http://20.210.36.32:8080/prediction/knn,HTTP/1.1,contacts,,200,,,http://20.210.36.32:8080/prediction/knn,,
http_req_blocked,1678217713,3.755517,,,,true,,POST,http://20.210.36.32:8080/prediction/knn,HTTP/1.1,contacts,,200,,,http://20.210.36.32:8080/prediction/knn,,
http_req_connecting,1678217713,3.688617,,,,true,,POST,http://20.210.36.32:8080/prediction/knn,HTTP/1.1,contacts,,200,,,http://20.210.36.32:8080/prediction/knn,,
http_req_tls_handshaking,1678217713,0.000000,,,,true,,POST,http://20.210.36.32:8080/prediction/knn,HTTP/1.1,contacts,,200,,,http://20.210.36.32:8080/prediction/knn,,
http_req_sending,1678217713,0.086201,,,,true,,POST,http://20.210.36.32:8080/prediction/knn,HTTP/1.1,contacts,,200,,,http://20.210.36.32:8080/prediction/knn,,
http_req_waiting,1678217713,728.203238,,,,true,,POST,http://20.210.36.32:8080/prediction/knn,HTTP/1.1,contacts,,200,,,http://20.210.36.32:8080/prediction/knn,,
http_req_receiving,1678217713,9.992248,,,,true,,POST,http://20.210.36.32:8080/prediction/knn,HTTP/1.1,contacts,,200,,,http://20.210.36.32:8080/prediction/knn,,
http_req_failed,1678217713,0.000000,,,,true,,POST,http://20.210.36.32:8080/prediction/knn,HTTP/1.1,contacts,,200,,,http://20.210.36.32:8080/prediction/knn,,
responseTime,1678217713,738.281687,,,,,,,,,contacts,,,,,,,
data_sent,1678217713,2088.000000,,,,,,,,,contacts,,,,,,,
data_received,1678217713,199.000000,,,,,,,,,contacts,,,,,,,
iteration_duration,1678217713,742.336205,,,,,,,,,contacts,,,,,,,
iterations,1678217713,1.000000,,,,,,,,,contacts,,,,,,,
http_reqs,1678217714,1.000000,,,,true,,POST,http://20.210.36.32:8080/prediction/knn,HTTP/1.1,contacts,,200,,,http://20.210.36.32:8080/prediction/knn,,
http_req_duration,1678217714,770.970841,,,,true,,POST,http://20.210.36.32:8080/prediction/knn,HTTP/1.1,contacts,,200,,,http://20.210.36.32:8080/prediction/knn,,
http_req_blocked,1678217714,5.731227,,,,true,,POST,http://20.210.36.32:8080/prediction/knn,HTTP/1.1,contacts,,200,,,http://20.210.36.32:8080/prediction/knn,,
http_req_connecting,1678217714,5.661527,,,,true,,POST,http://20.210.36.32:8080/prediction/knn,HTTP/1.1,contacts,,200,,,http://20.210.36.32:8080/prediction/knn,,
http_req_tls_handshaking,1678217714,0.000000,,,,true,,POST,http://20.210.36.32:8080/prediction/knn,HTTP/1.1,contacts,,200,,,http://20.210.36.32:8080/prediction/knn,,
http_req_sending,1678217714,0.055200,,,,true,,POST,http://20.210.36.32:8080/prediction/knn,HTTP/1.1,contacts,,200,,,http://20.210.36.32:8080/prediction/knn,,
http_req_waiting,1678217714,770.809140,,,,true,,POST,http://20.210.36.32:8080/prediction/knn,HTTP/1.1,contacts,,200,,,http://20.210.36.32:8080/prediction/knn,,
http_req_receiving,1678217714,0.106501,,,,true,,POST,http://20.210.36.32:8080/prediction/knn,HTTP/1.1,contacts,,200,,,http://20.210.36.32:8080/prediction/knn,,
http_req_failed,1678217714,0.000000,,,,true,,POST,http://20.210.36.32:8080/prediction/knn,HTTP/1.1,contacts,,200,,,http://20.210.36.32:8080/prediction/knn,,
responseTime,1678217714,770.970841,,,,,,,,,contacts,,,,,,,
data_sent,1678217714,2088.000000,,,,,,,,,contacts,,,,,,,
data_received,1678217714,199.000000,,,,,,,,,contacts,,,,,,,
iteration_duration,1678217714,777.127070,,,,,,,,,contacts,,,,,,,
iterations,1678217714,1.000000,,,,,,,,,contacts,,,,,,,
http_reqs,1678217714,1.000000,,,,true,,POST,http://20.210.36.32:8080/prediction/knn,HTTP/1.1,contacts,,200,,,http://20.210.36.32:8080/prediction/knn,,
http_req_duration,1678217714,776.884669,,,,true,,POST,http://20.210.36.32:8080/prediction/knn,HTTP/1.1,contacts,,200,,,http://20.210.36.32:8080/prediction/knn,,
http_req_blocked,1678217714,3.245315,,,,true,,POST,http://20.210.36.32:8080/prediction/knn,HTTP/1.1,contacts,,200,,,http://20.210.36.32:8080/prediction/knn,,
http_req_connecting,1678217714,3.202915,,,,true,,POST,http://20.210.36.32:8080/prediction/knn,HTTP/1.1,contacts,,200,,,http://20.210.36.32:8080/prediction/knn,,
http_req_tls_handshaking,1678217714,0.000000,,,,true,,POST,http://20.210.36.32:8080/prediction/knn,HTTP/1.1,contacts,,200,,,http://20.210.36.32:8080/prediction/knn,,
http_req_sending,1678217714,0.049800,,,,true,,POST,http://20.210.36.32:8080/prediction/knn,HTTP/1.1,contacts,,200,,,http://20.210.36.32:8080/prediction/knn,,
http_req_waiting,1678217714,775.554863,,,,true,,POST,http://20.210.36.32:8080/prediction/knn,HTTP/1.1,contacts,,200,,,http://20.210.36.32:8080/prediction/knn,,
http_req_receiving,1678217714,1.280006,,,,true,,POST,http://20.210.36.32:8080/prediction/knn,HTTP/1.1,contacts,,200,,,http://20.210.36.32:8080/prediction/knn,,
http_req_failed,1678217714,0.000000,,,,true,,POST,http://20.210.36.32:8080/prediction/knn,HTTP/1.1,contacts,,200,,,http://20.210.36.32:8080/prediction/knn,,
responseTime,1678217714,776.884669,,,,,,,,,contacts,,,,,,,
data_sent,1678217714,2088.000000,,,,,,,,,contacts,,,,,,,
data_received,1678217714,199.000000,,,,,,,,,contacts,,,,,,,
iteration_duration,1678217714,780.639386,,,,,,,,,contacts,,,,,,,
iterations,1678217714,1.000000,,,,,,,,,contacts,,,,,,,
http_reqs,1678217714,1.000000,,,,true,,POST,http://20.210.36.32:8080/prediction/knn,HTTP/1.1,contacts,,200,,,http://20.210.36.32:8080/prediction/knn,,
http_req_duration,1678217714,789.097126,,,,true,,POST,http://20.210.36.32:8080/prediction/knn,HTTP/1.1,contacts,,200,,,http://20.210.36.32:8080/prediction/knn,,
http_req_blocked,1678217714,3.486517,,,,true,,POST,http://20.210.36.32:8080/prediction/knn,HTTP/1.1,contacts,,200,,,http://20.210.36.32:8080/prediction/knn,,
http_req_connecting,1678217714,3.427316,,,,true,,POST,http://20.210.36.32:8080/prediction/knn,HTTP/1.1,contacts,,200,,,http://20.210.36.32:8080/prediction/knn,,
http_req_tls_handshaking,1678217714,0.000000,,,,true,,POST,http://20.210.36.32:8080/prediction/knn,HTTP/1.1,contacts,,200,,,http://20.210.36.32:8080/prediction/knn,,
http_req_sending,1678217714,0.041700,,,,true,,POST,http://20.210.36.32:8080/prediction/knn,HTTP/1.1,contacts,,200,,,http://20.210.36.32:8080/prediction/knn,,
http_req_waiting,1678217714,788.956526,,,,true,,POST,http://20.210.36.32:8080/prediction/knn,HTTP/1.1,contacts,,200,,,http://20.210.36.32:8080/prediction/knn,,
http_req_receiving,1678217714,0.098900,,,,true,,POST,http://20.210.36.32:8080/prediction/knn,HTTP/1.1,contacts,,200,,,http://20.210.36.32:8080/prediction/knn,,
http_req_failed,1678217714,0.000000,,,,true,,POST,http://20.210.36.32:8080/prediction/knn,HTTP/1.1,contacts,,200,,,http://20.210.36.32:8080/prediction/knn,,
responseTime,1678217714,789.097126,,,,,,,,,contacts,,,,,,,
data_sent,1678217714,2088.000000,,,,,,,,,contacts,,,,,,,
data_received,1678217714,199.000000,,,,,,,,,contacts,,,,,,,
iteration_duration,1678217714,792.983845,,,,,,,,,contacts,,,,,,,
iterations,1678217714,1.000000,,,,,,,,,contacts,,,,,,,
http_reqs,1678217714,1.000000,,,,true,,POST,http://20.210.36.32:8080/prediction/knn,HTTP/1.1,contacts,,200,,,http://20.210.36.32:8080/prediction/knn,,
http_req_duration,1678217714,850.030514,,,,true,,POST,http://20.210.36.32:8080/prediction/knn,HTTP/1.1,contacts,,200,,,http://20.210.36.32:8080/prediction/knn,,
http_req_blocked,1678217714,3.792018,,,,true,,POST,http://20.210.36.32:8080/prediction/knn,HTTP/1.1,contacts,,200,,,http://20.210.36.32:8080/prediction/knn,,
http_req_connecting,1678217714,3.724718,,,,true,,POST,http://20.210.36.32:8080/prediction/knn,HTTP/1.1,contacts,,200,,,http://20.210.36.32:8080/prediction/knn,,
http_req_tls_handshaking,1678217714,0.000000,,,,true,,POST,http://20.210.36.32:8080/prediction/knn,HTTP/1.1,contacts,,200,,,http://20.210.36.32:8080/prediction/knn,,
http_req_sending,1678217714,0.055300,,,,true,,POST,http://20.210.36.32:8080/prediction/knn,HTTP/1.1,contacts,,200,,,http://20.210.36.32:8080/prediction/knn,,
http_req_waiting,1678217714,849.750713,,,,true,,POST,http://20.210.36.32:8080/prediction/knn,HTTP/1.1,contacts,,200,,,http://20.210.36.32:8080/prediction/knn,,
http_req_receiving,1678217714,0.224501,,,,true,,POST,http://20.210.36.32:8080/prediction/knn,HTTP/1.1,contacts,,200,,,http://20.210.36.32:8080/prediction/knn,,
http_req_failed,1678217714,0.000000,,,,true,,POST,http://20.210.36.32:8080/prediction/knn,HTTP/1.1,contacts,,200,,,http://20.210.36.32:8080/prediction/knn,,
responseTime,1678217714,850.030514,,,,,,,,,contacts,,,,,,,
data_sent,1678217714,2088.000000,,,,,,,,,contacts,,,,,,,
data_received,1678217714,199.000000,,,,,,,,,contacts,,,,,,,
iteration_duration,1678217714,854.240634,,,,,,,,,contacts,,,,,,,
iterations,1678217714,1.000000,,,,,,,,,contacts,,,,,,,
http_reqs,1678217714,1.000000,,,,true,,POST,http://20.210.36.32:8080/prediction/knn,HTTP/1.1,contacts,,200,,,http://20.210.36.32:8080/prediction/knn,,
http_req_duration,1678217714,844.832190,,,,true,,POST,http://20.210.36.32:8080/prediction/knn,HTTP/1.1,contacts,,200,,,http://20.210.36.32:8080/prediction/knn,,
http_req_blocked,1678217714,3.646017,,,,true,,POST,http://20.210.36.32:8080/prediction/knn,HTTP/1.1,contacts,,200,,,http://20.210.36.32:8080/prediction/knn,,
http_req_connecting,1678217714,3.592417,,,,true,,POST,http://20.210.36.32:8080/prediction/knn,HTTP/1.1,contacts,,200,,,http://20.210.36.32:8080/prediction/knn,,
http_req_tls_handshaking,1678217714,0.000000,,,,true,,POST,http://20.210.36.32:8080/prediction/knn,HTTP/1.1,contacts,,200,,,http://20.210.36.32:8080/prediction/knn,,
http_req_sending,1678217714,0.071200,,,,true,,POST,http://20.210.36.32:8080/prediction/knn,HTTP/1.1,contacts,,200,,,http://20.210.36.32:8080/prediction/knn,,
http_req_waiting,1678217714,844.648289,,,,true,,POST,http://20.210.36.32:8080/prediction/knn,HTTP/1.1,contacts,,200,,,http://20.210.36.32:8080/prediction/knn,,
http_req_receiving,1678217714,0.112701,,,,true,,POST,http://20.210.36.32:8080/prediction/knn,HTTP/1.1,contacts,,200,,,http://20.210.36.32:8080/prediction/knn,,
http_req_failed,1678217714,0.000000,,,,true,,POST,http://20.210.36.32:8080/prediction/knn,HTTP/1.1,contacts,,200,,,http://20.210.36.32:8080/prediction/knn,,
responseTime,1678217714,844.832190,,,,,,,,,contacts,,,,,,,
data_sent,1678217714,2088.000000,,,,,,,,,contacts,,,,,,,
data_received,1678217714,199.000000,,,,,,,,,contacts,,,,,,,
iteration_duration,1678217714,848.922008,,,,,,,,,contacts,,,,,,,
iterations,1678217714,1.000000,,,,,,,,,contacts,,,,,,,
http_reqs,1678217714,1.000000,,,,true,,POST,http://20.210.36.32:8080/prediction/knn,HTTP/1.1,contacts,,200,,,http://20.210.36.32:8080/prediction/knn,,
http_req_duration,1678217714,846.569698,,,,true,,POST,http://20.210.36.32:8080/prediction/knn,HTTP/1.1,contacts,,200,,,http://20.210.36.32:8080/prediction/knn,,
http_req_blocked,1678217714,3.458616,,,,true,,POST,http://20.210.36.32:8080/prediction/knn,HTTP/1.1,contacts,,200,,,http://20.210.36.32:8080/prediction/knn,,
http_req_connecting,1678217714,3.391616,,,,true,,POST,http://20.210.36.32:8080/prediction/knn,HTTP/1.1,contacts,,200,,,http://20.210.36.32:8080/prediction/knn,,
http_req_tls_handshaking,1678217714,0.000000,,,,true,,POST,http://20.210.36.32:8080/prediction/knn,HTTP/1.1,contacts,,200,,,http://20.210.36.32:8080/prediction/knn,,
http_req_sending,1678217714,0.058600,,,,true,,POST,http://20.210.36.32:8080/prediction/knn,HTTP/1.1,contacts,,200,,,http://20.210.36.32:8080/prediction/knn,,
http_req_waiting,1678217714,846.327297,,,,true,,POST,http://20.210.36.32:8080/prediction/knn,HTTP/1.1,contacts,,200,,,http://20.210.36.32:8080/prediction/knn,,
http_req_receiving,1678217714,0.183801,,,,true,,POST,http://20.210.36.32:8080/prediction/knn,HTTP/1.1,contacts,,200,,,http://20.210.36.32:8080/prediction/knn,,
http_req_failed,1678217714,0.000000,,,,true,,POST,http://20.210.36.32:8080/prediction/knn,HTTP/1.1,contacts,,200,,,http://20.210.36.32:8080/prediction/knn,,
responseTime,1678217714,846.569698,,,,,,,,,contacts,,,,,,,
data_sent,1678217714,2088.000000,,,,,,,,,contacts,,,,,,,
data_received,1678217714,199.000000,,,,,,,,,contacts,,,,,,,
iteration_duration,1678217714,850.541416,,,,,,,,,contacts,,,,,,,
iterations,1678217714,1.000000,,,,,,,,,contacts,,,,,,,
http_reqs,1678217714,1.000000,,,,true,,POST,http://20.210.36.32:8080/prediction/knn,HTTP/1.1,contacts,,200,,,http://20.210.36.32:8080/prediction/knn,,
http_req_duration,1678217714,790.472933,,,,true,,POST,http://20.210.36.32:8080/prediction/knn,HTTP/1.1,contacts,,200,,,http://20.210.36.32:8080/prediction/knn,,
http_req_blocked,1678217714,4.018719,,,,true,,POST,http://20.210.36.32:8080/prediction/knn,HTTP/1.1,contacts,,200,,,http://20.210.36.32:8080/prediction/knn,,
http_req_connecting,1678217714,3.789918,,,,true,,POST,http://20.210.36.32:8080/prediction/knn,HTTP/1.1,contacts,,200,,,http://20.210.36.32:8080/prediction/knn,,
http_req_tls_handshaking,1678217714,0.000000,,,,true,,POST,http://20.210.36.32:8080/prediction/knn,HTTP/1.1,contacts,,200,,,http://20.210.36.32:8080/prediction/knn,,
http_req_sending,1678217714,0.215201,,,,true,,POST,http://20.210.36.32:8080/prediction/knn,HTTP/1.1,contacts,,200,,,http://20.210.36.32:8080/prediction/knn,,
http_req_waiting,1678217714,790.174532,,,,true,,POST,http://20.210.36.32:8080/prediction/knn,HTTP/1.1,contacts,,200,,,http://20.210.36.32:8080/prediction/knn,,
http_req_receiving,1678217714,0.083200,,,,true,,POST,http://20.210.36.32:8080/prediction/knn,HTTP/1.1,contacts,,200,,,http://20.210.36.32:8080/prediction/knn,,
http_req_failed,1678217714,0.000000,,,,true,,POST,http://20.210.36.32:8080/prediction/knn,HTTP/1.1,contacts,,200,,,http://20.210.36.32:8080/prediction/knn,,
responseTime,1678217714,790.472933,,,,,,,,,contacts,,,,,,,
data_sent,1678217714,2088.000000,,,,,,,,,contacts,,,,,,,
data_received,1678217714,199.000000,,,,,,,,,contacts,,,,,,,
iteration_duration,1678217714,794.813954,,,,,,,,,contacts,,,,,,,
iterations,1678217714,1.000000,,,,,,,,,contacts,,,,,,,
http_reqs,1678217714,1.000000,,,,true,,POST,http://20.210.36.32:8080/prediction/knn,HTTP/1.1,contacts,,200,,,http://20.210.36.32:8080/prediction/knn,,
http_req_duration,1678217714,800.633081,,,,true,,POST,http://20.210.36.32:8080/prediction/knn,HTTP/1.1,contacts,,200,,,http://20.210.36.32:8080/prediction/knn,,
http_req_blocked,1678217714,4.494621,,,,true,,POST,http://20.210.36.32:8080/prediction/knn,HTTP/1.1,contacts,,200,,,http://20.210.36.32:8080/prediction/knn,,
http_req_connecting,1678217714,4.414321,,,,true,,POST,http://20.210.36.32:8080/prediction/knn,HTTP/1.1,contacts,,200,,,http://20.210.36.32:8080/prediction/knn,,
http_req_tls_handshaking,1678217714,0.000000,,,,true,,POST,http://20.210.36.32:8080/prediction/knn,HTTP/1.1,contacts,,200,,,http://20.210.36.32:8080/prediction/knn,,
http_req_sending,1678217714,0.077100,,,,true,,POST,http://20.210.36.32:8080/prediction/knn,HTTP/1.1,contacts,,200,,,http://20.210.36.32:8080/prediction/knn,,
http_req_waiting,1678217714,800.455380,,,,true,,POST,http://20.210.36.32:8080/prediction/knn,HTTP/1.1,contacts,,200,,,http://20.210.36.32:8080/prediction/knn,,
http_req_receiving,1678217714,0.100601,,,,true,,POST,http://20.210.36.32:8080/prediction/knn,HTTP/1.1,contacts,,200,,,http://20.210.36.32:8080/prediction/knn,,
http_req_failed,1678217714,0.000000,,,,true,,POST,http://20.210.36.32:8080/prediction/knn,HTTP/1.1,contacts,,200,,,http://20.210.36.32:8080/prediction/knn,,
responseTime,1678217714,800.633081,,,,,,,,,contacts,,,,,,,
data_sent,1678217714,2088.000000,,,,,,,,,contacts,,,,,,,
data_received,1678217714,199.000000,,,,,,,,,contacts,,,,,,,
iteration_duration,1678217714,805.602505,,,,,,,,,contacts,,,,,,,
iterations,1678217714,1.000000,,,,,,,,,contacts,,,,,,,
http_reqs,1678217714,1.000000,,,,true,,POST,http://20.210.36.32:8080/prediction/knn,HTTP/1.1,contacts,,200,,,http://20.210.36.32:8080/prediction/knn,,
http_req_duration,1678217714,849.999213,,,,true,,POST,http://20.210.36.32:8080/prediction/knn,HTTP/1.1,contacts,,200,,,http://20.210.36.32:8080/prediction/knn,,
http_req_blocked,1678217714,3.868118,,,,true,,POST,http://20.210.36.32:8080/prediction/knn,HTTP/1.1,contacts,,200,,,http://20.210.36.32:8080/prediction/knn,,
http_req_connecting,1678217714,3.708818,,,,true,,POST,http://20.210.36.32:8080/prediction/knn,HTTP/1.1,contacts,,200,,,http://20.210.36.32:8080/prediction/knn,,
http_req_tls_handshaking,1678217714,0.000000,,,,true,,POST,http://20.210.36.32:8080/prediction/knn,HTTP/1.1,contacts,,200,,,http://20.210.36.32:8080/prediction/knn,,
http_req_sending,1678217714,0.128200,,,,true,,POST,http://20.210.36.32:8080/prediction/knn,HTTP/1.1,contacts,,200,,,http://20.210.36.32:8080/prediction/knn,,
http_req_waiting,1678217714,849.775513,,,,true,,POST,http://20.210.36.32:8080/prediction/knn,HTTP/1.1,contacts,,200,,,http://20.210.36.32:8080/prediction/knn,,
http_req_receiving,1678217714,0.095500,,,,true,,POST,http://20.210.36.32:8080/prediction/knn,HTTP/1.1,contacts,,200,,,http://20.210.36.32:8080/prediction/knn,,
http_req_failed,1678217714,0.000000,,,,true,,POST,http://20.210.36.32:8080/prediction/knn,HTTP/1.1,contacts,,200,,,http://20.210.36.32:8080/prediction/knn,,
http_reqs,1678217714,1.000000,,,,true,,POST,http://20.210.36.32:8080/prediction/knn,HTTP/1.1,contacts,,200,,,http://20.210.36.32:8080/prediction/knn,,
http_req_duration,1678217714,842.107777,,,,true,,POST,http://20.210.36.32:8080/prediction/knn,HTTP/1.1,contacts,,200,,,http://20.210.36.32:8080/prediction/knn,,
http_req_blocked,1678217714,3.426516,,,,true,,POST,http://20.210.36.32:8080/prediction/knn,HTTP/1.1,contacts,,200,,,http://20.210.36.32:8080/prediction/knn,,
http_req_connecting,1678217714,3.371816,,,,true,,POST,http://20.210.36.32:8080/prediction/knn,HTTP/1.1,contacts,,200,,,http://20.210.36.32:8080/prediction/knn,,
http_req_tls_handshaking,1678217714,0.000000,,,,true,,POST,http://20.210.36.32:8080/prediction/knn,HTTP/1.1,contacts,,200,,,http://20.210.36.32:8080/prediction/knn,,
http_req_sending,1678217714,0.046701,,,,true,,POST,http://20.210.36.32:8080/prediction/knn,HTTP/1.1,contacts,,200,,,http://20.210.36.32:8080/prediction/knn,,
http_req_waiting,1678217714,841.860775,,,,true,,POST,http://20.210.36.32:8080/prediction/knn,HTTP/1.1,contacts,,200,,,http://20.210.36.32:8080/prediction/knn,,
http_req_receiving,1678217714,0.200301,,,,true,,POST,http://20.210.36.32:8080/prediction/knn,HTTP/1.1,contacts,,200,,,http://20.210.36.32:8080/prediction/knn,,
http_req_failed,1678217714,0.000000,,,,true,,POST,http://20.210.36.32:8080/prediction/knn,HTTP/1.1,contacts,,200,,,http://20.210.36.32:8080/prediction/knn,,
responseTime,1678217714,842.107777,,,,,,,,,contacts,,,,,,,
data_sent,1678217714,2088.000000,,,,,,,,,contacts,,,,,,,
data_received,1678217714,199.000000,,,,,,,,,contacts,,,,,,,
iteration_duration,1678217714,845.994895,,,,,,,,,contacts,,,,,,,
iterations,1678217714,1.000000,,,,,,,,,contacts,,,,,,,
responseTime,1678217714,849.999213,,,,,,,,,contacts,,,,,,,
data_sent,1678217714,2088.000000,,,,,,,,,contacts,,,,,,,
data_received,1678217714,199.000000,,,,,,,,,contacts,,,,,,,
iteration_duration,1678217714,855.518040,,,,,,,,,contacts,,,,,,,
iterations,1678217714,1.000000,,,,,,,,,contacts,,,,,,,
http_reqs,1678217714,1.000000,,,,true,,POST,http://20.210.36.32:8080/prediction/knn,HTTP/1.1,contacts,,200,,,http://20.210.36.32:8080/prediction/knn,,
http_req_duration,1678217714,862.210872,,,,true,,POST,http://20.210.36.32:8080/prediction/knn,HTTP/1.1,contacts,,200,,,http://20.210.36.32:8080/prediction/knn,,
http_req_blocked,1678217714,3.728118,,,,true,,POST,http://20.210.36.32:8080/prediction/knn,HTTP/1.1,contacts,,200,,,http://20.210.36.32:8080/prediction/knn,,
http_req_connecting,1678217714,3.662517,,,,true,,POST,http://20.210.36.32:8080/prediction/knn,HTTP/1.1,contacts,,200,,,http://20.210.36.32:8080/prediction/knn,,
http_req_tls_handshaking,1678217714,0.000000,,,,true,,POST,http://20.210.36.32:8080/prediction/knn,HTTP/1.1,contacts,,200,,,http://20.210.36.32:8080/prediction/knn,,
http_req_sending,1678217714,0.058301,,,,true,,POST,http://20.210.36.32:8080/prediction/knn,HTTP/1.1,contacts,,200,,,http://20.210.36.32:8080/prediction/knn,,
http_req_waiting,1678217714,862.042570,,,,true,,POST,http://20.210.36.32:8080/prediction/knn,HTTP/1.1,contacts,,200,,,http://20.210.36.32:8080/prediction/knn,,
http_req_receiving,1678217714,0.110001,,,,true,,POST,http://20.210.36.32:8080/prediction/knn,HTTP/1.1,contacts,,200,,,http://20.210.36.32:8080/prediction/knn,,
http_req_failed,1678217714,0.000000,,,,true,,POST,http://20.210.36.32:8080/prediction/knn,HTTP/1.1,contacts,,200,,,http://20.210.36.32:8080/prediction/knn,,
responseTime,1678217714,862.210872,,,,,,,,,contacts,,,,,,,
data_sent,1678217714,2088.000000,,,,,,,,,contacts,,,,,,,
data_received,1678217714,199.000000,,,,,,,,,contacts,,,,,,,
iteration_duration,1678217714,866.473492,,,,,,,,,contacts,,,,,,,
iterations,1678217714,1.000000,,,,,,,,,contacts,,,,,,,
http_reqs,1678217714,1.000000,,,,true,,POST,http://20.210.36.32:8080/prediction/knn,HTTP/1.1,contacts,,200,,,http://20.210.36.32:8080/prediction/knn,,
http_req_duration,1678217714,804.487598,,,,true,,POST,http://20.210.36.32:8080/prediction/knn,HTTP/1.1,contacts,,200,,,http://20.210.36.32:8080/prediction/knn,,
http_req_blocked,1678217714,4.404621,,,,true,,POST,http://20.210.36.32:8080/prediction/knn,HTTP/1.1,contacts,,200,,,http://20.210.36.32:8080/prediction/knn,,
http_req_connecting,1678217714,4.295021,,,,true,,POST,http://20.210.36.32:8080/prediction/knn,HTTP/1.1,contacts,,200,,,http://20.210.36.32:8080/prediction/knn,,
http_req_tls_handshaking,1678217714,0.000000,,,,true,,POST,http://20.210.36.32:8080/prediction/knn,HTTP/1.1,contacts,,200,,,http://20.210.36.32:8080/prediction/knn,,
http_req_sending,1678217714,0.066200,,,,true,,POST,http://20.210.36.32:8080/prediction/knn,HTTP/1.1,contacts,,200,,,http://20.210.36.32:8080/prediction/knn,,
http_req_waiting,1678217714,798.217769,,,,true,,POST,http://20.210.36.32:8080/prediction/knn,HTTP/1.1,contacts,,200,,,http://20.210.36.32:8080/prediction/knn,,
http_req_receiving,1678217714,6.203629,,,,true,,POST,http://20.210.36.32:8080/prediction/knn,HTTP/1.1,contacts,,200,,,http://20.210.36.32:8080/prediction/knn,,
http_req_failed,1678217714,0.000000,,,,true,,POST,http://20.210.36.32:8080/prediction/knn,HTTP/1.1,contacts,,200,,,http://20.210.36.32:8080/prediction/knn,,
responseTime,1678217714,804.487598,,,,,,,,,contacts,,,,,,,
data_sent,1678217714,2088.000000,,,,,,,,,contacts,,,,,,,
data_received,1678217714,199.000000,,,,,,,,,contacts,,,,,,,
iteration_duration,1678217714,809.322222,,,,,,,,,contacts,,,,,,,
iterations,1678217714,1.000000,,,,,,,,,contacts,,,,,,,
http_reqs,1678217714,1.000000,,,,true,,POST,http://20.210.36.32:8080/prediction/knn,HTTP/1.1,contacts,,200,,,http://20.210.36.32:8080/prediction/knn,,
http_req_duration,1678217714,756.204071,,,,true,,POST,http://20.210.36.32:8080/prediction/knn,HTTP/1.1,contacts,,200,,,http://20.210.36.32:8080/prediction/knn,,
http_req_blocked,1678217714,4.249820,,,,true,,POST,http://20.210.36.32:8080/prediction/knn,HTTP/1.1,contacts,,200,,,http://20.210.36.32:8080/prediction/knn,,
http_req_connecting,1678217714,4.139720,,,,true,,POST,http://20.210.36.32:8080/prediction/knn,HTTP/1.1,contacts,,200,,,http://20.210.36.32:8080/prediction/knn,,
http_req_tls_handshaking,1678217714,0.000000,,,,true,,POST,http://20.210.36.32:8080/prediction/knn,HTTP/1.1,contacts,,200,,,http://20.210.36.32:8080/prediction/knn,,
http_req_sending,1678217714,0.116801,,,,true,,POST,http://20.210.36.32:8080/prediction/knn,HTTP/1.1,contacts,,200,,,http://20.210.36.32:8080/prediction/knn,,
http_req_waiting,1678217714,754.208361,,,,true,,POST,http://20.210.36.32:8080/prediction/knn,HTTP/1.1,contacts,,200,,,http://20.210.36.32:8080/prediction/knn,,
http_req_receiving,1678217714,1.878909,,,,true,,POST,http://20.210.36.32:8080/prediction/knn,HTTP/1.1,contacts,,200,,,http://20.210.36.32:8080/prediction/knn,,
http_req_failed,1678217714,0.000000,,,,true,,POST,http://20.210.36.32:8080/prediction/knn,HTTP/1.1,contacts,,200,,,http://20.210.36.32:8080/prediction/knn,,
responseTime,1678217714,756.204071,,,,,,,,,contacts,,,,,,,
data_sent,1678217714,2088.000000,,,,,,,,,contacts,,,,,,,
data_received,1678217714,199.000000,,,,,,,,,contacts,,,,,,,
iteration_duration,1678217714,761.579996,,,,,,,,,contacts,,,,,,,
iterations,1678217714,1.000000,,,,,,,,,contacts,,,,,,,
http_reqs,1678217714,1.000000,,,,true,,POST,http://20.210.36.32:8080/prediction/knn,HTTP/1.1,contacts,,200,,,http://20.210.36.32:8080/prediction/knn,,
http_req_duration,1678217714,752.623454,,,,true,,POST,http://20.210.36.32:8080/prediction/knn,HTTP/1.1,contacts,,200,,,http://20.210.36.32:8080/prediction/knn,,
http_req_blocked,1678217714,3.999619,,,,true,,POST,http://20.210.36.32:8080/prediction/knn,HTTP/1.1,contacts,,200,,,http://20.210.36.32:8080/prediction/knn,,
http_req_connecting,1678217714,3.904818,,,,true,,POST,http://20.210.36.32:8080/prediction/knn,HTTP/1.1,contacts,,200,,,http://20.210.36.32:8080/prediction/knn,,
http_req_tls_handshaking,1678217714,0.000000,,,,true,,POST,http://20.210.36.32:8080/prediction/knn,HTTP/1.1,contacts,,200,,,http://20.210.36.32:8080/prediction/knn,,
http_req_sending,1678217714,0.095501,,,,true,,POST,http://20.210.36.32:8080/prediction/knn,HTTP/1.1,contacts,,200,,,http://20.210.36.32:8080/prediction/knn,,
http_req_waiting,1678217714,750.574644,,,,true,,POST,http://20.210.36.32:8080/prediction/knn,HTTP/1.1,contacts,,200,,,http://20.210.36.32:8080/prediction/knn,,
http_req_receiving,1678217714,1.953309,,,,true,,POST,http://20.210.36.32:8080/prediction/knn,HTTP/1.1,contacts,,200,,,http://20.210.36.32:8080/prediction/knn,,
http_req_failed,1678217714,0.000000,,,,true,,POST,http://20.210.36.32:8080/prediction/knn,HTTP/1.1,contacts,,200,,,http://20.210.36.32:8080/prediction/knn,,
responseTime,1678217714,752.623454,,,,,,,,,contacts,,,,,,,
data_sent,1678217714,2088.000000,,,,,,,,,contacts,,,,,,,
data_received,1678217714,199.000000,,,,,,,,,contacts,,,,,,,
iteration_duration,1678217714,756.976674,,,,,,,,,contacts,,,,,,,
iterations,1678217714,1.000000,,,,,,,,,contacts,,,,,,,
http_reqs,1678217714,1.000000,,,,true,,POST,http://20.210.36.32:8080/prediction/knn,HTTP/1.1,contacts,,200,,,http://20.210.36.32:8080/prediction/knn,,
http_req_duration,1678217714,856.505344,,,,true,,POST,http://20.210.36.32:8080/prediction/knn,HTTP/1.1,contacts,,200,,,http://20.210.36.32:8080/prediction/knn,,
http_req_blocked,1678217714,4.045719,,,,true,,POST,http://20.210.36.32:8080/prediction/knn,HTTP/1.1,contacts,,200,,,http://20.210.36.32:8080/prediction/knn,,
http_req_connecting,1678217714,3.916719,,,,true,,POST,http://20.210.36.32:8080/prediction/knn,HTTP/1.1,contacts,,200,,,http://20.210.36.32:8080/prediction/knn,,
http_req_tls_handshaking,1678217714,0.000000,,,,true,,POST,http://20.210.36.32:8080/prediction/knn,HTTP/1.1,contacts,,200,,,http://20.210.36.32:8080/prediction/knn,,
http_req_sending,1678217714,0.097500,,,,true,,POST,http://20.210.36.32:8080/prediction/knn,HTTP/1.1,contacts,,200,,,http://20.210.36.32:8080/prediction/knn,,
http_req_waiting,1678217714,856.275944,,,,true,,POST,http://20.210.36.32:8080/prediction/knn,HTTP/1.1,contacts,,200,,,http://20.210.36.32:8080/prediction/knn,,
http_req_receiving,1678217714,0.131900,,,,true,,POST,http://20.210.36.32:8080/prediction/knn,HTTP/1.1,contacts,,200,,,http://20.210.36.32:8080/prediction/knn,,
http_req_failed,1678217714,0.000000,,,,true,,POST,http://20.210.36.32:8080/prediction/knn,HTTP/1.1,contacts,,200,,,http://20.210.36.32:8080/prediction/knn,,
responseTime,1678217714,856.505344,,,,,,,,,contacts,,,,,,,
data_sent,1678217714,2088.000000,,,,,,,,,contacts,,,,,,,
data_received,1678217714,199.000000,,,,,,,,,contacts,,,,,,,
iteration_duration,1678217714,862.051071,,,,,,,,,contacts,,,,,,,
iterations,1678217714,1.000000,,,,,,,,,contacts,,,,,,,
http_reqs,1678217714,1.000000,,,,true,,POST,http://20.210.36.32:8080/prediction/knn,HTTP/1.1,contacts,,200,,,http://20.210.36.32:8080/prediction/knn,,
http_req_duration,1678217714,797.363665,,,,true,,POST,http://20.210.36.32:8080/prediction/knn,HTTP/1.1,contacts,,200,,,http://20.210.36.32:8080/prediction/knn,,
http_req_blocked,1678217714,4.275320,,,,true,,POST,http://20.210.36.32:8080/prediction/knn,HTTP/1.1,contacts,,200,,,http://20.210.36.32:8080/prediction/knn,,
http_req_connecting,1678217714,4.102420,,,,true,,POST,http://20.210.36.32:8080/prediction/knn,HTTP/1.1,contacts,,200,,,http://20.210.36.32:8080/prediction/knn,,
http_req_tls_handshaking,1678217714,0.000000,,,,true,,POST,http://20.210.36.32:8080/prediction/knn,HTTP/1.1,contacts,,200,,,http://20.210.36.32:8080/prediction/knn,,
http_req_sending,1678217714,0.176701,,,,true,,POST,http://20.210.36.32:8080/prediction/knn,HTTP/1.1,contacts,,200,,,http://20.210.36.32:8080/prediction/knn,,
http_req_waiting,1678217714,797.064963,,,,true,,POST,http://20.210.36.32:8080/prediction/knn,HTTP/1.1,contacts,,200,,,http://20.210.36.32:8080/prediction/knn,,
http_req_receiving,1678217714,0.122001,,,,true,,POST,http://20.210.36.32:8080/prediction/knn,HTTP/1.1,contacts,,200,,,http://20.210.36.32:8080/prediction/knn,,
http_req_failed,1678217714,0.000000,,,,true,,POST,http://20.210.36.32:8080/prediction/knn,HTTP/1.1,contacts,,200,,,http://20.210.36.32:8080/prediction/knn,,
responseTime,1678217714,797.363665,,,,,,,,,contacts,,,,,,,
data_sent,1678217714,2088.000000,,,,,,,,,contacts,,,,,,,
data_received,1678217714,199.000000,,,,,,,,,contacts,,,,,,,
iteration_duration,1678217714,802.666090,,,,,,,,,contacts,,,,,,,
iterations,1678217714,1.000000,,,,,,,,,contacts,,,,,,,
http_reqs,1678217714,1.000000,,,,true,,POST,http://20.210.36.32:8080/prediction/knn,HTTP/1.1,contacts,,200,,,http://20.210.36.32:8080/prediction/knn,,
http_req_duration,1678217714,809.030920,,,,true,,POST,http://20.210.36.32:8080/prediction/knn,HTTP/1.1,contacts,,200,,,http://20.210.36.32:8080/prediction/knn,,
http_req_blocked,1678217714,3.831718,,,,true,,POST,http://20.210.36.32:8080/prediction/knn,HTTP/1.1,contacts,,200,,,http://20.210.36.32:8080/prediction/knn,,
http_req_connecting,1678217714,3.719018,,,,true,,POST,http://20.210.36.32:8080/prediction/knn,HTTP/1.1,contacts,,200,,,http://20.210.36.32:8080/prediction/knn,,
http_req_tls_handshaking,1678217714,0.000000,,,,true,,POST,http://20.210.36.32:8080/prediction/knn,HTTP/1.1,contacts,,200,,,http://20.210.36.32:8080/prediction/knn,,
http_req_sending,1678217714,0.129800,,,,true,,POST,http://20.210.36.32:8080/prediction/knn,HTTP/1.1,contacts,,200,,,http://20.210.36.32:8080/prediction/knn,,
http_req_waiting,1678217714,808.817120,,,,true,,POST,http://20.210.36.32:8080/prediction/knn,HTTP/1.1,contacts,,200,,,http://20.210.36.32:8080/prediction/knn,,
http_req_receiving,1678217714,0.084000,,,,true,,POST,http://20.210.36.32:8080/prediction/knn,HTTP/1.1,contacts,,200,,,http://20.210.36.32:8080/prediction/knn,,
http_req_failed,1678217714,0.000000,,,,true,,POST,http://20.210.36.32:8080/prediction/knn,HTTP/1.1,contacts,,200,,,http://20.210.36.32:8080/prediction/knn,,
responseTime,1678217714,809.030920,,,,,,,,,contacts,,,,,,,
data_sent,1678217714,2088.000000,,,,,,,,,contacts,,,,,,,
data_received,1678217714,199.000000,,,,,,,,,contacts,,,,,,,
iteration_duration,1678217714,813.283140,,,,,,,,,contacts,,,,,,,
iterations,1678217714,1.000000,,,,,,,,,contacts,,,,,,,
http_reqs,1678217714,1.000000,,,,true,,POST,http://20.210.36.32:8080/prediction/knn,HTTP/1.1,contacts,,200,,,http://20.210.36.32:8080/prediction/knn,,
http_req_duration,1678217714,750.789445,,,,true,,POST,http://20.210.36.32:8080/prediction/knn,HTTP/1.1,contacts,,200,,,http://20.210.36.32:8080/prediction/knn,,
http_req_blocked,1678217714,4.138319,,,,true,,POST,http://20.210.36.32:8080/prediction/knn,HTTP/1.1,contacts,,200,,,http://20.210.36.32:8080/prediction/knn,,
http_req_connecting,1678217714,4.055719,,,,true,,POST,http://20.210.36.32:8080/prediction/knn,HTTP/1.1,contacts,,200,,,http://20.210.36.32:8080/prediction/knn,,
http_req_tls_handshaking,1678217714,0.000000,,,,true,,POST,http://20.210.36.32:8080/prediction/knn,HTTP/1.1,contacts,,200,,,http://20.210.36.32:8080/prediction/knn,,
http_req_sending,1678217714,0.068800,,,,true,,POST,http://20.210.36.32:8080/prediction/knn,HTTP/1.1,contacts,,200,,,http://20.210.36.32:8080/prediction/knn,,
http_req_waiting,1678217714,746.498426,,,,true,,POST,http://20.210.36.32:8080/prediction/knn,HTTP/1.1,contacts,,200,,,http://20.210.36.32:8080/prediction/knn,,
http_req_receiving,1678217714,4.222219,,,,true,,POST,http://20.210.36.32:8080/prediction/knn,HTTP/1.1,contacts,,200,,,http://20.210.36.32:8080/prediction/knn,,
http_req_failed,1678217714,0.000000,,,,true,,POST,http://20.210.36.32:8080/prediction/knn,HTTP/1.1,contacts,,200,,,http://20.210.36.32:8080/prediction/knn,,
http_reqs,1678217714,1.000000,,,,true,,POST,http://20.210.36.32:8080/prediction/knn,HTTP/1.1,contacts,,200,,,http://20.210.36.32:8080/prediction/knn,,
http_req_duration,1678217714,853.725431,,,,true,,POST,http://20.210.36.32:8080/prediction/knn,HTTP/1.1,contacts,,200,,,http://20.210.36.32:8080/prediction/knn,,
http_req_blocked,1678217714,3.774218,,,,true,,POST,http://20.210.36.32:8080/prediction/knn,HTTP/1.1,contacts,,200,,,http://20.210.36.32:8080/prediction/knn,,
http_req_connecting,1678217714,3.713618,,,,true,,POST,http://20.210.36.32:8080/prediction/knn,HTTP/1.1,contacts,,200,,,http://20.210.36.32:8080/prediction/knn,,
http_req_tls_handshaking,1678217714,0.000000,,,,true,,POST,http://20.210.36.32:8080/prediction/knn,HTTP/1.1,contacts,,200,,,http://20.210.36.32:8080/prediction/knn,,
http_req_sending,1678217714,0.048900,,,,true,,POST,http://20.210.36.32:8080/prediction/knn,HTTP/1.1,contacts,,200,,,http://20.210.36.32:8080/prediction/knn,,
http_req_waiting,1678217714,853.545230,,,,true,,POST,http://20.210.36.32:8080/prediction/knn,HTTP/1.1,contacts,,200,,,http://20.210.36.32:8080/prediction/knn,,
http_req_receiving,1678217714,0.131301,,,,true,,POST,http://20.210.36.32:8080/prediction/knn,HTTP/1.1,contacts,,200,,,http://20.210.36.32:8080/prediction/knn,,
http_req_failed,1678217714,0.000000,,,,true,,POST,http://20.210.36.32:8080/prediction/knn,HTTP/1.1,contacts,,200,,,http://20.210.36.32:8080/prediction/knn,,
responseTime,1678217714,750.789445,,,,,,,,,contacts,,,,,,,
data_sent,1678217714,2088.000000,,,,,,,,,contacts,,,,,,,
data_received,1678217714,199.000000,,,,,,,,,contacts,,,,,,,
iteration_duration,1678217714,755.835769,,,,,,,,,contacts,,,,,,,
iterations,1678217714,1.000000,,,,,,,,,contacts,,,,,,,
http_reqs,1678217714,1.000000,,,,true,,POST,http://20.210.36.32:8080/prediction/knn,HTTP/1.1,contacts,,200,,,http://20.210.36.32:8080/prediction/knn,,
http_req_duration,1678217714,831.582027,,,,true,,POST,http://20.210.36.32:8080/prediction/knn,HTTP/1.1,contacts,,200,,,http://20.210.36.32:8080/prediction/knn,,
http_req_blocked,1678217714,4.345821,,,,true,,POST,http://20.210.36.32:8080/prediction/knn,HTTP/1.1,contacts,,200,,,http://20.210.36.32:8080/prediction/knn,,
http_req_connecting,1678217714,4.284620,,,,true,,POST,http://20.210.36.32:8080/prediction/knn,HTTP/1.1,contacts,,200,,,http://20.210.36.32:8080/prediction/knn,,
http_req_tls_handshaking,1678217714,0.000000,,,,true,,POST,http://20.210.36.32:8080/prediction/knn,HTTP/1.1,contacts,,200,,,http://20.210.36.32:8080/prediction/knn,,
http_req_sending,1678217714,0.061600,,,,true,,POST,http://20.210.36.32:8080/prediction/knn,HTTP/1.1,contacts,,200,,,http://20.210.36.32:8080/prediction/knn,,
http_req_waiting,1678217714,831.422426,,,,true,,POST,http://20.210.36.32:8080/prediction/knn,HTTP/1.1,contacts,,200,,,http://20.210.36.32:8080/prediction/knn,,
http_req_receiving,1678217714,0.098001,,,,true,,POST,http://20.210.36.32:8080/prediction/knn,HTTP/1.1,contacts,,200,,,http://20.210.36.32:8080/prediction/knn,,
http_req_failed,1678217714,0.000000,,,,true,,POST,http://20.210.36.32:8080/prediction/knn,HTTP/1.1,contacts,,200,,,http://20.210.36.32:8080/prediction/knn,,
responseTime,1678217714,853.725431,,,,,,,,,contacts,,,,,,,
data_sent,1678217714,2088.000000,,,,,,,,,contacts,,,,,,,
data_received,1678217714,199.000000,,,,,,,,,contacts,,,,,,,
iteration_duration,1678217714,858.687155,,,,,,,,,contacts,,,,,,,
iterations,1678217714,1.000000,,,,,,,,,contacts,,,,,,,
responseTime,1678217714,831.582027,,,,,,,,,contacts,,,,,,,
data_sent,1678217714,2088.000000,,,,,,,,,contacts,,,,,,,
data_received,1678217714,199.000000,,,,,,,,,contacts,,,,,,,
iteration_duration,1678217714,837.040453,,,,,,,,,contacts,,,,,,,
iterations,1678217714,1.000000,,,,,,,,,contacts,,,,,,,
http_reqs,1678217714,1.000000,,,,true,,POST,http://20.210.36.32:8080/prediction/knn,HTTP/1.1,contacts,,200,,,http://20.210.36.32:8080/prediction/knn,,
http_req_duration,1678217714,770.791240,,,,true,,POST,http://20.210.36.32:8080/prediction/knn,HTTP/1.1,contacts,,200,,,http://20.210.36.32:8080/prediction/knn,,
http_req_blocked,1678217714,3.952418,,,,true,,POST,http://20.210.36.32:8080/prediction/knn,HTTP/1.1,contacts,,200,,,http://20.210.36.32:8080/prediction/knn,,
http_req_connecting,1678217714,3.878818,,,,true,,POST,http://20.210.36.32:8080/prediction/knn,HTTP/1.1,contacts,,200,,,http://20.210.36.32:8080/prediction/knn,,
http_req_tls_handshaking,1678217714,0.000000,,,,true,,POST,http://20.210.36.32:8080/prediction/knn,HTTP/1.1,contacts,,200,,,http://20.210.36.32:8080/prediction/knn,,
http_req_sending,1678217714,0.103401,,,,true,,POST,http://20.210.36.32:8080/prediction/knn,HTTP/1.1,contacts,,200,,,http://20.210.36.32:8080/prediction/knn,,
http_req_waiting,1678217714,760.939793,,,,true,,POST,http://20.210.36.32:8080/prediction/knn,HTTP/1.1,contacts,,200,,,http://20.210.36.32:8080/prediction/knn,,
http_req_receiving,1678217714,9.748046,,,,true,,POST,http://20.210.36.32:8080/prediction/knn,HTTP/1.1,contacts,,200,,,http://20.210.36.32:8080/prediction/knn,,
http_req_failed,1678217714,0.000000,,,,true,,POST,http://20.210.36.32:8080/prediction/knn,HTTP/1.1,contacts,,200,,,http://20.210.36.32:8080/prediction/knn,,
responseTime,1678217714,770.791240,,,,,,,,,contacts,,,,,,,
data_sent,1678217714,2088.000000,,,,,,,,,contacts,,,,,,,
data_received,1678217714,199.000000,,,,,,,,,contacts,,,,,,,
iteration_duration,1678217714,775.160761,,,,,,,,,contacts,,,,,,,
iterations,1678217714,1.000000,,,,,,,,,contacts,,,,,,,
http_reqs,1678217714,1.000000,,,,true,,POST,http://20.210.36.32:8080/prediction/knn,HTTP/1.1,contacts,,200,,,http://20.210.36.32:8080/prediction/knn,,
http_req_duration,1678217714,782.656796,,,,true,,POST,http://20.210.36.32:8080/prediction/knn,HTTP/1.1,contacts,,200,,,http://20.210.36.32:8080/prediction/knn,,
http_req_blocked,1678217714,4.247320,,,,true,,POST,http://20.210.36.32:8080/prediction/knn,HTTP/1.1,contacts,,200,,,http://20.210.36.32:8080/prediction/knn,,
http_req_connecting,1678217714,4.178919,,,,true,,POST,http://20.210.36.32:8080/prediction/knn,HTTP/1.1,contacts,,200,,,http://20.210.36.32:8080/prediction/knn,,
http_req_tls_handshaking,1678217714,0.000000,,,,true,,POST,http://20.210.36.32:8080/prediction/knn,HTTP/1.1,contacts,,200,,,http://20.210.36.32:8080/prediction/knn,,
http_req_sending,1678217714,0.109301,,,,true,,POST,http://20.210.36.32:8080/prediction/knn,HTTP/1.1,contacts,,200,,,http://20.210.36.32:8080/prediction/knn,,
http_req_waiting,1678217714,781.869192,,,,true,,POST,http://20.210.36.32:8080/prediction/knn,HTTP/1.1,contacts,,200,,,http://20.210.36.32:8080/prediction/knn,,
http_req_receiving,1678217714,0.678303,,,,true,,POST,http://20.210.36.32:8080/prediction/knn,HTTP/1.1,contacts,,200,,,http://20.210.36.32:8080/prediction/knn,,
http_req_failed,1678217714,0.000000,,,,true,,POST,http://20.210.36.32:8080/prediction/knn,HTTP/1.1,contacts,,200,,,http://20.210.36.32:8080/prediction/knn,,
responseTime,1678217714,782.656796,,,,,,,,,contacts,,,,,,,
data_sent,1678217714,2088.000000,,,,,,,,,contacts,,,,,,,
data_received,1678217714,199.000000,,,,,,,,,contacts,,,,,,,
iteration_duration,1678217714,787.724920,,,,,,,,,contacts,,,,,,,
iterations,1678217714,1.000000,,,,,,,,,contacts,,,,,,,
http_reqs,1678217714,1.000000,,,,true,,POST,http://20.210.36.32:8080/prediction/knn,HTTP/1.1,contacts,,200,,,http://20.210.36.32:8080/prediction/knn,,
http_req_duration,1678217714,824.838495,,,,true,,POST,http://20.210.36.32:8080/prediction/knn,HTTP/1.1,contacts,,200,,,http://20.210.36.32:8080/prediction/knn,,
http_req_blocked,1678217714,4.625822,,,,true,,POST,http://20.210.36.32:8080/prediction/knn,HTTP/1.1,contacts,,200,,,http://20.210.36.32:8080/prediction/knn,,
http_req_connecting,1678217714,4.541521,,,,true,,POST,http://20.210.36.32:8080/prediction/knn,HTTP/1.1,contacts,,200,,,http://20.210.36.32:8080/prediction/knn,,
http_req_tls_handshaking,1678217714,0.000000,,,,true,,POST,http://20.210.36.32:8080/prediction/knn,HTTP/1.1,contacts,,200,,,http://20.210.36.32:8080/prediction/knn,,
http_req_sending,1678217714,0.065801,,,,true,,POST,http://20.210.36.32:8080/prediction/knn,HTTP/1.1,contacts,,200,,,http://20.210.36.32:8080/prediction/knn,,
http_req_waiting,1678217714,824.683594,,,,true,,POST,http://20.210.36.32:8080/prediction/knn,HTTP/1.1,contacts,,200,,,http://20.210.36.32:8080/prediction/knn,,
http_req_receiving,1678217714,0.089100,,,,true,,POST,http://20.210.36.32:8080/prediction/knn,HTTP/1.1,contacts,,200,,,http://20.210.36.32:8080/prediction/knn,,
http_req_failed,1678217714,0.000000,,,,true,,POST,http://20.210.36.32:8080/prediction/knn,HTTP/1.1,contacts,,200,,,http://20.210.36.32:8080/prediction/knn,,
responseTime,1678217714,824.838495,,,,,,,,,contacts,,,,,,,
data_sent,1678217714,2088.000000,,,,,,,,,contacts,,,,,,,
data_received,1678217714,199.000000,,,,,,,,,contacts,,,,,,,
iteration_duration,1678217714,829.870819,,,,,,,,,contacts,,,,,,,
iterations,1678217714,1.000000,,,,,,,,,contacts,,,,,,,
http_reqs,1678217714,1.000000,,,,true,,POST,http://20.210.36.32:8080/prediction/knn,HTTP/1.1,contacts,,200,,,http://20.210.36.32:8080/prediction/knn,,
http_req_duration,1678217714,809.343222,,,,true,,POST,http://20.210.36.32:8080/prediction/knn,HTTP/1.1,contacts,,200,,,http://20.210.36.32:8080/prediction/knn,,
http_req_blocked,1678217714,4.262620,,,,true,,POST,http://20.210.36.32:8080/prediction/knn,HTTP/1.1,contacts,,200,,,http://20.210.36.32:8080/prediction/knn,,
http_req_connecting,1678217714,4.150119,,,,true,,POST,http://20.210.36.32:8080/prediction/knn,HTTP/1.1,contacts,,200,,,http://20.210.36.32:8080/prediction/knn,,
http_req_tls_handshaking,1678217714,0.000000,,,,true,,POST,http://20.210.36.32:8080/prediction/knn,HTTP/1.1,contacts,,200,,,http://20.210.36.32:8080/prediction/knn,,
http_req_sending,1678217714,0.075901,,,,true,,POST,http://20.210.36.32:8080/prediction/knn,HTTP/1.1,contacts,,200,,,http://20.210.36.32:8080/prediction/knn,,
http_req_waiting,1678217714,809.090920,,,,true,,POST,http://20.210.36.32:8080/prediction/knn,HTTP/1.1,contacts,,200,,,http://20.210.36.32:8080/prediction/knn,,
http_req_receiving,1678217714,0.176401,,,,true,,POST,http://20.210.36.32:8080/prediction/knn,HTTP/1.1,contacts,,200,,,http://20.210.36.32:8080/prediction/knn,,
http_req_failed,1678217714,0.000000,,,,true,,POST,http://20.210.36.32:8080/prediction/knn,HTTP/1.1,contacts,,200,,,http://20.210.36.32:8080/prediction/knn,,
responseTime,1678217714,809.343222,,,,,,,,,contacts,,,,,,,
data_sent,1678217714,2088.000000,,,,,,,,,contacts,,,,,,,
data_received,1678217714,199.000000,,,,,,,,,contacts,,,,,,,
iteration_duration,1678217714,813.962944,,,,,,,,,contacts,,,,,,,
iterations,1678217714,1.000000,,,,,,,,,contacts,,,,,,,
http_reqs,1678217714,1.000000,,,,true,,POST,http://20.210.36.32:8080/prediction/knn,HTTP/1.1,contacts,,200,,,http://20.210.36.32:8080/prediction/knn,,
http_req_duration,1678217714,909.328894,,,,true,,POST,http://20.210.36.32:8080/prediction/knn,HTTP/1.1,contacts,,200,,,http://20.210.36.32:8080/prediction/knn,,
http_req_blocked,1678217714,3.883918,,,,true,,POST,http://20.210.36.32:8080/prediction/knn,HTTP/1.1,contacts,,200,,,http://20.210.36.32:8080/prediction/knn,,
http_req_connecting,1678217714,3.788018,,,,true,,POST,http://20.210.36.32:8080/prediction/knn,HTTP/1.1,contacts,,200,,,http://20.210.36.32:8080/prediction/knn,,
http_req_tls_handshaking,1678217714,0.000000,,,,true,,POST,http://20.210.36.32:8080/prediction/knn,HTTP/1.1,contacts,,200,,,http://20.210.36.32:8080/prediction/knn,,
http_req_sending,1678217714,0.098301,,,,true,,POST,http://20.210.36.32:8080/prediction/knn,HTTP/1.1,contacts,,200,,,http://20.210.36.32:8080/prediction/knn,,
http_req_waiting,1678217714,907.697686,,,,true,,POST,http://20.210.36.32:8080/prediction/knn,HTTP/1.1,contacts,,200,,,http://20.210.36.32:8080/prediction/knn,,
http_req_receiving,1678217714,1.532907,,,,true,,POST,http://20.210.36.32:8080/prediction/knn,HTTP/1.1,contacts,,200,,,http://20.210.36.32:8080/prediction/knn,,
http_req_failed,1678217714,0.000000,,,,true,,POST,http://20.210.36.32:8080/prediction/knn,HTTP/1.1,contacts,,200,,,http://20.210.36.32:8080/prediction/knn,,
responseTime,1678217714,909.328894,,,,,,,,,contacts,,,,,,,
data_sent,1678217714,2088.000000,,,,,,,,,contacts,,,,,,,
data_received,1678217714,199.000000,,,,,,,,,contacts,,,,,,,
iteration_duration,1678217714,913.556014,,,,,,,,,contacts,,,,,,,
iterations,1678217714,1.000000,,,,,,,,,contacts,,,,,,,
http_reqs,1678217714,1.000000,,,,true,,POST,http://20.210.36.32:8080/prediction/knn,HTTP/1.1,contacts,,200,,,http://20.210.36.32:8080/prediction/knn,,
http_req_duration,1678217714,951.600194,,,,true,,POST,http://20.210.36.32:8080/prediction/knn,HTTP/1.1,contacts,,200,,,http://20.210.36.32:8080/prediction/knn,,
http_req_blocked,1678217714,7.263335,,,,true,,POST,http://20.210.36.32:8080/prediction/knn,HTTP/1.1,contacts,,200,,,http://20.210.36.32:8080/prediction/knn,,
http_req_connecting,1678217714,7.175933,,,,true,,POST,http://20.210.36.32:8080/prediction/knn,HTTP/1.1,contacts,,200,,,http://20.210.36.32:8080/prediction/knn,,
http_req_tls_handshaking,1678217714,0.000000,,,,true,,POST,http://20.210.36.32:8080/prediction/knn,HTTP/1.1,contacts,,200,,,http://20.210.36.32:8080/prediction/knn,,
http_req_sending,1678217714,0.064101,,,,true,,POST,http://20.210.36.32:8080/prediction/knn,HTTP/1.1,contacts,,200,,,http://20.210.36.32:8080/prediction/knn,,
http_req_waiting,1678217714,951.425192,,,,true,,POST,http://20.210.36.32:8080/prediction/knn,HTTP/1.1,contacts,,200,,,http://20.210.36.32:8080/prediction/knn,,
http_req_receiving,1678217714,0.110901,,,,true,,POST,http://20.210.36.32:8080/prediction/knn,HTTP/1.1,contacts,,200,,,http://20.210.36.32:8080/prediction/knn,,
http_req_failed,1678217714,0.000000,,,,true,,POST,http://20.210.36.32:8080/prediction/knn,HTTP/1.1,contacts,,200,,,http://20.210.36.32:8080/prediction/knn,,
responseTime,1678217714,951.600194,,,,,,,,,contacts,,,,,,,
data_sent,1678217714,2088.000000,,,,,,,,,contacts,,,,,,,
data_received,1678217714,199.000000,,,,,,,,,contacts,,,,,,,
iteration_duration,1678217714,959.654532,,,,,,,,,contacts,,,,,,,
iterations,1678217714,1.000000,,,,,,,,,contacts,,,,,,,
http_reqs,1678217714,1.000000,,,,true,,POST,http://20.210.36.32:8080/prediction/knn,HTTP/1.1,contacts,,200,,,http://20.210.36.32:8080/prediction/knn,,
http_req_duration,1678217714,792.511043,,,,true,,POST,http://20.210.36.32:8080/prediction/knn,HTTP/1.1,contacts,,200,,,http://20.210.36.32:8080/prediction/knn,,
http_req_blocked,1678217714,3.709917,,,,true,,POST,http://20.210.36.32:8080/prediction/knn,HTTP/1.1,contacts,,200,,,http://20.210.36.32:8080/prediction/knn,,
http_req_connecting,1678217714,3.638117,,,,true,,POST,http://20.210.36.32:8080/prediction/knn,HTTP/1.1,contacts,,200,,,http://20.210.36.32:8080/prediction/knn,,
http_req_tls_handshaking,1678217714,0.000000,,,,true,,POST,http://20.210.36.32:8080/prediction/knn,HTTP/1.1,contacts,,200,,,http://20.210.36.32:8080/prediction/knn,,
http_req_sending,1678217714,0.076401,,,,true,,POST,http://20.210.36.32:8080/prediction/knn,HTTP/1.1,contacts,,200,,,http://20.210.36.32:8080/prediction/knn,,
http_req_waiting,1678217714,792.344341,,,,true,,POST,http://20.210.36.32:8080/prediction/knn,HTTP/1.1,contacts,,200,,,http://20.210.36.32:8080/prediction/knn,,
http_req_receiving,1678217714,0.090301,,,,true,,POST,http://20.210.36.32:8080/prediction/knn,HTTP/1.1,contacts,,200,,,http://20.210.36.32:8080/prediction/knn,,
http_req_failed,1678217714,0.000000,,,,true,,POST,http://20.210.36.32:8080/prediction/knn,HTTP/1.1,contacts,,200,,,http://20.210.36.32:8080/prediction/knn,,
responseTime,1678217714,792.511043,,,,,,,,,contacts,,,,,,,
data_sent,1678217714,2088.000000,,,,,,,,,contacts,,,,,,,
data_received,1678217714,199.000000,,,,,,,,,contacts,,,,,,,
iteration_duration,1678217714,796.603561,,,,,,,,,contacts,,,,,,,
iterations,1678217714,1.000000,,,,,,,,,contacts,,,,,,,
http_reqs,1678217714,1.000000,,,,true,,POST,http://20.210.36.32:8080/prediction/knn,HTTP/1.1,contacts,,200,,,http://20.210.36.32:8080/prediction/knn,,
http_req_duration,1678217714,818.073263,,,,true,,POST,http://20.210.36.32:8080/prediction/knn,HTTP/1.1,contacts,,200,,,http://20.210.36.32:8080/prediction/knn,,
http_req_blocked,1678217714,5.382425,,,,true,,POST,http://20.210.36.32:8080/prediction/knn,HTTP/1.1,contacts,,200,,,http://20.210.36.32:8080/prediction/knn,,
http_req_connecting,1678217714,5.298325,,,,true,,POST,http://20.210.36.32:8080/prediction/knn,HTTP/1.1,contacts,,200,,,http://20.210.36.32:8080/prediction/knn,,
http_req_tls_handshaking,1678217714,0.000000,,,,true,,POST,http://20.210.36.32:8080/prediction/knn,HTTP/1.1,contacts,,200,,,http://20.210.36.32:8080/prediction/knn,,
http_req_sending,1678217714,0.075901,,,,true,,POST,http://20.210.36.32:8080/prediction/knn,HTTP/1.1,contacts,,200,,,http://20.210.36.32:8080/prediction/knn,,
http_req_waiting,1678217714,817.892662,,,,true,,POST,http://20.210.36.32:8080/prediction/knn,HTTP/1.1,contacts,,200,,,http://20.210.36.32:8080/prediction/knn,,
http_req_receiving,1678217714,0.104700,,,,true,,POST,http://20.210.36.32:8080/prediction/knn,HTTP/1.1,contacts,,200,,,http://20.210.36.32:8080/prediction/knn,,
http_req_failed,1678217714,0.000000,,,,true,,POST,http://20.210.36.32:8080/prediction/knn,HTTP/1.1,contacts,,200,,,http://20.210.36.32:8080/prediction/knn,,
responseTime,1678217714,818.073263,,,,,,,,,contacts,,,,,,,
data_sent,1678217714,2088.000000,,,,,,,,,contacts,,,,,,,
data_received,1678217714,199.000000,,,,,,,,,contacts,,,,,,,
iteration_duration,1678217714,824.913595,,,,,,,,,contacts,,,,,,,
iterations,1678217714,1.000000,,,,,,,,,contacts,,,,,,,
http_reqs,1678217714,1.000000,,,,true,,POST,http://20.210.36.32:8080/prediction/knn,HTTP/1.1,contacts,,200,,,http://20.210.36.32:8080/prediction/knn,,
http_req_duration,1678217714,843.574583,,,,true,,POST,http://20.210.36.32:8080/prediction/knn,HTTP/1.1,contacts,,200,,,http://20.210.36.32:8080/prediction/knn,,
http_req_blocked,1678217714,4.798823,,,,true,,POST,http://20.210.36.32:8080/prediction/knn,HTTP/1.1,contacts,,200,,,http://20.210.36.32:8080/prediction/knn,,
http_req_connecting,1678217714,4.723223,,,,true,,POST,http://20.210.36.32:8080/prediction/knn,HTTP/1.1,contacts,,200,,,http://20.210.36.32:8080/prediction/knn,,
http_req_tls_handshaking,1678217714,0.000000,,,,true,,POST,http://20.210.36.32:8080/prediction/knn,HTTP/1.1,contacts,,200,,,http://20.210.36.32:8080/prediction/knn,,
http_req_sending,1678217714,0.047200,,,,true,,POST,http://20.210.36.32:8080/prediction/knn,HTTP/1.1,contacts,,200,,,http://20.210.36.32:8080/prediction/knn,,
http_req_waiting,1678217714,843.399483,,,,true,,POST,http://20.210.36.32:8080/prediction/knn,HTTP/1.1,contacts,,200,,,http://20.210.36.32:8080/prediction/knn,,
http_req_receiving,1678217714,0.127900,,,,true,,POST,http://20.210.36.32:8080/prediction/knn,HTTP/1.1,contacts,,200,,,http://20.210.36.32:8080/prediction/knn,,
http_req_failed,1678217714,0.000000,,,,true,,POST,http://20.210.36.32:8080/prediction/knn,HTTP/1.1,contacts,,200,,,http://20.210.36.32:8080/prediction/knn,,
responseTime,1678217714,843.574583,,,,,,,,,contacts,,,,,,,
data_sent,1678217714,2088.000000,,,,,,,,,contacts,,,,,,,
data_received,1678217714,199.000000,,,,,,,,,contacts,,,,,,,
iteration_duration,1678217714,848.912909,,,,,,,,,contacts,,,,,,,
iterations,1678217714,1.000000,,,,,,,,,contacts,,,,,,,
http_reqs,1678217714,1.000000,,,,true,,POST,http://20.210.36.32:8080/prediction/knn,HTTP/1.1,contacts,,200,,,http://20.210.36.32:8080/prediction/knn,,
http_req_duration,1678217714,862.455973,,,,true,,POST,http://20.210.36.32:8080/prediction/knn,HTTP/1.1,contacts,,200,,,http://20.210.36.32:8080/prediction/knn,,
http_req_blocked,1678217714,3.837218,,,,true,,POST,http://20.210.36.32:8080/prediction/knn,HTTP/1.1,contacts,,200,,,http://20.210.36.32:8080/prediction/knn,,
http_req_connecting,1678217714,3.717517,,,,true,,POST,http://20.210.36.32:8080/prediction/knn,HTTP/1.1,contacts,,200,,,http://20.210.36.32:8080/prediction/knn,,
http_req_tls_handshaking,1678217714,0.000000,,,,true,,POST,http://20.210.36.32:8080/prediction/knn,HTTP/1.1,contacts,,200,,,http://20.210.36.32:8080/prediction/knn,,
http_req_sending,1678217714,0.048001,,,,true,,POST,http://20.210.36.32:8080/prediction/knn,HTTP/1.1,contacts,,200,,,http://20.210.36.32:8080/prediction/knn,,
http_req_waiting,1678217714,862.335972,,,,true,,POST,http://20.210.36.32:8080/prediction/knn,HTTP/1.1,contacts,,200,,,http://20.210.36.32:8080/prediction/knn,,
http_req_receiving,1678217714,0.072000,,,,true,,POST,http://20.210.36.32:8080/prediction/knn,HTTP/1.1,contacts,,200,,,http://20.210.36.32:8080/prediction/knn,,
http_req_failed,1678217714,0.000000,,,,true,,POST,http://20.210.36.32:8080/prediction/knn,HTTP/1.1,contacts,,200,,,http://20.210.36.32:8080/prediction/knn,,
responseTime,1678217714,862.455973,,,,,,,,,contacts,,,,,,,
data_sent,1678217714,2088.000000,,,,,,,,,contacts,,,,,,,
data_received,1678217714,199.000000,,,,,,,,,contacts,,,,,,,
iteration_duration,1678217714,866.738193,,,,,,,,,contacts,,,,,,,
iterations,1678217714,1.000000,,,,,,,,,contacts,,,,,,,
http_reqs,1678217714,1.000000,,,,true,,POST,http://20.210.36.32:8080/prediction/knn,HTTP/1.1,contacts,,200,,,http://20.210.36.32:8080/prediction/knn,,
http_req_duration,1678217714,859.369058,,,,true,,POST,http://20.210.36.32:8080/prediction/knn,HTTP/1.1,contacts,,200,,,http://20.210.36.32:8080/prediction/knn,,
http_req_blocked,1678217714,1.914109,,,,true,,POST,http://20.210.36.32:8080/prediction/knn,HTTP/1.1,contacts,,200,,,http://20.210.36.32:8080/prediction/knn,,
http_req_connecting,1678217714,1.843609,,,,true,,POST,http://20.210.36.32:8080/prediction/knn,HTTP/1.1,contacts,,200,,,http://20.210.36.32:8080/prediction/knn,,
http_req_tls_handshaking,1678217714,0.000000,,,,true,,POST,http://20.210.36.32:8080/prediction/knn,HTTP/1.1,contacts,,200,,,http://20.210.36.32:8080/prediction/knn,,
http_req_sending,1678217714,0.044400,,,,true,,POST,http://20.210.36.32:8080/prediction/knn,HTTP/1.1,contacts,,200,,,http://20.210.36.32:8080/prediction/knn,,
http_req_waiting,1678217714,859.264457,,,,true,,POST,http://20.210.36.32:8080/prediction/knn,HTTP/1.1,contacts,,200,,,http://20.210.36.32:8080/prediction/knn,,
http_req_receiving,1678217714,0.060201,,,,true,,POST,http://20.210.36.32:8080/prediction/knn,HTTP/1.1,contacts,,200,,,http://20.210.36.32:8080/prediction/knn,,
http_req_failed,1678217714,0.000000,,,,true,,POST,http://20.210.36.32:8080/prediction/knn,HTTP/1.1,contacts,,200,,,http://20.210.36.32:8080/prediction/knn,,
responseTime,1678217714,859.369058,,,,,,,,,contacts,,,,,,,
data_sent,1678217714,2088.000000,,,,,,,,,contacts,,,,,,,
data_received,1678217714,199.000000,,,,,,,,,contacts,,,,,,,
iteration_duration,1678217714,861.983671,,,,,,,,,contacts,,,,,,,
iterations,1678217714,1.000000,,,,,,,,,contacts,,,,,,,
vus,1678217714,49.000000,,,,,,,,,,,,,,,,
vus_max,1678217714,100.000000,,,,,,,,,,,,,,,,
http_reqs,1678217714,1.000000,,,,true,,POST,http://20.210.36.32:8080/prediction/knn,HTTP/1.1,contacts,,200,,,http://20.210.36.32:8080/prediction/knn,,
http_req_duration,1678217714,920.602947,,,,true,,POST,http://20.210.36.32:8080/prediction/knn,HTTP/1.1,contacts,,200,,,http://20.210.36.32:8080/prediction/knn,,
http_req_blocked,1678217714,2.003509,,,,true,,POST,http://20.210.36.32:8080/prediction/knn,HTTP/1.1,contacts,,200,,,http://20.210.36.32:8080/prediction/knn,,
http_req_connecting,1678217714,1.871209,,,,true,,POST,http://20.210.36.32:8080/prediction/knn,HTTP/1.1,contacts,,200,,,http://20.210.36.32:8080/prediction/knn,,
http_req_tls_handshaking,1678217714,0.000000,,,,true,,POST,http://20.210.36.32:8080/prediction/knn,HTTP/1.1,contacts,,200,,,http://20.210.36.32:8080/prediction/knn,,
http_req_sending,1678217714,0.093200,,,,true,,POST,http://20.210.36.32:8080/prediction/knn,HTTP/1.1,contacts,,200,,,http://20.210.36.32:8080/prediction/knn,,
http_req_waiting,1678217714,920.407747,,,,true,,POST,http://20.210.36.32:8080/prediction/knn,HTTP/1.1,contacts,,200,,,http://20.210.36.32:8080/prediction/knn,,
http_req_receiving,1678217714,0.102000,,,,true,,POST,http://20.210.36.32:8080/prediction/knn,HTTP/1.1,contacts,,200,,,http://20.210.36.32:8080/prediction/knn,,
http_req_failed,1678217714,0.000000,,,,true,,POST,http://20.210.36.32:8080/prediction/knn,HTTP/1.1,contacts,,200,,,http://20.210.36.32:8080/prediction/knn,,
responseTime,1678217714,920.602947,,,,,,,,,contacts,,,,,,,
data_sent,1678217714,2088.000000,,,,,,,,,contacts,,,,,,,
data_received,1678217714,199.000000,,,,,,,,,contacts,,,,,,,
iteration_duration,1678217714,923.281160,,,,,,,,,contacts,,,,,,,
iterations,1678217714,1.000000,,,,,,,,,contacts,,,,,,,
http_reqs,1678217714,1.000000,,,,true,,POST,http://20.210.36.32:8080/prediction/knn,HTTP/1.1,contacts,,200,,,http://20.210.36.32:8080/prediction/knn,,
http_req_duration,1678217714,942.327850,,,,true,,POST,http://20.210.36.32:8080/prediction/knn,HTTP/1.1,contacts,,200,,,http://20.210.36.32:8080/prediction/knn,,
http_req_blocked,1678217714,3.477716,,,,true,,POST,http://20.210.36.32:8080/prediction/knn,HTTP/1.1,contacts,,200,,,http://20.210.36.32:8080/prediction/knn,,
http_req_connecting,1678217714,3.384016,,,,true,,POST,http://20.210.36.32:8080/prediction/knn,HTTP/1.1,contacts,,200,,,http://20.210.36.32:8080/prediction/knn,,
http_req_tls_handshaking,1678217714,0.000000,,,,true,,POST,http://20.210.36.32:8080/prediction/knn,HTTP/1.1,contacts,,200,,,http://20.210.36.32:8080/prediction/knn,,
http_req_sending,1678217714,0.086701,,,,true,,POST,http://20.210.36.32:8080/prediction/knn,HTTP/1.1,contacts,,200,,,http://20.210.36.32:8080/prediction/knn,,
http_req_waiting,1678217714,942.123848,,,,true,,POST,http://20.210.36.32:8080/prediction/knn,HTTP/1.1,contacts,,200,,,http://20.210.36.32:8080/prediction/knn,,
http_req_receiving,1678217714,0.117301,,,,true,,POST,http://20.210.36.32:8080/prediction/knn,HTTP/1.1,contacts,,200,,,http://20.210.36.32:8080/prediction/knn,,
http_req_failed,1678217714,0.000000,,,,true,,POST,http://20.210.36.32:8080/prediction/knn,HTTP/1.1,contacts,,200,,,http://20.210.36.32:8080/prediction/knn,,
responseTime,1678217714,942.327850,,,,,,,,,contacts,,,,,,,
data_sent,1678217714,2088.000000,,,,,,,,,contacts,,,,,,,
data_received,1678217714,199.000000,,,,,,,,,contacts,,,,,,,
iteration_duration,1678217714,946.354369,,,,,,,,,contacts,,,,,,,
iterations,1678217714,1.000000,,,,,,,,,contacts,,,,,,,
http_reqs,1678217714,1.000000,,,,true,,POST,http://20.210.36.32:8080/prediction/knn,HTTP/1.1,contacts,,200,,,http://20.210.36.32:8080/prediction/knn,,
http_req_duration,1678217714,900.481852,,,,true,,POST,http://20.210.36.32:8080/prediction/knn,HTTP/1.1,contacts,,200,,,http://20.210.36.32:8080/prediction/knn,,
http_req_blocked,1678217714,2.222610,,,,true,,POST,http://20.210.36.32:8080/prediction/knn,HTTP/1.1,contacts,,200,,,http://20.210.36.32:8080/prediction/knn,,
http_req_connecting,1678217714,2.084710,,,,true,,POST,http://20.210.36.32:8080/prediction/knn,HTTP/1.1,contacts,,200,,,http://20.210.36.32:8080/prediction/knn,,
http_req_tls_handshaking,1678217714,0.000000,,,,true,,POST,http://20.210.36.32:8080/prediction/knn,HTTP/1.1,contacts,,200,,,http://20.210.36.32:8080/prediction/knn,,
http_req_sending,1678217714,0.137101,,,,true,,POST,http://20.210.36.32:8080/prediction/knn,HTTP/1.1,contacts,,200,,,http://20.210.36.32:8080/prediction/knn,,
http_req_waiting,1678217714,900.265551,,,,true,,POST,http://20.210.36.32:8080/prediction/knn,HTTP/1.1,contacts,,200,,,http://20.210.36.32:8080/prediction/knn,,
http_req_receiving,1678217714,0.079200,,,,true,,POST,http://20.210.36.32:8080/prediction/knn,HTTP/1.1,contacts,,200,,,http://20.210.36.32:8080/prediction/knn,,
http_req_failed,1678217714,0.000000,,,,true,,POST,http://20.210.36.32:8080/prediction/knn,HTTP/1.1,contacts,,200,,,http://20.210.36.32:8080/prediction/knn,,
responseTime,1678217714,900.481852,,,,,,,,,contacts,,,,,,,
data_sent,1678217714,2088.000000,,,,,,,,,contacts,,,,,,,
data_received,1678217714,199.000000,,,,,,,,,contacts,,,,,,,
iteration_duration,1678217714,903.117864,,,,,,,,,contacts,,,,,,,
iterations,1678217714,1.000000,,,,,,,,,contacts,,,,,,,
http_reqs,1678217714,1.000000,,,,true,,POST,http://20.210.36.32:8080/prediction/knn,HTTP/1.1,contacts,,200,,,http://20.210.36.32:8080/prediction/knn,,
http_req_duration,1678217714,882.954370,,,,true,,POST,http://20.210.36.32:8080/prediction/knn,HTTP/1.1,contacts,,200,,,http://20.210.36.32:8080/prediction/knn,,
http_req_blocked,1678217714,2.150710,,,,true,,POST,http://20.210.36.32:8080/prediction/knn,HTTP/1.1,contacts,,200,,,http://20.210.36.32:8080/prediction/knn,,
http_req_connecting,1678217714,2.054010,,,,true,,POST,http://20.210.36.32:8080/prediction/knn,HTTP/1.1,contacts,,200,,,http://20.210.36.32:8080/prediction/knn,,
http_req_tls_handshaking,1678217714,0.000000,,,,true,,POST,http://20.210.36.32:8080/prediction/knn,HTTP/1.1,contacts,,200,,,http://20.210.36.32:8080/prediction/knn,,
http_req_sending,1678217714,0.060000,,,,true,,POST,http://20.210.36.32:8080/prediction/knn,HTTP/1.1,contacts,,200,,,http://20.210.36.32:8080/prediction/knn,,
http_req_waiting,1678217714,873.138924,,,,true,,POST,http://20.210.36.32:8080/prediction/knn,HTTP/1.1,contacts,,200,,,http://20.210.36.32:8080/prediction/knn,,
http_req_receiving,1678217714,9.755446,,,,true,,POST,http://20.210.36.32:8080/prediction/knn,HTTP/1.1,contacts,,200,,,http://20.210.36.32:8080/prediction/knn,,
http_req_failed,1678217714,0.000000,,,,true,,POST,http://20.210.36.32:8080/prediction/knn,HTTP/1.1,contacts,,200,,,http://20.210.36.32:8080/prediction/knn,,
responseTime,1678217714,882.954370,,,,,,,,,contacts,,,,,,,
data_sent,1678217714,2088.000000,,,,,,,,,contacts,,,,,,,
data_received,1678217714,199.000000,,,,,,,,,contacts,,,,,,,
iteration_duration,1678217714,885.677082,,,,,,,,,contacts,,,,,,,
iterations,1678217714,1.000000,,,,,,,,,contacts,,,,,,,
http_reqs,1678217714,1.000000,,,,true,,POST,http://20.210.36.32:8080/prediction/knn,HTTP/1.1,contacts,,200,,,http://20.210.36.32:8080/prediction/knn,,
http_req_duration,1678217714,909.908096,,,,true,,POST,http://20.210.36.32:8080/prediction/knn,HTTP/1.1,contacts,,200,,,http://20.210.36.32:8080/prediction/knn,,
http_req_blocked,1678217714,2.391512,,,,true,,POST,http://20.210.36.32:8080/prediction/knn,HTTP/1.1,contacts,,200,,,http://20.210.36.32:8080/prediction/knn,,
http_req_connecting,1678217714,2.295911,,,,true,,POST,http://20.210.36.32:8080/prediction/knn,HTTP/1.1,contacts,,200,,,http://20.210.36.32:8080/prediction/knn,,
http_req_tls_handshaking,1678217714,0.000000,,,,true,,POST,http://20.210.36.32:8080/prediction/knn,HTTP/1.1,contacts,,200,,,http://20.210.36.32:8080/prediction/knn,,
http_req_sending,1678217714,0.082100,,,,true,,POST,http://20.210.36.32:8080/prediction/knn,HTTP/1.1,contacts,,200,,,http://20.210.36.32:8080/prediction/knn,,
http_req_waiting,1678217714,909.682096,,,,true,,POST,http://20.210.36.32:8080/prediction/knn,HTTP/1.1,contacts,,200,,,http://20.210.36.32:8080/prediction/knn,,
http_req_receiving,1678217714,0.143900,,,,true,,POST,http://20.210.36.32:8080/prediction/knn,HTTP/1.1,contacts,,200,,,http://20.210.36.32:8080/prediction/knn,,
http_req_failed,1678217714,0.000000,,,,true,,POST,http://20.210.36.32:8080/prediction/knn,HTTP/1.1,contacts,,200,,,http://20.210.36.32:8080/prediction/knn,,
responseTime,1678217714,909.908096,,,,,,,,,contacts,,,,,,,
data_sent,1678217714,2088.000000,,,,,,,,,contacts,,,,,,,
data_received,1678217714,199.000000,,,,,,,,,contacts,,,,,,,
iteration_duration,1678217714,912.794610,,,,,,,,,contacts,,,,,,,
iterations,1678217714,1.000000,,,,,,,,,contacts,,,,,,,
http_reqs,1678217714,1.000000,,,,true,,POST,http://20.210.36.32:8080/prediction/knn,HTTP/1.1,contacts,,200,,,http://20.210.36.32:8080/prediction/knn,,
http_req_duration,1678217714,833.394535,,,,true,,POST,http://20.210.36.32:8080/prediction/knn,HTTP/1.1,contacts,,200,,,http://20.210.36.32:8080/prediction/knn,,
http_req_blocked,1678217714,2.253010,,,,true,,POST,http://20.210.36.32:8080/prediction/knn,HTTP/1.1,contacts,,200,,,http://20.210.36.32:8080/prediction/knn,,
http_req_connecting,1678217714,2.054410,,,,true,,POST,http://20.210.36.32:8080/prediction/knn,HTTP/1.1,contacts,,200,,,http://20.210.36.32:8080/prediction/knn,,
http_req_tls_handshaking,1678217714,0.000000,,,,true,,POST,http://20.210.36.32:8080/prediction/knn,HTTP/1.1,contacts,,200,,,http://20.210.36.32:8080/prediction/knn,,
http_req_sending,1678217714,0.164500,,,,true,,POST,http://20.210.36.32:8080/prediction/knn,HTTP/1.1,contacts,,200,,,http://20.210.36.32:8080/prediction/knn,,
http_req_waiting,1678217714,828.673114,,,,true,,POST,http://20.210.36.32:8080/prediction/knn,HTTP/1.1,contacts,,200,,,http://20.210.36.32:8080/prediction/knn,,
http_req_receiving,1678217714,4.556921,,,,true,,POST,http://20.210.36.32:8080/prediction/knn,HTTP/1.1,contacts,,200,,,http://20.210.36.32:8080/prediction/knn,,
http_req_failed,1678217714,0.000000,,,,true,,POST,http://20.210.36.32:8080/prediction/knn,HTTP/1.1,contacts,,200,,,http://20.210.36.32:8080/prediction/knn,,
responseTime,1678217714,833.394535,,,,,,,,,contacts,,,,,,,
data_sent,1678217714,2088.000000,,,,,,,,,contacts,,,,,,,
data_received,1678217714,199.000000,,,,,,,,,contacts,,,,,,,
iteration_duration,1678217714,836.049048,,,,,,,,,contacts,,,,,,,
iterations,1678217714,1.000000,,,,,,,,,contacts,,,,,,,
http_reqs,1678217714,1.000000,,,,true,,POST,http://20.210.36.32:8080/prediction/knn,HTTP/1.1,contacts,,200,,,http://20.210.36.32:8080/prediction/knn,,
http_req_duration,1678217714,938.959934,,,,true,,POST,http://20.210.36.32:8080/prediction/knn,HTTP/1.1,contacts,,200,,,http://20.210.36.32:8080/prediction/knn,,
http_req_blocked,1678217714,2.157610,,,,true,,POST,http://20.210.36.32:8080/prediction/knn,HTTP/1.1,contacts,,200,,,http://20.210.36.32:8080/prediction/knn,,
http_req_connecting,1678217714,2.030210,,,,true,,POST,http://20.210.36.32:8080/prediction/knn,HTTP/1.1,contacts,,200,,,http://20.210.36.32:8080/prediction/knn,,
http_req_tls_handshaking,1678217714,0.000000,,,,true,,POST,http://20.210.36.32:8080/prediction/knn,HTTP/1.1,contacts,,200,,,http://20.210.36.32:8080/prediction/knn,,
http_req_sending,1678217714,0.110200,,,,true,,POST,http://20.210.36.32:8080/prediction/knn,HTTP/1.1,contacts,,200,,,http://20.210.36.32:8080/prediction/knn,,
http_req_waiting,1678217714,938.709833,,,,true,,POST,http://20.210.36.32:8080/prediction/knn,HTTP/1.1,contacts,,200,,,http://20.210.36.32:8080/prediction/knn,,
http_req_receiving,1678217714,0.139901,,,,true,,POST,http://20.210.36.32:8080/prediction/knn,HTTP/1.1,contacts,,200,,,http://20.210.36.32:8080/prediction/knn,,
http_req_failed,1678217714,0.000000,,,,true,,POST,http://20.210.36.32:8080/prediction/knn,HTTP/1.1,contacts,,200,,,http://20.210.36.32:8080/prediction/knn,,
responseTime,1678217714,938.959934,,,,,,,,,contacts,,,,,,,
data_sent,1678217714,2088.000000,,,,,,,,,contacts,,,,,,,
data_received,1678217714,199.000000,,,,,,,,,contacts,,,,,,,
iteration_duration,1678217714,941.608447,,,,,,,,,contacts,,,,,,,
iterations,1678217714,1.000000,,,,,,,,,contacts,,,,,,,
http_reqs,1678217714,1.000000,,,,true,,POST,http://20.210.36.32:8080/prediction/knn,HTTP/1.1,contacts,,200,,,http://20.210.36.32:8080/prediction/knn,,
http_req_duration,1678217714,922.466556,,,,true,,POST,http://20.210.36.32:8080/prediction/knn,HTTP/1.1,contacts,,200,,,http://20.210.36.32:8080/prediction/knn,,
http_req_blocked,1678217714,2.767513,,,,true,,POST,http://20.210.36.32:8080/prediction/knn,HTTP/1.1,contacts,,200,,,http://20.210.36.32:8080/prediction/knn,,
http_req_connecting,1678217714,2.683912,,,,true,,POST,http://20.210.36.32:8080/prediction/knn,HTTP/1.1,contacts,,200,,,http://20.210.36.32:8080/prediction/knn,,
http_req_tls_handshaking,1678217714,0.000000,,,,true,,POST,http://20.210.36.32:8080/prediction/knn,HTTP/1.1,contacts,,200,,,http://20.210.36.32:8080/prediction/knn,,
http_req_sending,1678217714,0.071801,,,,true,,POST,http://20.210.36.32:8080/prediction/knn,HTTP/1.1,contacts,,200,,,http://20.210.36.32:8080/prediction/knn,,
http_req_waiting,1678217714,922.239855,,,,true,,POST,http://20.210.36.32:8080/prediction/knn,HTTP/1.1,contacts,,200,,,http://20.210.36.32:8080/prediction/knn,,
http_req_receiving,1678217714,0.154900,,,,true,,POST,http://20.210.36.32:8080/prediction/knn,HTTP/1.1,contacts,,200,,,http://20.210.36.32:8080/prediction/knn,,
http_req_failed,1678217714,0.000000,,,,true,,POST,http://20.210.36.32:8080/prediction/knn,HTTP/1.1,contacts,,200,,,http://20.210.36.32:8080/prediction/knn,,
responseTime,1678217714,922.466556,,,,,,,,,contacts,,,,,,,
data_sent,1678217714,2088.000000,,,,,,,,,contacts,,,,,,,
data_received,1678217714,199.000000,,,,,,,,,contacts,,,,,,,
iteration_duration,1678217714,925.574671,,,,,,,,,contacts,,,,,,,
iterations,1678217714,1.000000,,,,,,,,,contacts,,,,,,,
http_reqs,1678217714,1.000000,,,,true,,POST,http://20.210.36.32:8080/prediction/knn,HTTP/1.1,contacts,,200,,,http://20.210.36.32:8080/prediction/knn,,
http_req_duration,1678217714,881.448462,,,,true,,POST,http://20.210.36.32:8080/prediction/knn,HTTP/1.1,contacts,,200,,,http://20.210.36.32:8080/prediction/knn,,
http_req_blocked,1678217714,2.399511,,,,true,,POST,http://20.210.36.32:8080/prediction/knn,HTTP/1.1,contacts,,200,,,http://20.210.36.32:8080/prediction/knn,,
http_req_connecting,1678217714,2.309411,,,,true,,POST,http://20.210.36.32:8080/prediction/knn,HTTP/1.1,contacts,,200,,,http://20.210.36.32:8080/prediction/knn,,
http_req_tls_handshaking,1678217714,0.000000,,,,true,,POST,http://20.210.36.32:8080/prediction/knn,HTTP/1.1,contacts,,200,,,http://20.210.36.32:8080/prediction/knn,,
http_req_sending,1678217714,0.068400,,,,true,,POST,http://20.210.36.32:8080/prediction/knn,HTTP/1.1,contacts,,200,,,http://20.210.36.32:8080/prediction/knn,,
http_req_waiting,1678217714,881.297262,,,,true,,POST,http://20.210.36.32:8080/prediction/knn,HTTP/1.1,contacts,,200,,,http://20.210.36.32:8080/prediction/knn,,
http_req_receiving,1678217714,0.082800,,,,true,,POST,http://20.210.36.32:8080/prediction/knn,HTTP/1.1,contacts,,200,,,http://20.210.36.32:8080/prediction/knn,,
http_req_failed,1678217714,0.000000,,,,true,,POST,http://20.210.36.32:8080/prediction/knn,HTTP/1.1,contacts,,200,,,http://20.210.36.32:8080/prediction/knn,,
responseTime,1678217714,881.448462,,,,,,,,,contacts,,,,,,,
data_sent,1678217714,2088.000000,,,,,,,,,contacts,,,,,,,
data_received,1678217714,199.000000,,,,,,,,,contacts,,,,,,,
iteration_duration,1678217714,884.361276,,,,,,,,,contacts,,,,,,,
iterations,1678217714,1.000000,,,,,,,,,contacts,,,,,,,
http_reqs,1678217714,1.000000,,,,true,,POST,http://20.210.36.32:8080/prediction/knn,HTTP/1.1,contacts,,200,,,http://20.210.36.32:8080/prediction/knn,,
http_req_duration,1678217714,881.631763,,,,true,,POST,http://20.210.36.32:8080/prediction/knn,HTTP/1.1,contacts,,200,,,http://20.210.36.32:8080/prediction/knn,,
http_req_blocked,1678217714,2.096010,,,,true,,POST,http://20.210.36.32:8080/prediction/knn,HTTP/1.1,contacts,,200,,,http://20.210.36.32:8080/prediction/knn,,
http_req_connecting,1678217714,2.034610,,,,true,,POST,http://20.210.36.32:8080/prediction/knn,HTTP/1.1,contacts,,200,,,http://20.210.36.32:8080/prediction/knn,,
http_req_tls_handshaking,1678217714,0.000000,,,,true,,POST,http://20.210.36.32:8080/prediction/knn,HTTP/1.1,contacts,,200,,,http://20.210.36.32:8080/prediction/knn,,
http_req_sending,1678217714,0.073700,,,,true,,POST,http://20.210.36.32:8080/prediction/knn,HTTP/1.1,contacts,,200,,,http://20.210.36.32:8080/prediction/knn,,
http_req_waiting,1678217714,881.489063,,,,true,,POST,http://20.210.36.32:8080/prediction/knn,HTTP/1.1,contacts,,200,,,http://20.210.36.32:8080/prediction/knn,,
http_req_receiving,1678217714,0.069000,,,,true,,POST,http://20.210.36.32:8080/prediction/knn,HTTP/1.1,contacts,,200,,,http://20.210.36.32:8080/prediction/knn,,
http_req_failed,1678217714,0.000000,,,,true,,POST,http://20.210.36.32:8080/prediction/knn,HTTP/1.1,contacts,,200,,,http://20.210.36.32:8080/prediction/knn,,
http_reqs,1678217714,1.000000,,,,true,,POST,http://20.210.36.32:8080/prediction/knn,HTTP/1.1,contacts,,200,,,http://20.210.36.32:8080/prediction/knn,,
http_req_duration,1678217714,921.315750,,,,true,,POST,http://20.210.36.32:8080/prediction/knn,HTTP/1.1,contacts,,200,,,http://20.210.36.32:8080/prediction/knn,,
http_req_blocked,1678217714,2.166011,,,,true,,POST,http://20.210.36.32:8080/prediction/knn,HTTP/1.1,contacts,,200,,,http://20.210.36.32:8080/prediction/knn,,
http_req_connecting,1678217714,2.081910,,,,true,,POST,http://20.210.36.32:8080/prediction/knn,HTTP/1.1,contacts,,200,,,http://20.210.36.32:8080/prediction/knn,,
http_req_tls_handshaking,1678217714,0.000000,,,,true,,POST,http://20.210.36.32:8080/prediction/knn,HTTP/1.1,contacts,,200,,,http://20.210.36.32:8080/prediction/knn,,
http_req_sending,1678217714,0.055800,,,,true,,POST,http://20.210.36.32:8080/prediction/knn,HTTP/1.1,contacts,,200,,,http://20.210.36.32:8080/prediction/knn,,
http_req_waiting,1678217714,921.172750,,,,true,,POST,http://20.210.36.32:8080/prediction/knn,HTTP/1.1,contacts,,200,,,http://20.210.36.32:8080/prediction/knn,,
http_req_receiving,1678217714,0.087200,,,,true,,POST,http://20.210.36.32:8080/prediction/knn,HTTP/1.1,contacts,,200,,,http://20.210.36.32:8080/prediction/knn,,
http_req_failed,1678217714,0.000000,,,,true,,POST,http://20.210.36.32:8080/prediction/knn,HTTP/1.1,contacts,,200,,,http://20.210.36.32:8080/prediction/knn,,
responseTime,1678217714,881.631763,,,,,,,,,contacts,,,,,,,
data_sent,1678217714,2088.000000,,,,,,,,,contacts,,,,,,,
data_received,1678217714,199.000000,,,,,,,,,contacts,,,,,,,
iteration_duration,1678217714,884.081075,,,,,,,,,contacts,,,,,,,
iterations,1678217714,1.000000,,,,,,,,,contacts,,,,,,,
responseTime,1678217714,921.315750,,,,,,,,,contacts,,,,,,,
data_sent,1678217714,2088.000000,,,,,,,,,contacts,,,,,,,
data_received,1678217714,199.000000,,,,,,,,,contacts,,,,,,,
iteration_duration,1678217714,924.332264,,,,,,,,,contacts,,,,,,,
iterations,1678217714,1.000000,,,,,,,,,contacts,,,,,,,
http_reqs,1678217714,1.000000,,,,true,,POST,http://20.210.36.32:8080/prediction/knn,HTTP/1.1,contacts,,200,,,http://20.210.36.32:8080/prediction/knn,,
http_req_duration,1678217714,857.077847,,,,true,,POST,http://20.210.36.32:8080/prediction/knn,HTTP/1.1,contacts,,200,,,http://20.210.36.32:8080/prediction/knn,,
http_req_blocked,1678217714,2.512512,,,,true,,POST,http://20.210.36.32:8080/prediction/knn,HTTP/1.1,contacts,,200,,,http://20.210.36.32:8080/prediction/knn,,
http_req_connecting,1678217714,2.436911,,,,true,,POST,http://20.210.36.32:8080/prediction/knn,HTTP/1.1,contacts,,200,,,http://20.210.36.32:8080/prediction/knn,,
http_req_tls_handshaking,1678217714,0.000000,,,,true,,POST,http://20.210.36.32:8080/prediction/knn,HTTP/1.1,contacts,,200,,,http://20.210.36.32:8080/prediction/knn,,
http_req_sending,1678217714,0.087601,,,,true,,POST,http://20.210.36.32:8080/prediction/knn,HTTP/1.1,contacts,,200,,,http://20.210.36.32:8080/prediction/knn,,
http_req_waiting,1678217714,854.505435,,,,true,,POST,http://20.210.36.32:8080/prediction/knn,HTTP/1.1,contacts,,200,,,http://20.210.36.32:8080/prediction/knn,,
http_req_receiving,1678217714,2.484811,,,,true,,POST,http://20.210.36.32:8080/prediction/knn,HTTP/1.1,contacts,,200,,,http://20.210.36.32:8080/prediction/knn,,
http_req_failed,1678217714,0.000000,,,,true,,POST,http://20.210.36.32:8080/prediction/knn,HTTP/1.1,contacts,,200,,,http://20.210.36.32:8080/prediction/knn,,
responseTime,1678217714,857.077847,,,,,,,,,contacts,,,,,,,
data_sent,1678217714,2088.000000,,,,,,,,,contacts,,,,,,,
data_received,1678217714,199.000000,,,,,,,,,contacts,,,,,,,
iteration_duration,1678217714,860.062462,,,,,,,,,contacts,,,,,,,
iterations,1678217714,1.000000,,,,,,,,,contacts,,,,,,,
http_reqs,1678217714,1.000000,,,,true,,POST,http://20.210.36.32:8080/prediction/knn,HTTP/1.1,contacts,,200,,,http://20.210.36.32:8080/prediction/knn,,
http_req_duration,1678217714,908.387589,,,,true,,POST,http://20.210.36.32:8080/prediction/knn,HTTP/1.1,contacts,,200,,,http://20.210.36.32:8080/prediction/knn,,
http_req_blocked,1678217714,3.754418,,,,true,,POST,http://20.210.36.32:8080/prediction/knn,HTTP/1.1,contacts,,200,,,http://20.210.36.32:8080/prediction/knn,,
http_req_connecting,1678217714,3.667618,,,,true,,POST,http://20.210.36.32:8080/prediction/knn,HTTP/1.1,contacts,,200,,,http://20.210.36.32:8080/prediction/knn,,
http_req_tls_handshaking,1678217714,0.000000,,,,true,,POST,http://20.210.36.32:8080/prediction/knn,HTTP/1.1,contacts,,200,,,http://20.210.36.32:8080/prediction/knn,,
http_req_sending,1678217714,0.068100,,,,true,,POST,http://20.210.36.32:8080/prediction/knn,HTTP/1.1,contacts,,200,,,http://20.210.36.32:8080/prediction/knn,,
http_req_waiting,1678217714,908.207589,,,,true,,POST,http://20.210.36.32:8080/prediction/knn,HTTP/1.1,contacts,,200,,,http://20.210.36.32:8080/prediction/knn,,
http_req_receiving,1678217714,0.111900,,,,true,,POST,http://20.210.36.32:8080/prediction/knn,HTTP/1.1,contacts,,200,,,http://20.210.36.32:8080/prediction/knn,,
http_req_failed,1678217714,0.000000,,,,true,,POST,http://20.210.36.32:8080/prediction/knn,HTTP/1.1,contacts,,200,,,http://20.210.36.32:8080/prediction/knn,,
responseTime,1678217714,908.387589,,,,,,,,,contacts,,,,,,,
data_sent,1678217714,2088.000000,,,,,,,,,contacts,,,,,,,
data_received,1678217714,199.000000,,,,,,,,,contacts,,,,,,,
iteration_duration,1678217714,912.575209,,,,,,,,,contacts,,,,,,,
iterations,1678217714,1.000000,,,,,,,,,contacts,,,,,,,
http_reqs,1678217714,1.000000,,,,true,,POST,http://20.210.36.32:8080/prediction/knn,HTTP/1.1,contacts,,200,,,http://20.210.36.32:8080/prediction/knn,,
http_req_duration,1678217714,865.084385,,,,true,,POST,http://20.210.36.32:8080/prediction/knn,HTTP/1.1,contacts,,200,,,http://20.210.36.32:8080/prediction/knn,,
http_req_blocked,1678217714,2.500112,,,,true,,POST,http://20.210.36.32:8080/prediction/knn,HTTP/1.1,contacts,,200,,,http://20.210.36.32:8080/prediction/knn,,
http_req_connecting,1678217714,2.435511,,,,true,,POST,http://20.210.36.32:8080/prediction/knn,HTTP/1.1,contacts,,200,,,http://20.210.36.32:8080/prediction/knn,,
http_req_tls_handshaking,1678217714,0.000000,,,,true,,POST,http://20.210.36.32:8080/prediction/knn,HTTP/1.1,contacts,,200,,,http://20.210.36.32:8080/prediction/knn,,
http_req_sending,1678217714,0.052301,,,,true,,POST,http://20.210.36.32:8080/prediction/knn,HTTP/1.1,contacts,,200,,,http://20.210.36.32:8080/prediction/knn,,
http_req_waiting,1678217714,863.185376,,,,true,,POST,http://20.210.36.32:8080/prediction/knn,HTTP/1.1,contacts,,200,,,http://20.210.36.32:8080/prediction/knn,,
http_req_receiving,1678217714,1.846708,,,,true,,POST,http://20.210.36.32:8080/prediction/knn,HTTP/1.1,contacts,,200,,,http://20.210.36.32:8080/prediction/knn,,
http_req_failed,1678217714,0.000000,,,,true,,POST,http://20.210.36.32:8080/prediction/knn,HTTP/1.1,contacts,,200,,,http://20.210.36.32:8080/prediction/knn,,
responseTime,1678217714,865.084385,,,,,,,,,contacts,,,,,,,
data_sent,1678217714,2088.000000,,,,,,,,,contacts,,,,,,,
data_received,1678217714,199.000000,,,,,,,,,contacts,,,,,,,
iteration_duration,1678217714,868.258900,,,,,,,,,contacts,,,,,,,
iterations,1678217714,1.000000,,,,,,,,,contacts,,,,,,,
http_reqs,1678217714,1.000000,,,,true,,POST,http://20.210.36.32:8080/prediction/knn,HTTP/1.1,contacts,,200,,,http://20.210.36.32:8080/prediction/knn,,
http_req_duration,1678217714,791.925040,,,,true,,POST,http://20.210.36.32:8080/prediction/knn,HTTP/1.1,contacts,,200,,,http://20.210.36.32:8080/prediction/knn,,
http_req_blocked,1678217714,2.558612,,,,true,,POST,http://20.210.36.32:8080/prediction/knn,HTTP/1.1,contacts,,200,,,http://20.210.36.32:8080/prediction/knn,,
http_req_connecting,1678217714,2.482312,,,,true,,POST,http://20.210.36.32:8080/prediction/knn,HTTP/1.1,contacts,,200,,,http://20.210.36.32:8080/prediction/knn,,
http_req_tls_handshaking,1678217714,0.000000,,,,true,,POST,http://20.210.36.32:8080/prediction/knn,HTTP/1.1,contacts,,200,,,http://20.210.36.32:8080/prediction/knn,,
http_req_sending,1678217714,0.082700,,,,true,,POST,http://20.210.36.32:8080/prediction/knn,HTTP/1.1,contacts,,200,,,http://20.210.36.32:8080/prediction/knn,,
http_req_waiting,1678217714,791.414938,,,,true,,POST,http://20.210.36.32:8080/prediction/knn,HTTP/1.1,contacts,,200,,,http://20.210.36.32:8080/prediction/knn,,
http_req_receiving,1678217714,0.427402,,,,true,,POST,http://20.210.36.32:8080/prediction/knn,HTTP/1.1,contacts,,200,,,http://20.210.36.32:8080/prediction/knn,,
http_req_failed,1678217714,0.000000,,,,true,,POST,http://20.210.36.32:8080/prediction/knn,HTTP/1.1,contacts,,200,,,http://20.210.36.32:8080/prediction/knn,,
responseTime,1678217714,791.925040,,,,,,,,,contacts,,,,,,,
data_sent,1678217714,2088.000000,,,,,,,,,contacts,,,,,,,
data_received,1678217714,199.000000,,,,,,,,,contacts,,,,,,,
iteration_duration,1678217714,795.019455,,,,,,,,,contacts,,,,,,,
iterations,1678217714,1.000000,,,,,,,,,contacts,,,,,,,
http_reqs,1678217714,1.000000,,,,true,,POST,http://20.210.36.32:8080/prediction/knn,HTTP/1.1,contacts,,200,,,http://20.210.36.32:8080/prediction/knn,,
http_req_duration,1678217714,841.830175,,,,true,,POST,http://20.210.36.32:8080/prediction/knn,HTTP/1.1,contacts,,200,,,http://20.210.36.32:8080/prediction/knn,,
http_req_blocked,1678217714,1.981309,,,,true,,POST,http://20.210.36.32:8080/prediction/knn,HTTP/1.1,contacts,,200,,,http://20.210.36.32:8080/prediction/knn,,
http_req_connecting,1678217714,1.893309,,,,true,,POST,http://20.210.36.32:8080/prediction/knn,HTTP/1.1,contacts,,200,,,http://20.210.36.32:8080/prediction/knn,,
http_req_tls_handshaking,1678217714,0.000000,,,,true,,POST,http://20.210.36.32:8080/prediction/knn,HTTP/1.1,contacts,,200,,,http://20.210.36.32:8080/prediction/knn,,
http_req_sending,1678217714,0.072401,,,,true,,POST,http://20.210.36.32:8080/prediction/knn,HTTP/1.1,contacts,,200,,,http://20.210.36.32:8080/prediction/knn,,
http_req_waiting,1678217714,837.279253,,,,true,,POST,http://20.210.36.32:8080/prediction/knn,HTTP/1.1,contacts,,200,,,http://20.210.36.32:8080/prediction/knn,,
http_req_receiving,1678217714,4.478521,,,,true,,POST,http://20.210.36.32:8080/prediction/knn,HTTP/1.1,contacts,,200,,,http://20.210.36.32:8080/prediction/knn,,
http_req_failed,1678217714,0.000000,,,,true,,POST,http://20.210.36.32:8080/prediction/knn,HTTP/1.1,contacts,,200,,,http://20.210.36.32:8080/prediction/knn,,
responseTime,1678217714,841.830175,,,,,,,,,contacts,,,,,,,
data_sent,1678217714,2088.000000,,,,,,,,,contacts,,,,,,,
data_received,1678217714,199.000000,,,,,,,,,contacts,,,,,,,
iteration_duration,1678217714,844.181287,,,,,,,,,contacts,,,,,,,
iterations,1678217714,1.000000,,,,,,,,,contacts,,,,,,,
http_reqs,1678217714,1.000000,,,,true,,POST,http://20.210.36.32:8080/prediction/knn,HTTP/1.1,contacts,,200,,,http://20.210.36.32:8080/prediction/knn,,
http_req_duration,1678217714,927.157578,,,,true,,POST,http://20.210.36.32:8080/prediction/knn,HTTP/1.1,contacts,,200,,,http://20.210.36.32:8080/prediction/knn,,
http_req_blocked,1678217714,2.259510,,,,true,,POST,http://20.210.36.32:8080/prediction/knn,HTTP/1.1,contacts,,200,,,http://20.210.36.32:8080/prediction/knn,,
http_req_connecting,1678217714,2.185510,,,,true,,POST,http://20.210.36.32:8080/prediction/knn,HTTP/1.1,contacts,,200,,,http://20.210.36.32:8080/prediction/knn,,
http_req_tls_handshaking,1678217714,0.000000,,,,true,,POST,http://20.210.36.32:8080/prediction/knn,HTTP/1.1,contacts,,200,,,http://20.210.36.32:8080/prediction/knn,,
http_req_sending,1678217714,0.073301,,,,true,,POST,http://20.210.36.32:8080/prediction/knn,HTTP/1.1,contacts,,200,,,http://20.210.36.32:8080/prediction/knn,,
http_req_waiting,1678217714,926.725376,,,,true,,POST,http://20.210.36.32:8080/prediction/knn,HTTP/1.1,contacts,,200,,,http://20.210.36.32:8080/prediction/knn,,
http_req_receiving,1678217714,0.358901,,,,true,,POST,http://20.210.36.32:8080/prediction/knn,HTTP/1.1,contacts,,200,,,http://20.210.36.32:8080/prediction/knn,,
http_req_failed,1678217714,0.000000,,,,true,,POST,http://20.210.36.32:8080/prediction/knn,HTTP/1.1,contacts,,200,,,http://20.210.36.32:8080/prediction/knn,,
responseTime,1678217714,927.157578,,,,,,,,,contacts,,,,,,,
data_sent,1678217714,2088.000000,,,,,,,,,contacts,,,,,,,
data_received,1678217714,199.000000,,,,,,,,,contacts,,,,,,,
iteration_duration,1678217714,929.816891,,,,,,,,,contacts,,,,,,,
iterations,1678217714,1.000000,,,,,,,,,contacts,,,,,,,
http_reqs,1678217714,1.000000,,,,true,,POST,http://20.210.36.32:8080/prediction/knn,HTTP/1.1,contacts,,200,,,http://20.210.36.32:8080/prediction/knn,,
http_req_duration,1678217714,838.803661,,,,true,,POST,http://20.210.36.32:8080/prediction/knn,HTTP/1.1,contacts,,200,,,http://20.210.36.32:8080/prediction/knn,,
http_req_blocked,1678217714,2.247611,,,,true,,POST,http://20.210.36.32:8080/prediction/knn,HTTP/1.1,contacts,,200,,,http://20.210.36.32:8080/prediction/knn,,
http_req_connecting,1678217714,2.126510,,,,true,,POST,http://20.210.36.32:8080/prediction/knn,HTTP/1.1,contacts,,200,,,http://20.210.36.32:8080/prediction/knn,,
http_req_tls_handshaking,1678217714,0.000000,,,,true,,POST,http://20.210.36.32:8080/prediction/knn,HTTP/1.1,contacts,,200,,,http://20.210.36.32:8080/prediction/knn,,
http_req_sending,1678217714,0.096200,,,,true,,POST,http://20.210.36.32:8080/prediction/knn,HTTP/1.1,contacts,,200,,,http://20.210.36.32:8080/prediction/knn,,
http_req_waiting,1678217714,828.296812,,,,true,,POST,http://20.210.36.32:8080/prediction/knn,HTTP/1.1,contacts,,200,,,http://20.210.36.32:8080/prediction/knn,,
http_req_receiving,1678217714,10.410649,,,,true,,POST,http://20.210.36.32:8080/prediction/knn,HTTP/1.1,contacts,,200,,,http://20.210.36.32:8080/prediction/knn,,
http_req_failed,1678217714,0.000000,,,,true,,POST,http://20.210.36.32:8080/prediction/knn,HTTP/1.1,contacts,,200,,,http://20.210.36.32:8080/prediction/knn,,
http_reqs,1678217714,1.000000,,,,true,,POST,http://20.210.36.32:8080/prediction/knn,HTTP/1.1,contacts,,200,,,http://20.210.36.32:8080/prediction/knn,,
http_req_duration,1678217714,887.425590,,,,true,,POST,http://20.210.36.32:8080/prediction/knn,HTTP/1.1,contacts,,200,,,http://20.210.36.32:8080/prediction/knn,,
http_req_blocked,1678217714,2.325211,,,,true,,POST,http://20.210.36.32:8080/prediction/knn,HTTP/1.1,contacts,,200,,,http://20.210.36.32:8080/prediction/knn,,
http_req_connecting,1678217714,2.256311,,,,true,,POST,http://20.210.36.32:8080/prediction/knn,HTTP/1.1,contacts,,200,,,http://20.210.36.32:8080/prediction/knn,,
http_req_tls_handshaking,1678217714,0.000000,,,,true,,POST,http://20.210.36.32:8080/prediction/knn,HTTP/1.1,contacts,,200,,,http://20.210.36.32:8080/prediction/knn,,
http_req_sending,1678217714,0.106600,,,,true,,POST,http://20.210.36.32:8080/prediction/knn,HTTP/1.1,contacts,,200,,,http://20.210.36.32:8080/prediction/knn,,
http_req_waiting,1678217714,887.125589,,,,true,,POST,http://20.210.36.32:8080/prediction/knn,HTTP/1.1,contacts,,200,,,http://20.210.36.32:8080/prediction/knn,,
http_req_receiving,1678217714,0.193401,,,,true,,POST,http://20.210.36.32:8080/prediction/knn,HTTP/1.1,contacts,,200,,,http://20.210.36.32:8080/prediction/knn,,
http_req_failed,1678217714,0.000000,,,,true,,POST,http://20.210.36.32:8080/prediction/knn,HTTP/1.1,contacts,,200,,,http://20.210.36.32:8080/prediction/knn,,
responseTime,1678217714,838.803661,,,,,,,,,contacts,,,,,,,
data_sent,1678217714,2088.000000,,,,,,,,,contacts,,,,,,,
data_received,1678217714,199.000000,,,,,,,,,contacts,,,,,,,
iteration_duration,1678217714,841.848175,,,,,,,,,contacts,,,,,,,
iterations,1678217714,1.000000,,,,,,,,,contacts,,,,,,,
responseTime,1678217714,887.425590,,,,,,,,,contacts,,,,,,,
data_sent,1678217714,2088.000000,,,,,,,,,contacts,,,,,,,
data_received,1678217714,199.000000,,,,,,,,,contacts,,,,,,,
iteration_duration,1678217714,890.183303,,,,,,,,,contacts,,,,,,,
iterations,1678217714,1.000000,,,,,,,,,contacts,,,,,,,
http_reqs,1678217714,1.000000,,,,true,,POST,http://20.210.36.32:8080/prediction/knn,HTTP/1.1,contacts,,200,,,http://20.210.36.32:8080/prediction/knn,,
http_req_duration,1678217714,929.231288,,,,true,,POST,http://20.210.36.32:8080/prediction/knn,HTTP/1.1,contacts,,200,,,http://20.210.36.32:8080/prediction/knn,,
http_req_blocked,1678217714,2.026409,,,,true,,POST,http://20.210.36.32:8080/prediction/knn,HTTP/1.1,contacts,,200,,,http://20.210.36.32:8080/prediction/knn,,
http_req_connecting,1678217714,1.957309,,,,true,,POST,http://20.210.36.32:8080/prediction/knn,HTTP/1.1,contacts,,200,,,http://20.210.36.32:8080/prediction/knn,,
http_req_tls_handshaking,1678217714,0.000000,,,,true,,POST,http://20.210.36.32:8080/prediction/knn,HTTP/1.1,contacts,,200,,,http://20.210.36.32:8080/prediction/knn,,
http_req_sending,1678217714,0.053900,,,,true,,POST,http://20.210.36.32:8080/prediction/knn,HTTP/1.1,contacts,,200,,,http://20.210.36.32:8080/prediction/knn,,
http_req_waiting,1678217714,929.094588,,,,true,,POST,http://20.210.36.32:8080/prediction/knn,HTTP/1.1,contacts,,200,,,http://20.210.36.32:8080/prediction/knn,,
http_req_receiving,1678217714,0.082800,,,,true,,POST,http://20.210.36.32:8080/prediction/knn,HTTP/1.1,contacts,,200,,,http://20.210.36.32:8080/prediction/knn,,
http_req_failed,1678217714,0.000000,,,,true,,POST,http://20.210.36.32:8080/prediction/knn,HTTP/1.1,contacts,,200,,,http://20.210.36.32:8080/prediction/knn,,
responseTime,1678217714,929.231288,,,,,,,,,contacts,,,,,,,
data_sent,1678217714,2088.000000,,,,,,,,,contacts,,,,,,,
data_received,1678217714,199.000000,,,,,,,,,contacts,,,,,,,
iteration_duration,1678217714,931.747400,,,,,,,,,contacts,,,,,,,
iterations,1678217714,1.000000,,,,,,,,,contacts,,,,,,,
http_reqs,1678217714,1.000000,,,,true,,POST,http://20.210.36.32:8080/prediction/knn,HTTP/1.1,contacts,,200,,,http://20.210.36.32:8080/prediction/knn,,
http_req_duration,1678217714,898.631044,,,,true,,POST,http://20.210.36.32:8080/prediction/knn,HTTP/1.1,contacts,,200,,,http://20.210.36.32:8080/prediction/knn,,
http_req_blocked,1678217714,2.241510,,,,true,,POST,http://20.210.36.32:8080/prediction/knn,HTTP/1.1,contacts,,200,,,http://20.210.36.32:8080/prediction/knn,,
http_req_connecting,1678217714,2.179010,,,,true,,POST,http://20.210.36.32:8080/prediction/knn,HTTP/1.1,contacts,,200,,,http://20.210.36.32:8080/prediction/knn,,
http_req_tls_handshaking,1678217714,0.000000,,,,true,,POST,http://20.210.36.32:8080/prediction/knn,HTTP/1.1,contacts,,200,,,http://20.210.36.32:8080/prediction/knn,,
http_req_sending,1678217714,0.052901,,,,true,,POST,http://20.210.36.32:8080/prediction/knn,HTTP/1.1,contacts,,200,,,http://20.210.36.32:8080/prediction/knn,,
http_req_waiting,1678217714,898.440242,,,,true,,POST,http://20.210.36.32:8080/prediction/knn,HTTP/1.1,contacts,,200,,,http://20.210.36.32:8080/prediction/knn,,
http_req_receiving,1678217714,0.137901,,,,true,,POST,http://20.210.36.32:8080/prediction/knn,HTTP/1.1,contacts,,200,,,http://20.210.36.32:8080/prediction/knn,,
http_req_failed,1678217714,0.000000,,,,true,,POST,http://20.210.36.32:8080/prediction/knn,HTTP/1.1,contacts,,200,,,http://20.210.36.32:8080/prediction/knn,,
responseTime,1678217714,898.631044,,,,,,,,,contacts,,,,,,,
data_sent,1678217714,2088.000000,,,,,,,,,contacts,,,,,,,
data_received,1678217714,199.000000,,,,,,,,,contacts,,,,,,,
iteration_duration,1678217714,901.534658,,,,,,,,,contacts,,,,,,,
iterations,1678217714,1.000000,,,,,,,,,contacts,,,,,,,
http_reqs,1678217714,1.000000,,,,true,,POST,http://20.210.36.32:8080/prediction/knn,HTTP/1.1,contacts,,200,,,http://20.210.36.32:8080/prediction/knn,,
http_req_duration,1678217714,900.443652,,,,true,,POST,http://20.210.36.32:8080/prediction/knn,HTTP/1.1,contacts,,200,,,http://20.210.36.32:8080/prediction/knn,,
http_req_blocked,1678217714,2.148310,,,,true,,POST,http://20.210.36.32:8080/prediction/knn,HTTP/1.1,contacts,,200,,,http://20.210.36.32:8080/prediction/knn,,
http_req_connecting,1678217714,2.046810,,,,true,,POST,http://20.210.36.32:8080/prediction/knn,HTTP/1.1,contacts,,200,,,http://20.210.36.32:8080/prediction/knn,,
http_req_tls_handshaking,1678217714,0.000000,,,,true,,POST,http://20.210.36.32:8080/prediction/knn,HTTP/1.1,contacts,,200,,,http://20.210.36.32:8080/prediction/knn,,
http_req_sending,1678217714,0.038200,,,,true,,POST,http://20.210.36.32:8080/prediction/knn,HTTP/1.1,contacts,,200,,,http://20.210.36.32:8080/prediction/knn,,
http_req_waiting,1678217714,900.252851,,,,true,,POST,http://20.210.36.32:8080/prediction/knn,HTTP/1.1,contacts,,200,,,http://20.210.36.32:8080/prediction/knn,,
http_req_receiving,1678217714,0.152601,,,,true,,POST,http://20.210.36.32:8080/prediction/knn,HTTP/1.1,contacts,,200,,,http://20.210.36.32:8080/prediction/knn,,
http_req_failed,1678217714,0.000000,,,,true,,POST,http://20.210.36.32:8080/prediction/knn,HTTP/1.1,contacts,,200,,,http://20.210.36.32:8080/prediction/knn,,
responseTime,1678217714,900.443652,,,,,,,,,contacts,,,,,,,
data_sent,1678217714,2088.000000,,,,,,,,,contacts,,,,,,,
data_received,1678217714,199.000000,,,,,,,,,contacts,,,,,,,
iteration_duration,1678217714,903.033165,,,,,,,,,contacts,,,,,,,
iterations,1678217714,1.000000,,,,,,,,,contacts,,,,,,,
http_reqs,1678217715,1.000000,,,,true,,POST,http://20.210.36.32:8080/prediction/knn,HTTP/1.1,contacts,,200,,,http://20.210.36.32:8080/prediction/knn,,
http_req_duration,1678217715,941.157944,,,,true,,POST,http://20.210.36.32:8080/prediction/knn,HTTP/1.1,contacts,,200,,,http://20.210.36.32:8080/prediction/knn,,
http_req_blocked,1678217715,2.915814,,,,true,,POST,http://20.210.36.32:8080/prediction/knn,HTTP/1.1,contacts,,200,,,http://20.210.36.32:8080/prediction/knn,,
http_req_connecting,1678217715,2.715113,,,,true,,POST,http://20.210.36.32:8080/prediction/knn,HTTP/1.1,contacts,,200,,,http://20.210.36.32:8080/prediction/knn,,
http_req_tls_handshaking,1678217715,0.000000,,,,true,,POST,http://20.210.36.32:8080/prediction/knn,HTTP/1.1,contacts,,200,,,http://20.210.36.32:8080/prediction/knn,,
http_req_sending,1678217715,1.259006,,,,true,,POST,http://20.210.36.32:8080/prediction/knn,HTTP/1.1,contacts,,200,,,http://20.210.36.32:8080/prediction/knn,,
http_req_waiting,1678217715,939.785638,,,,true,,POST,http://20.210.36.32:8080/prediction/knn,HTTP/1.1,contacts,,200,,,http://20.210.36.32:8080/prediction/knn,,
http_req_receiving,1678217715,0.113300,,,,true,,POST,http://20.210.36.32:8080/prediction/knn,HTTP/1.1,contacts,,200,,,http://20.210.36.32:8080/prediction/knn,,
http_req_failed,1678217715,0.000000,,,,true,,POST,http://20.210.36.32:8080/prediction/knn,HTTP/1.1,contacts,,200,,,http://20.210.36.32:8080/prediction/knn,,
responseTime,1678217715,941.157944,,,,,,,,,contacts,,,,,,,
data_sent,1678217715,2088.000000,,,,,,,,,contacts,,,,,,,
data_received,1678217715,199.000000,,,,,,,,,contacts,,,,,,,
iteration_duration,1678217715,944.411759,,,,,,,,,contacts,,,,,,,
iterations,1678217715,1.000000,,,,,,,,,contacts,,,,,,,
http_reqs,1678217715,1.000000,,,,true,,POST,http://20.210.36.32:8080/prediction/knn,HTTP/1.1,contacts,,200,,,http://20.210.36.32:8080/prediction/knn,,
http_req_duration,1678217715,943.057053,,,,true,,POST,http://20.210.36.32:8080/prediction/knn,HTTP/1.1,contacts,,200,,,http://20.210.36.32:8080/prediction/knn,,
http_req_blocked,1678217715,2.204410,,,,true,,POST,http://20.210.36.32:8080/prediction/knn,HTTP/1.1,contacts,,200,,,http://20.210.36.32:8080/prediction/knn,,
http_req_connecting,1678217715,2.157810,,,,true,,POST,http://20.210.36.32:8080/prediction/knn,HTTP/1.1,contacts,,200,,,http://20.210.36.32:8080/prediction/knn,,
http_req_tls_handshaking,1678217715,0.000000,,,,true,,POST,http://20.210.36.32:8080/prediction/knn,HTTP/1.1,contacts,,200,,,http://20.210.36.32:8080/prediction/knn,,
http_req_sending,1678217715,0.993505,,,,true,,POST,http://20.210.36.32:8080/prediction/knn,HTTP/1.1,contacts,,200,,,http://20.210.36.32:8080/prediction/knn,,
http_req_waiting,1678217715,941.964648,,,,true,,POST,http://20.210.36.32:8080/prediction/knn,HTTP/1.1,contacts,,200,,,http://20.210.36.32:8080/prediction/knn,,
http_req_receiving,1678217715,0.098900,,,,true,,POST,http://20.210.36.32:8080/prediction/knn,HTTP/1.1,contacts,,200,,,http://20.210.36.32:8080/prediction/knn,,
http_req_failed,1678217715,0.000000,,,,true,,POST,http://20.210.36.32:8080/prediction/knn,HTTP/1.1,contacts,,200,,,http://20.210.36.32:8080/prediction/knn,,
responseTime,1678217715,943.057053,,,,,,,,,contacts,,,,,,,
data_sent,1678217715,2088.000000,,,,,,,,,contacts,,,,,,,
data_received,1678217715,199.000000,,,,,,,,,contacts,,,,,,,
iteration_duration,1678217715,946.539270,,,,,,,,,contacts,,,,,,,
iterations,1678217715,1.000000,,,,,,,,,contacts,,,,,,,
http_reqs,1678217715,1.000000,,,,true,,POST,http://20.210.36.32:8080/prediction/knn,HTTP/1.1,contacts,,200,,,http://20.210.36.32:8080/prediction/knn,,
http_req_duration,1678217715,938.996734,,,,true,,POST,http://20.210.36.32:8080/prediction/knn,HTTP/1.1,contacts,,200,,,http://20.210.36.32:8080/prediction/knn,,
http_req_blocked,1678217715,3.302915,,,,true,,POST,http://20.210.36.32:8080/prediction/knn,HTTP/1.1,contacts,,200,,,http://20.210.36.32:8080/prediction/knn,,
http_req_connecting,1678217715,3.195915,,,,true,,POST,http://20.210.36.32:8080/prediction/knn,HTTP/1.1,contacts,,200,,,http://20.210.36.32:8080/prediction/knn,,
http_req_tls_handshaking,1678217715,0.000000,,,,true,,POST,http://20.210.36.32:8080/prediction/knn,HTTP/1.1,contacts,,200,,,http://20.210.36.32:8080/prediction/knn,,
http_req_sending,1678217715,0.096301,,,,true,,POST,http://20.210.36.32:8080/prediction/knn,HTTP/1.1,contacts,,200,,,http://20.210.36.32:8080/prediction/knn,,
http_req_waiting,1678217715,938.787733,,,,true,,POST,http://20.210.36.32:8080/prediction/knn,HTTP/1.1,contacts,,200,,,http://20.210.36.32:8080/prediction/knn,,
http_req_receiving,1678217715,0.112700,,,,true,,POST,http://20.210.36.32:8080/prediction/knn,HTTP/1.1,contacts,,200,,,http://20.210.36.32:8080/prediction/knn,,
http_req_failed,1678217715,0.000000,,,,true,,POST,http://20.210.36.32:8080/prediction/knn,HTTP/1.1,contacts,,200,,,http://20.210.36.32:8080/prediction/knn,,
responseTime,1678217715,938.996734,,,,,,,,,contacts,,,,,,,
data_sent,1678217715,2088.000000,,,,,,,,,contacts,,,,,,,
data_received,1678217715,199.000000,,,,,,,,,contacts,,,,,,,
iteration_duration,1678217715,942.780752,,,,,,,,,contacts,,,,,,,
iterations,1678217715,1.000000,,,,,,,,,contacts,,,,,,,
http_reqs,1678217715,1.000000,,,,true,,POST,http://20.210.36.32:8080/prediction/knn,HTTP/1.1,contacts,,200,,,http://20.210.36.32:8080/prediction/knn,,
http_req_duration,1678217715,915.609496,,,,true,,POST,http://20.210.36.32:8080/prediction/knn,HTTP/1.1,contacts,,200,,,http://20.210.36.32:8080/prediction/knn,,
http_req_blocked,1678217715,4.490721,,,,true,,POST,http://20.210.36.32:8080/prediction/knn,HTTP/1.1,contacts,,200,,,http://20.210.36.32:8080/prediction/knn,,
http_req_connecting,1678217715,4.408621,,,,true,,POST,http://20.210.36.32:8080/prediction/knn,HTTP/1.1,contacts,,200,,,http://20.210.36.32:8080/prediction/knn,,
http_req_tls_handshaking,1678217715,0.000000,,,,true,,POST,http://20.210.36.32:8080/prediction/knn,HTTP/1.1,contacts,,200,,,http://20.210.36.32:8080/prediction/knn,,
http_req_sending,1678217715,0.062400,,,,true,,POST,http://20.210.36.32:8080/prediction/knn,HTTP/1.1,contacts,,200,,,http://20.210.36.32:8080/prediction/knn,,
http_req_waiting,1678217715,915.422695,,,,true,,POST,http://20.210.36.32:8080/prediction/knn,HTTP/1.1,contacts,,200,,,http://20.210.36.32:8080/prediction/knn,,
http_req_receiving,1678217715,0.124401,,,,true,,POST,http://20.210.36.32:8080/prediction/knn,HTTP/1.1,contacts,,200,,,http://20.210.36.32:8080/prediction/knn,,
http_req_failed,1678217715,0.000000,,,,true,,POST,http://20.210.36.32:8080/prediction/knn,HTTP/1.1,contacts,,200,,,http://20.210.36.32:8080/prediction/knn,,
responseTime,1678217715,915.609496,,,,,,,,,contacts,,,,,,,
data_sent,1678217715,2088.000000,,,,,,,,,contacts,,,,,,,
data_received,1678217715,199.000000,,,,,,,,,contacts,,,,,,,
iteration_duration,1678217715,920.680221,,,,,,,,,contacts,,,,,,,
iterations,1678217715,1.000000,,,,,,,,,contacts,,,,,,,
http_reqs,1678217715,1.000000,,,,true,,POST,http://20.210.36.32:8080/prediction/knn,HTTP/1.1,contacts,,200,,,http://20.210.36.32:8080/prediction/knn,,
http_req_duration,1678217715,956.613986,,,,true,,POST,http://20.210.36.32:8080/prediction/knn,HTTP/1.1,contacts,,200,,,http://20.210.36.32:8080/prediction/knn,,
http_req_blocked,1678217715,2.579612,,,,true,,POST,http://20.210.36.32:8080/prediction/knn,HTTP/1.1,contacts,,200,,,http://20.210.36.32:8080/prediction/knn,,
http_req_connecting,1678217715,2.506312,,,,true,,POST,http://20.210.36.32:8080/prediction/knn,HTTP/1.1,contacts,,200,,,http://20.210.36.32:8080/prediction/knn,,
http_req_tls_handshaking,1678217715,0.000000,,,,true,,POST,http://20.210.36.32:8080/prediction/knn,HTTP/1.1,contacts,,200,,,http://20.210.36.32:8080/prediction/knn,,
http_req_sending,1678217715,0.107401,,,,true,,POST,http://20.210.36.32:8080/prediction/knn,HTTP/1.1,contacts,,200,,,http://20.210.36.32:8080/prediction/knn,,
http_req_waiting,1678217715,955.495481,,,,true,,POST,http://20.210.36.32:8080/prediction/knn,HTTP/1.1,contacts,,200,,,http://20.210.36.32:8080/prediction/knn,,
http_req_receiving,1678217715,1.011104,,,,true,,POST,http://20.210.36.32:8080/prediction/knn,HTTP/1.1,contacts,,200,,,http://20.210.36.32:8080/prediction/knn,,
http_req_failed,1678217715,0.000000,,,,true,,POST,http://20.210.36.32:8080/prediction/knn,HTTP/1.1,contacts,,200,,,http://20.210.36.32:8080/prediction/knn,,
responseTime,1678217715,956.613986,,,,,,,,,contacts,,,,,,,
data_sent,1678217715,2088.000000,,,,,,,,,contacts,,,,,,,
data_received,1678217715,199.000000,,,,,,,,,contacts,,,,,,,
iteration_duration,1678217715,960.073802,,,,,,,,,contacts,,,,,,,
iterations,1678217715,1.000000,,,,,,,,,contacts,,,,,,,
http_reqs,1678217715,1.000000,,,,true,,POST,http://20.210.36.32:8080/prediction/knn,HTTP/1.1,contacts,,200,,,http://20.210.36.32:8080/prediction/knn,,
http_req_duration,1678217715,911.167564,,,,true,,POST,http://20.210.36.32:8080/prediction/knn,HTTP/1.1,contacts,,200,,,http://20.210.36.32:8080/prediction/knn,,
http_req_blocked,1678217715,5.108424,,,,true,,POST,http://20.210.36.32:8080/prediction/knn,HTTP/1.1,contacts,,200,,,http://20.210.36.32:8080/prediction/knn,,
http_req_connecting,1678217715,5.027624,,,,true,,POST,http://20.210.36.32:8080/prediction/knn,HTTP/1.1,contacts,,200,,,http://20.210.36.32:8080/prediction/knn,,
http_req_tls_handshaking,1678217715,0.000000,,,,true,,POST,http://20.210.36.32:8080/prediction/knn,HTTP/1.1,contacts,,200,,,http://20.210.36.32:8080/prediction/knn,,
http_req_sending,1678217715,0.080700,,,,true,,POST,http://20.210.36.32:8080/prediction/knn,HTTP/1.1,contacts,,200,,,http://20.210.36.32:8080/prediction/knn,,
http_req_waiting,1678217715,910.995763,,,,true,,POST,http://20.210.36.32:8080/prediction/knn,HTTP/1.1,contacts,,200,,,http://20.210.36.32:8080/prediction/knn,,
http_req_receiving,1678217715,0.091101,,,,true,,POST,http://20.210.36.32:8080/prediction/knn,HTTP/1.1,contacts,,200,,,http://20.210.36.32:8080/prediction/knn,,
http_req_failed,1678217715,0.000000,,,,true,,POST,http://20.210.36.32:8080/prediction/knn,HTTP/1.1,contacts,,200,,,http://20.210.36.32:8080/prediction/knn,,
responseTime,1678217715,911.167564,,,,,,,,,contacts,,,,,,,
data_sent,1678217715,2088.000000,,,,,,,,,contacts,,,,,,,
data_received,1678217715,199.000000,,,,,,,,,contacts,,,,,,,
iteration_duration,1678217715,916.867291,,,,,,,,,contacts,,,,,,,
iterations,1678217715,1.000000,,,,,,,,,contacts,,,,,,,
http_reqs,1678217715,1.000000,,,,true,,POST,http://20.210.36.32:8080/prediction/knn,HTTP/1.1,contacts,,200,,,http://20.210.36.32:8080/prediction/knn,,
http_req_duration,1678217715,1044.886984,,,,true,,POST,http://20.210.36.32:8080/prediction/knn,HTTP/1.1,contacts,,200,,,http://20.210.36.32:8080/prediction/knn,,
http_req_blocked,1678217715,2.217810,,,,true,,POST,http://20.210.36.32:8080/prediction/knn,HTTP/1.1,contacts,,200,,,http://20.210.36.32:8080/prediction/knn,,
http_req_connecting,1678217715,2.145110,,,,true,,POST,http://20.210.36.32:8080/prediction/knn,HTTP/1.1,contacts,,200,,,http://20.210.36.32:8080/prediction/knn,,
http_req_tls_handshaking,1678217715,0.000000,,,,true,,POST,http://20.210.36.32:8080/prediction/knn,HTTP/1.1,contacts,,200,,,http://20.210.36.32:8080/prediction/knn,,
http_req_sending,1678217715,0.063900,,,,true,,POST,http://20.210.36.32:8080/prediction/knn,HTTP/1.1,contacts,,200,,,http://20.210.36.32:8080/prediction/knn,,
http_req_waiting,1678217715,1036.942651,,,,true,,POST,http://20.210.36.32:8080/prediction/knn,HTTP/1.1,contacts,,200,,,http://20.210.36.32:8080/prediction/knn,,
http_req_receiving,1678217715,7.880433,,,,true,,POST,http://20.210.36.32:8080/prediction/knn,HTTP/1.1,contacts,,200,,,http://20.210.36.32:8080/prediction/knn,,
http_req_failed,1678217715,0.000000,,,,true,,POST,http://20.210.36.32:8080/prediction/knn,HTTP/1.1,contacts,,200,,,http://20.210.36.32:8080/prediction/knn,,
responseTime,1678217715,1044.886984,,,,,,,,,contacts,,,,,,,
data_sent,1678217715,2088.000000,,,,,,,,,contacts,,,,,,,
data_received,1678217715,199.000000,,,,,,,,,contacts,,,,,,,
iteration_duration,1678217715,1047.603596,,,,,,,,,contacts,,,,,,,
iterations,1678217715,1.000000,,,,,,,,,contacts,,,,,,,
http_reqs,1678217715,1.000000,,,,true,,POST,http://20.210.36.32:8080/prediction/knn,HTTP/1.1,contacts,,200,,,http://20.210.36.32:8080/prediction/knn,,
http_req_duration,1678217715,1016.059036,,,,true,,POST,http://20.210.36.32:8080/prediction/knn,HTTP/1.1,contacts,,200,,,http://20.210.36.32:8080/prediction/knn,,
http_req_blocked,1678217715,2.469111,,,,true,,POST,http://20.210.36.32:8080/prediction/knn,HTTP/1.1,contacts,,200,,,http://20.210.36.32:8080/prediction/knn,,
http_req_connecting,1678217715,2.406711,,,,true,,POST,http://20.210.36.32:8080/prediction/knn,HTTP/1.1,contacts,,200,,,http://20.210.36.32:8080/prediction/knn,,
http_req_tls_handshaking,1678217715,0.000000,,,,true,,POST,http://20.210.36.32:8080/prediction/knn,HTTP/1.1,contacts,,200,,,http://20.210.36.32:8080/prediction/knn,,
http_req_sending,1678217715,0.049101,,,,true,,POST,http://20.210.36.32:8080/prediction/knn,HTTP/1.1,contacts,,200,,,http://20.210.36.32:8080/prediction/knn,,
http_req_waiting,1678217715,1006.992297,,,,true,,POST,http://20.210.36.32:8080/prediction/knn,HTTP/1.1,contacts,,200,,,http://20.210.36.32:8080/prediction/knn,,
http_req_receiving,1678217715,9.017638,,,,true,,POST,http://20.210.36.32:8080/prediction/knn,HTTP/1.1,contacts,,200,,,http://20.210.36.32:8080/prediction/knn,,
http_req_failed,1678217715,0.000000,,,,true,,POST,http://20.210.36.32:8080/prediction/knn,HTTP/1.1,contacts,,200,,,http://20.210.36.32:8080/prediction/knn,,
responseTime,1678217715,1016.059036,,,,,,,,,contacts,,,,,,,
data_sent,1678217715,2088.000000,,,,,,,,,contacts,,,,,,,
data_received,1678217715,199.000000,,,,,,,,,contacts,,,,,,,
iteration_duration,1678217715,1018.985449,,,,,,,,,contacts,,,,,,,
iterations,1678217715,1.000000,,,,,,,,,contacts,,,,,,,
http_reqs,1678217715,1.000000,,,,true,,POST,http://20.210.36.32:8080/prediction/knn,HTTP/1.1,contacts,,200,,,http://20.210.36.32:8080/prediction/knn,,
http_req_duration,1678217715,1091.820867,,,,true,,POST,http://20.210.36.32:8080/prediction/knn,HTTP/1.1,contacts,,200,,,http://20.210.36.32:8080/prediction/knn,,
http_req_blocked,1678217715,2.957814,,,,true,,POST,http://20.210.36.32:8080/prediction/knn,HTTP/1.1,contacts,,200,,,http://20.210.36.32:8080/prediction/knn,,
http_req_connecting,1678217715,2.884913,,,,true,,POST,http://20.210.36.32:8080/prediction/knn,HTTP/1.1,contacts,,200,,,http://20.210.36.32:8080/prediction/knn,,
http_req_tls_handshaking,1678217715,0.000000,,,,true,,POST,http://20.210.36.32:8080/prediction/knn,HTTP/1.1,contacts,,200,,,http://20.210.36.32:8080/prediction/knn,,
http_req_sending,1678217715,0.071901,,,,true,,POST,http://20.210.36.32:8080/prediction/knn,HTTP/1.1,contacts,,200,,,http://20.210.36.32:8080/prediction/knn,,
http_req_waiting,1678217715,1089.951259,,,,true,,POST,http://20.210.36.32:8080/prediction/knn,HTTP/1.1,contacts,,200,,,http://20.210.36.32:8080/prediction/knn,,
http_req_receiving,1678217715,1.797707,,,,true,,POST,http://20.210.36.32:8080/prediction/knn,HTTP/1.1,contacts,,200,,,http://20.210.36.32:8080/prediction/knn,,
http_req_failed,1678217715,0.000000,,,,true,,POST,http://20.210.36.32:8080/prediction/knn,HTTP/1.1,contacts,,200,,,http://20.210.36.32:8080/prediction/knn,,
responseTime,1678217715,1091.820867,,,,,,,,,contacts,,,,,,,
data_sent,1678217715,2088.000000,,,,,,,,,contacts,,,,,,,
data_received,1678217715,199.000000,,,,,,,,,contacts,,,,,,,
iteration_duration,1678217715,1095.225383,,,,,,,,,contacts,,,,,,,
iterations,1678217715,1.000000,,,,,,,,,contacts,,,,,,,
http_reqs,1678217715,1.000000,,,,true,,POST,http://20.210.36.32:8080/prediction/knn,HTTP/1.1,contacts,,200,,,http://20.210.36.32:8080/prediction/knn,,
http_req_duration,1678217715,896.804423,,,,true,,POST,http://20.210.36.32:8080/prediction/knn,HTTP/1.1,contacts,,200,,,http://20.210.36.32:8080/prediction/knn,,
http_req_blocked,1678217715,9.720446,,,,true,,POST,http://20.210.36.32:8080/prediction/knn,HTTP/1.1,contacts,,200,,,http://20.210.36.32:8080/prediction/knn,,
http_req_connecting,1678217715,9.671046,,,,true,,POST,http://20.210.36.32:8080/prediction/knn,HTTP/1.1,contacts,,200,,,http://20.210.36.32:8080/prediction/knn,,
http_req_tls_handshaking,1678217715,0.000000,,,,true,,POST,http://20.210.36.32:8080/prediction/knn,HTTP/1.1,contacts,,200,,,http://20.210.36.32:8080/prediction/knn,,
http_req_sending,1678217715,0.045000,,,,true,,POST,http://20.210.36.32:8080/prediction/knn,HTTP/1.1,contacts,,200,,,http://20.210.36.32:8080/prediction/knn,,
http_req_waiting,1678217715,896.579922,,,,true,,POST,http://20.210.36.32:8080/prediction/knn,HTTP/1.1,contacts,,200,,,http://20.210.36.32:8080/prediction/knn,,
http_req_receiving,1678217715,0.179501,,,,true,,POST,http://20.210.36.32:8080/prediction/knn,HTTP/1.1,contacts,,200,,,http://20.210.36.32:8080/prediction/knn,,
http_req_failed,1678217715,0.000000,,,,true,,POST,http://20.210.36.32:8080/prediction/knn,HTTP/1.1,contacts,,200,,,http://20.210.36.32:8080/prediction/knn,,
responseTime,1678217715,896.804423,,,,,,,,,contacts,,,,,,,
data_sent,1678217715,2088.000000,,,,,,,,,contacts,,,,,,,
data_received,1678217715,199.000000,,,,,,,,,contacts,,,,,,,
iteration_duration,1678217715,907.146672,,,,,,,,,contacts,,,,,,,
iterations,1678217715,1.000000,,,,,,,,,contacts,,,,,,,
http_reqs,1678217715,1.000000,,,,true,,POST,http://20.210.36.32:8080/prediction/knn,HTTP/1.1,contacts,,200,,,http://20.210.36.32:8080/prediction/knn,,
http_req_duration,1678217715,948.156759,,,,true,,POST,http://20.210.36.32:8080/prediction/knn,HTTP/1.1,contacts,,200,,,http://20.210.36.32:8080/prediction/knn,,
http_req_blocked,1678217715,4.187320,,,,true,,POST,http://20.210.36.32:8080/prediction/knn,HTTP/1.1,contacts,,200,,,http://20.210.36.32:8080/prediction/knn,,
http_req_connecting,1678217715,4.111620,,,,true,,POST,http://20.210.36.32:8080/prediction/knn,HTTP/1.1,contacts,,200,,,http://20.210.36.32:8080/prediction/knn,,
http_req_tls_handshaking,1678217715,0.000000,,,,true,,POST,http://20.210.36.32:8080/prediction/knn,HTTP/1.1,contacts,,200,,,http://20.210.36.32:8080/prediction/knn,,
http_req_sending,1678217715,0.077700,,,,true,,POST,http://20.210.36.32:8080/prediction/knn,HTTP/1.1,contacts,,200,,,http://20.210.36.32:8080/prediction/knn,,
http_req_waiting,1678217715,947.954858,,,,true,,POST,http://20.210.36.32:8080/prediction/knn,HTTP/1.1,contacts,,200,,,http://20.210.36.32:8080/prediction/knn,,
http_req_receiving,1678217715,0.124201,,,,true,,POST,http://20.210.36.32:8080/prediction/knn,HTTP/1.1,contacts,,200,,,http://20.210.36.32:8080/prediction/knn,,
http_req_failed,1678217715,0.000000,,,,true,,POST,http://20.210.36.32:8080/prediction/knn,HTTP/1.1,contacts,,200,,,http://20.210.36.32:8080/prediction/knn,,
responseTime,1678217715,948.156759,,,,,,,,,contacts,,,,,,,
data_sent,1678217715,2088.000000,,,,,,,,,contacts,,,,,,,
data_received,1678217715,199.000000,,,,,,,,,contacts,,,,,,,
iteration_duration,1678217715,953.107883,,,,,,,,,contacts,,,,,,,
iterations,1678217715,1.000000,,,,,,,,,contacts,,,,,,,
http_reqs,1678217715,1.000000,,,,true,,POST,http://20.210.36.32:8080/prediction/knn,HTTP/1.1,contacts,,200,,,http://20.210.36.32:8080/prediction/knn,,
http_req_duration,1678217715,988.596750,,,,true,,POST,http://20.210.36.32:8080/prediction/knn,HTTP/1.1,contacts,,200,,,http://20.210.36.32:8080/prediction/knn,,
http_req_blocked,1678217715,4.232820,,,,true,,POST,http://20.210.36.32:8080/prediction/knn,HTTP/1.1,contacts,,200,,,http://20.210.36.32:8080/prediction/knn,,
http_req_connecting,1678217715,4.169820,,,,true,,POST,http://20.210.36.32:8080/prediction/knn,HTTP/1.1,contacts,,200,,,http://20.210.36.32:8080/prediction/knn,,
http_req_tls_handshaking,1678217715,0.000000,,,,true,,POST,http://20.210.36.32:8080/prediction/knn,HTTP/1.1,contacts,,200,,,http://20.210.36.32:8080/prediction/knn,,
http_req_sending,1678217715,0.118000,,,,true,,POST,http://20.210.36.32:8080/prediction/knn,HTTP/1.1,contacts,,200,,,http://20.210.36.32:8080/prediction/knn,,
http_req_waiting,1678217715,988.367049,,,,true,,POST,http://20.210.36.32:8080/prediction/knn,HTTP/1.1,contacts,,200,,,http://20.210.36.32:8080/prediction/knn,,
http_req_receiving,1678217715,0.111701,,,,true,,POST,http://20.210.36.32:8080/prediction/knn,HTTP/1.1,contacts,,200,,,http://20.210.36.32:8080/prediction/knn,,
http_req_failed,1678217715,0.000000,,,,true,,POST,http://20.210.36.32:8080/prediction/knn,HTTP/1.1,contacts,,200,,,http://20.210.36.32:8080/prediction/knn,,
http_reqs,1678217715,1.000000,,,,true,,POST,http://20.210.36.32:8080/prediction/knn,HTTP/1.1,contacts,,200,,,http://20.210.36.32:8080/prediction/knn,,
http_req_duration,1678217715,916.747310,,,,true,,POST,http://20.210.36.32:8080/prediction/knn,HTTP/1.1,contacts,,200,,,http://20.210.36.32:8080/prediction/knn,,
http_req_blocked,1678217715,4.069419,,,,true,,POST,http://20.210.36.32:8080/prediction/knn,HTTP/1.1,contacts,,200,,,http://20.210.36.32:8080/prediction/knn,,
http_req_connecting,1678217715,3.963219,,,,true,,POST,http://20.210.36.32:8080/prediction/knn,HTTP/1.1,contacts,,200,,,http://20.210.36.32:8080/prediction/knn,,
http_req_tls_handshaking,1678217715,0.000000,,,,true,,POST,http://20.210.36.32:8080/prediction/knn,HTTP/1.1,contacts,,200,,,http://20.210.36.32:8080/prediction/knn,,
http_req_sending,1678217715,0.111400,,,,true,,POST,http://20.210.36.32:8080/prediction/knn,HTTP/1.1,contacts,,200,,,http://20.210.36.32:8080/prediction/knn,,
http_req_waiting,1678217715,916.533610,,,,true,,POST,http://20.210.36.32:8080/prediction/knn,HTTP/1.1,contacts,,200,,,http://20.210.36.32:8080/prediction/knn,,
http_req_receiving,1678217715,0.102300,,,,true,,POST,http://20.210.36.32:8080/prediction/knn,HTTP/1.1,contacts,,200,,,http://20.210.36.32:8080/prediction/knn,,
http_req_failed,1678217715,0.000000,,,,true,,POST,http://20.210.36.32:8080/prediction/knn,HTTP/1.1,contacts,,200,,,http://20.210.36.32:8080/prediction/knn,,
responseTime,1678217715,988.596750,,,,,,,,,contacts,,,,,,,
data_sent,1678217715,2088.000000,,,,,,,,,contacts,,,,,,,
data_received,1678217715,199.000000,,,,,,,,,contacts,,,,,,,
iteration_duration,1678217715,993.560674,,,,,,,,,contacts,,,,,,,
iterations,1678217715,1.000000,,,,,,,,,contacts,,,,,,,
responseTime,1678217715,916.747310,,,,,,,,,contacts,,,,,,,
data_sent,1678217715,2088.000000,,,,,,,,,contacts,,,,,,,
data_received,1678217715,199.000000,,,,,,,,,contacts,,,,,,,
iteration_duration,1678217715,921.180332,,,,,,,,,contacts,,,,,,,
iterations,1678217715,1.000000,,,,,,,,,contacts,,,,,,,
http_reqs,1678217715,1.000000,,,,true,,POST,http://20.210.36.32:8080/prediction/knn,HTTP/1.1,contacts,,200,,,http://20.210.36.32:8080/prediction/knn,,
http_req_duration,1678217715,1010.182652,,,,true,,POST,http://20.210.36.32:8080/prediction/knn,HTTP/1.1,contacts,,200,,,http://20.210.36.32:8080/prediction/knn,,
http_req_blocked,1678217715,4.414821,,,,true,,POST,http://20.210.36.32:8080/prediction/knn,HTTP/1.1,contacts,,200,,,http://20.210.36.32:8080/prediction/knn,,
http_req_connecting,1678217715,4.305620,,,,true,,POST,http://20.210.36.32:8080/prediction/knn,HTTP/1.1,contacts,,200,,,http://20.210.36.32:8080/prediction/knn,,
http_req_tls_handshaking,1678217715,0.000000,,,,true,,POST,http://20.210.36.32:8080/prediction/knn,HTTP/1.1,contacts,,200,,,http://20.210.36.32:8080/prediction/knn,,
http_req_sending,1678217715,0.127601,,,,true,,POST,http://20.210.36.32:8080/prediction/knn,HTTP/1.1,contacts,,200,,,http://20.210.36.32:8080/prediction/knn,,
http_req_waiting,1678217715,1009.965650,,,,true,,POST,http://20.210.36.32:8080/prediction/knn,HTTP/1.1,contacts,,200,,,http://20.210.36.32:8080/prediction/knn,,
http_req_receiving,1678217715,0.089401,,,,true,,POST,http://20.210.36.32:8080/prediction/knn,HTTP/1.1,contacts,,200,,,http://20.210.36.32:8080/prediction/knn,,
http_req_failed,1678217715,0.000000,,,,true,,POST,http://20.210.36.32:8080/prediction/knn,HTTP/1.1,contacts,,200,,,http://20.210.36.32:8080/prediction/knn,,
responseTime,1678217715,1010.182652,,,,,,,,,contacts,,,,,,,
data_sent,1678217715,2088.000000,,,,,,,,,contacts,,,,,,,
data_received,1678217715,199.000000,,,,,,,,,contacts,,,,,,,
iteration_duration,1678217715,1014.962174,,,,,,,,,contacts,,,,,,,
iterations,1678217715,1.000000,,,,,,,,,contacts,,,,,,,
http_reqs,1678217715,1.000000,,,,true,,POST,http://20.210.36.32:8080/prediction/knn,HTTP/1.1,contacts,,200,,,http://20.210.36.32:8080/prediction/knn,,
http_req_duration,1678217715,874.345309,,,,true,,POST,http://20.210.36.32:8080/prediction/knn,HTTP/1.1,contacts,,200,,,http://20.210.36.32:8080/prediction/knn,,
http_req_blocked,1678217715,3.746017,,,,true,,POST,http://20.210.36.32:8080/prediction/knn,HTTP/1.1,contacts,,200,,,http://20.210.36.32:8080/prediction/knn,,
http_req_connecting,1678217715,3.661117,,,,true,,POST,http://20.210.36.32:8080/prediction/knn,HTTP/1.1,contacts,,200,,,http://20.210.36.32:8080/prediction/knn,,
http_req_tls_handshaking,1678217715,0.000000,,,,true,,POST,http://20.210.36.32:8080/prediction/knn,HTTP/1.1,contacts,,200,,,http://20.210.36.32:8080/prediction/knn,,
http_req_sending,1678217715,0.074500,,,,true,,POST,http://20.210.36.32:8080/prediction/knn,HTTP/1.1,contacts,,200,,,http://20.210.36.32:8080/prediction/knn,,
http_req_waiting,1678217715,874.142909,,,,true,,POST,http://20.210.36.32:8080/prediction/knn,HTTP/1.1,contacts,,200,,,http://20.210.36.32:8080/prediction/knn,,
http_req_receiving,1678217715,0.127900,,,,true,,POST,http://20.210.36.32:8080/prediction/knn,HTTP/1.1,contacts,,200,,,http://20.210.36.32:8080/prediction/knn,,
http_req_failed,1678217715,0.000000,,,,true,,POST,http://20.210.36.32:8080/prediction/knn,HTTP/1.1,contacts,,200,,,http://20.210.36.32:8080/prediction/knn,,
responseTime,1678217715,874.345309,,,,,,,,,contacts,,,,,,,
data_sent,1678217715,2088.000000,,,,,,,,,contacts,,,,,,,
data_received,1678217715,199.000000,,,,,,,,,contacts,,,,,,,
iteration_duration,1678217715,878.634630,,,,,,,,,contacts,,,,,,,
iterations,1678217715,1.000000,,,,,,,,,contacts,,,,,,,
http_reqs,1678217715,1.000000,,,,true,,POST,http://20.210.36.32:8080/prediction/knn,HTTP/1.1,contacts,,200,,,http://20.210.36.32:8080/prediction/knn,,
http_req_duration,1678217715,923.086937,,,,true,,POST,http://20.210.36.32:8080/prediction/knn,HTTP/1.1,contacts,,200,,,http://20.210.36.32:8080/prediction/knn,,
http_req_blocked,1678217715,4.032919,,,,true,,POST,http://20.210.36.32:8080/prediction/knn,HTTP/1.1,contacts,,200,,,http://20.210.36.32:8080/prediction/knn,,
http_req_connecting,1678217715,3.937018,,,,true,,POST,http://20.210.36.32:8080/prediction/knn,HTTP/1.1,contacts,,200,,,http://20.210.36.32:8080/prediction/knn,,
http_req_tls_handshaking,1678217715,0.000000,,,,true,,POST,http://20.210.36.32:8080/prediction/knn,HTTP/1.1,contacts,,200,,,http://20.210.36.32:8080/prediction/knn,,
http_req_sending,1678217715,0.053500,,,,true,,POST,http://20.210.36.32:8080/prediction/knn,HTTP/1.1,contacts,,200,,,http://20.210.36.32:8080/prediction/knn,,
http_req_waiting,1678217715,922.936936,,,,true,,POST,http://20.210.36.32:8080/prediction/knn,HTTP/1.1,contacts,,200,,,http://20.210.36.32:8080/prediction/knn,,
http_req_receiving,1678217715,0.096501,,,,true,,POST,http://20.210.36.32:8080/prediction/knn,HTTP/1.1,contacts,,200,,,http://20.210.36.32:8080/prediction/knn,,
http_req_failed,1678217715,0.000000,,,,true,,POST,http://20.210.36.32:8080/prediction/knn,HTTP/1.1,contacts,,200,,,http://20.210.36.32:8080/prediction/knn,,
responseTime,1678217715,923.086937,,,,,,,,,contacts,,,,,,,
data_sent,1678217715,2088.000000,,,,,,,,,contacts,,,,,,,
data_received,1678217715,199.000000,,,,,,,,,contacts,,,,,,,
iteration_duration,1678217715,927.488257,,,,,,,,,contacts,,,,,,,
iterations,1678217715,1.000000,,,,,,,,,contacts,,,,,,,
http_reqs,1678217715,1.000000,,,,true,,POST,http://20.210.36.32:8080/prediction/knn,HTTP/1.1,contacts,,200,,,http://20.210.36.32:8080/prediction/knn,,
http_req_duration,1678217715,872.872298,,,,true,,POST,http://20.210.36.32:8080/prediction/knn,HTTP/1.1,contacts,,200,,,http://20.210.36.32:8080/prediction/knn,,
http_req_blocked,1678217715,3.489616,,,,true,,POST,http://20.210.36.32:8080/prediction/knn,HTTP/1.1,contacts,,200,,,http://20.210.36.32:8080/prediction/knn,,
http_req_connecting,1678217715,3.416816,,,,true,,POST,http://20.210.36.32:8080/prediction/knn,HTTP/1.1,contacts,,200,,,http://20.210.36.32:8080/prediction/knn,,
http_req_tls_handshaking,1678217715,0.000000,,,,true,,POST,http://20.210.36.32:8080/prediction/knn,HTTP/1.1,contacts,,200,,,http://20.210.36.32:8080/prediction/knn,,
http_req_sending,1678217715,0.067600,,,,true,,POST,http://20.210.36.32:8080/prediction/knn,HTTP/1.1,contacts,,200,,,http://20.210.36.32:8080/prediction/knn,,
http_req_waiting,1678217715,872.671497,,,,true,,POST,http://20.210.36.32:8080/prediction/knn,HTTP/1.1,contacts,,200,,,http://20.210.36.32:8080/prediction/knn,,
http_req_receiving,1678217715,0.133201,,,,true,,POST,http://20.210.36.32:8080/prediction/knn,HTTP/1.1,contacts,,200,,,http://20.210.36.32:8080/prediction/knn,,
http_req_failed,1678217715,0.000000,,,,true,,POST,http://20.210.36.32:8080/prediction/knn,HTTP/1.1,contacts,,200,,,http://20.210.36.32:8080/prediction/knn,,
responseTime,1678217715,872.872298,,,,,,,,,contacts,,,,,,,
data_sent,1678217715,2088.000000,,,,,,,,,contacts,,,,,,,
data_received,1678217715,199.000000,,,,,,,,,contacts,,,,,,,
iteration_duration,1678217715,876.659615,,,,,,,,,contacts,,,,,,,
iterations,1678217715,1.000000,,,,,,,,,contacts,,,,,,,
http_reqs,1678217715,1.000000,,,,true,,POST,http://20.210.36.32:8080/prediction/knn,HTTP/1.1,contacts,,200,,,http://20.210.36.32:8080/prediction/knn,,
http_req_duration,1678217715,883.534842,,,,true,,POST,http://20.210.36.32:8080/prediction/knn,HTTP/1.1,contacts,,200,,,http://20.210.36.32:8080/prediction/knn,,
http_req_blocked,1678217715,3.718217,,,,true,,POST,http://20.210.36.32:8080/prediction/knn,HTTP/1.1,contacts,,200,,,http://20.210.36.32:8080/prediction/knn,,
http_req_connecting,1678217715,3.654017,,,,true,,POST,http://20.210.36.32:8080/prediction/knn,HTTP/1.1,contacts,,200,,,http://20.210.36.32:8080/prediction/knn,,
http_req_tls_handshaking,1678217715,0.000000,,,,true,,POST,http://20.210.36.32:8080/prediction/knn,HTTP/1.1,contacts,,200,,,http://20.210.36.32:8080/prediction/knn,,
http_req_sending,1678217715,0.037600,,,,true,,POST,http://20.210.36.32:8080/prediction/knn,HTTP/1.1,contacts,,200,,,http://20.210.36.32:8080/prediction/knn,,
http_req_waiting,1678217715,883.404242,,,,true,,POST,http://20.210.36.32:8080/prediction/knn,HTTP/1.1,contacts,,200,,,http://20.210.36.32:8080/prediction/knn,,
http_req_receiving,1678217715,0.093000,,,,true,,POST,http://20.210.36.32:8080/prediction/knn,HTTP/1.1,contacts,,200,,,http://20.210.36.32:8080/prediction/knn,,
http_req_failed,1678217715,0.000000,,,,true,,POST,http://20.210.36.32:8080/prediction/knn,HTTP/1.1,contacts,,200,,,http://20.210.36.32:8080/prediction/knn,,
responseTime,1678217715,883.534842,,,,,,,,,contacts,,,,,,,
data_sent,1678217715,2088.000000,,,,,,,,,contacts,,,,,,,
data_received,1678217715,199.000000,,,,,,,,,contacts,,,,,,,
iteration_duration,1678217715,887.618161,,,,,,,,,contacts,,,,,,,
iterations,1678217715,1.000000,,,,,,,,,contacts,,,,,,,
http_reqs,1678217715,1.000000,,,,true,,POST,http://20.210.36.32:8080/prediction/knn,HTTP/1.1,contacts,,200,,,http://20.210.36.32:8080/prediction/knn,,
http_req_duration,1678217715,924.063621,,,,true,,POST,http://20.210.36.32:8080/prediction/knn,HTTP/1.1,contacts,,200,,,http://20.210.36.32:8080/prediction/knn,,
http_req_blocked,1678217715,4.098819,,,,true,,POST,http://20.210.36.32:8080/prediction/knn,HTTP/1.1,contacts,,200,,,http://20.210.36.32:8080/prediction/knn,,
http_req_connecting,1678217715,4.028119,,,,true,,POST,http://20.210.36.32:8080/prediction/knn,HTTP/1.1,contacts,,200,,,http://20.210.36.32:8080/prediction/knn,,
http_req_tls_handshaking,1678217715,0.000000,,,,true,,POST,http://20.210.36.32:8080/prediction/knn,HTTP/1.1,contacts,,200,,,http://20.210.36.32:8080/prediction/knn,,
http_req_sending,1678217715,0.080200,,,,true,,POST,http://20.210.36.32:8080/prediction/knn,HTTP/1.1,contacts,,200,,,http://20.210.36.32:8080/prediction/knn,,
http_req_waiting,1678217715,920.970508,,,,true,,POST,http://20.210.36.32:8080/prediction/knn,HTTP/1.1,contacts,,200,,,http://20.210.36.32:8080/prediction/knn,,
http_req_receiving,1678217715,3.012913,,,,true,,POST,http://20.210.36.32:8080/prediction/knn,HTTP/1.1,contacts,,200,,,http://20.210.36.32:8080/prediction/knn,,
http_req_failed,1678217715,0.000000,,,,true,,POST,http://20.210.36.32:8080/prediction/knn,HTTP/1.1,contacts,,200,,,http://20.210.36.32:8080/prediction/knn,,
http_reqs,1678217715,1.000000,,,,true,,POST,http://20.210.36.32:8080/prediction/knn,HTTP/1.1,contacts,,200,,,http://20.210.36.32:8080/prediction/knn,,
http_req_duration,1678217715,913.645771,,,,true,,POST,http://20.210.36.32:8080/prediction/knn,HTTP/1.1,contacts,,200,,,http://20.210.36.32:8080/prediction/knn,,
http_req_blocked,1678217715,3.609217,,,,true,,POST,http://20.210.36.32:8080/prediction/knn,HTTP/1.1,contacts,,200,,,http://20.210.36.32:8080/prediction/knn,,
http_req_connecting,1678217715,3.558017,,,,true,,POST,http://20.210.36.32:8080/prediction/knn,HTTP/1.1,contacts,,200,,,http://20.210.36.32:8080/prediction/knn,,
http_req_tls_handshaking,1678217715,0.000000,,,,true,,POST,http://20.210.36.32:8080/prediction/knn,HTTP/1.1,contacts,,200,,,http://20.210.36.32:8080/prediction/knn,,
http_req_sending,1678217715,0.041600,,,,true,,POST,http://20.210.36.32:8080/prediction/knn,HTTP/1.1,contacts,,200,,,http://20.210.36.32:8080/prediction/knn,,
http_req_waiting,1678217715,913.508771,,,,true,,POST,http://20.210.36.32:8080/prediction/knn,HTTP/1.1,contacts,,200,,,http://20.210.36.32:8080/prediction/knn,,
http_req_receiving,1678217715,0.095400,,,,true,,POST,http://20.210.36.32:8080/prediction/knn,HTTP/1.1,contacts,,200,,,http://20.210.36.32:8080/prediction/knn,,
http_req_failed,1678217715,0.000000,,,,true,,POST,http://20.210.36.32:8080/prediction/knn,HTTP/1.1,contacts,,200,,,http://20.210.36.32:8080/prediction/knn,,
responseTime,1678217715,924.063621,,,,,,,,,contacts,,,,,,,
data_sent,1678217715,2088.000000,,,,,,,,,contacts,,,,,,,
data_received,1678217715,199.000000,,,,,,,,,contacts,,,,,,,
iteration_duration,1678217715,929.603947,,,,,,,,,contacts,,,,,,,
iterations,1678217715,1.000000,,,,,,,,,contacts,,,,,,,
responseTime,1678217715,913.645771,,,,,,,,,contacts,,,,,,,
data_sent,1678217715,2088.000000,,,,,,,,,contacts,,,,,,,
data_received,1678217715,199.000000,,,,,,,,,contacts,,,,,,,
iteration_duration,1678217715,918.111992,,,,,,,,,contacts,,,,,,,
iterations,1678217715,1.000000,,,,,,,,,contacts,,,,,,,
http_reqs,1678217715,1.000000,,,,true,,POST,http://20.210.36.32:8080/prediction/knn,HTTP/1.1,contacts,,200,,,http://20.210.36.32:8080/prediction/knn,,
http_req_duration,1678217715,927.230529,,,,true,,POST,http://20.210.36.32:8080/prediction/knn,HTTP/1.1,contacts,,200,,,http://20.210.36.32:8080/prediction/knn,,
http_req_blocked,1678217715,3.677417,,,,true,,POST,http://20.210.36.32:8080/prediction/knn,HTTP/1.1,contacts,,200,,,http://20.210.36.32:8080/prediction/knn,,
http_req_connecting,1678217715,3.624117,,,,true,,POST,http://20.210.36.32:8080/prediction/knn,HTTP/1.1,contacts,,200,,,http://20.210.36.32:8080/prediction/knn,,
http_req_tls_handshaking,1678217715,0.000000,,,,true,,POST,http://20.210.36.32:8080/prediction/knn,HTTP/1.1,contacts,,200,,,http://20.210.36.32:8080/prediction/knn,,
http_req_sending,1678217715,0.060100,,,,true,,POST,http://20.210.36.32:8080/prediction/knn,HTTP/1.1,contacts,,200,,,http://20.210.36.32:8080/prediction/knn,,
http_req_waiting,1678217715,927.029628,,,,true,,POST,http://20.210.36.32:8080/prediction/knn,HTTP/1.1,contacts,,200,,,http://20.210.36.32:8080/prediction/knn,,
http_req_receiving,1678217715,0.140801,,,,true,,POST,http://20.210.36.32:8080/prediction/knn,HTTP/1.1,contacts,,200,,,http://20.210.36.32:8080/prediction/knn,,
http_req_failed,1678217715,0.000000,,,,true,,POST,http://20.210.36.32:8080/prediction/knn,HTTP/1.1,contacts,,200,,,http://20.210.36.32:8080/prediction/knn,,
responseTime,1678217715,927.230529,,,,,,,,,contacts,,,,,,,
data_sent,1678217715,2088.000000,,,,,,,,,contacts,,,,,,,
data_received,1678217715,199.000000,,,,,,,,,contacts,,,,,,,
iteration_duration,1678217715,931.238448,,,,,,,,,contacts,,,,,,,
iterations,1678217715,1.000000,,,,,,,,,contacts,,,,,,,
http_reqs,1678217715,1.000000,,,,true,,POST,http://20.210.36.32:8080/prediction/knn,HTTP/1.1,contacts,,200,,,http://20.210.36.32:8080/prediction/knn,,
http_req_duration,1678217715,925.978222,,,,true,,POST,http://20.210.36.32:8080/prediction/knn,HTTP/1.1,contacts,,200,,,http://20.210.36.32:8080/prediction/knn,,
http_req_blocked,1678217715,3.256315,,,,true,,POST,http://20.210.36.32:8080/prediction/knn,HTTP/1.1,contacts,,200,,,http://20.210.36.32:8080/prediction/knn,,
http_req_connecting,1678217715,3.066414,,,,true,,POST,http://20.210.36.32:8080/prediction/knn,HTTP/1.1,contacts,,200,,,http://20.210.36.32:8080/prediction/knn,,
http_req_tls_handshaking,1678217715,0.000000,,,,true,,POST,http://20.210.36.32:8080/prediction/knn,HTTP/1.1,contacts,,200,,,http://20.210.36.32:8080/prediction/knn,,
http_req_sending,1678217715,0.076300,,,,true,,POST,http://20.210.36.32:8080/prediction/knn,HTTP/1.1,contacts,,200,,,http://20.210.36.32:8080/prediction/knn,,
http_req_waiting,1678217715,925.711822,,,,true,,POST,http://20.210.36.32:8080/prediction/knn,HTTP/1.1,contacts,,200,,,http://20.210.36.32:8080/prediction/knn,,
http_req_receiving,1678217715,0.190100,,,,true,,POST,http://20.210.36.32:8080/prediction/knn,HTTP/1.1,contacts,,200,,,http://20.210.36.32:8080/prediction/knn,,
http_req_failed,1678217715,0.000000,,,,true,,POST,http://20.210.36.32:8080/prediction/knn,HTTP/1.1,contacts,,200,,,http://20.210.36.32:8080/prediction/knn,,
responseTime,1678217715,925.978222,,,,,,,,,contacts,,,,,,,
data_sent,1678217715,2088.000000,,,,,,,,,contacts,,,,,,,
data_received,1678217715,199.000000,,,,,,,,,contacts,,,,,,,
iteration_duration,1678217715,929.682139,,,,,,,,,contacts,,,,,,,
iterations,1678217715,1.000000,,,,,,,,,contacts,,,,,,,
http_reqs,1678217715,1.000000,,,,true,,POST,http://20.210.36.32:8080/prediction/knn,HTTP/1.1,contacts,,200,,,http://20.210.36.32:8080/prediction/knn,,
http_req_duration,1678217715,953.556434,,,,true,,POST,http://20.210.36.32:8080/prediction/knn,HTTP/1.1,contacts,,200,,,http://20.210.36.32:8080/prediction/knn,,
http_req_blocked,1678217715,3.620217,,,,true,,POST,http://20.210.36.32:8080/prediction/knn,HTTP/1.1,contacts,,200,,,http://20.210.36.32:8080/prediction/knn,,
http_req_connecting,1678217715,3.569817,,,,true,,POST,http://20.210.36.32:8080/prediction/knn,HTTP/1.1,contacts,,200,,,http://20.210.36.32:8080/prediction/knn,,
http_req_tls_handshaking,1678217715,0.000000,,,,true,,POST,http://20.210.36.32:8080/prediction/knn,HTTP/1.1,contacts,,200,,,http://20.210.36.32:8080/prediction/knn,,
http_req_sending,1678217715,0.052800,,,,true,,POST,http://20.210.36.32:8080/prediction/knn,HTTP/1.1,contacts,,200,,,http://20.210.36.32:8080/prediction/knn,,
http_req_waiting,1678217715,953.036932,,,,true,,POST,http://20.210.36.32:8080/prediction/knn,HTTP/1.1,contacts,,200,,,http://20.210.36.32:8080/prediction/knn,,
http_req_receiving,1678217715,0.466702,,,,true,,POST,http://20.210.36.32:8080/prediction/knn,HTTP/1.1,contacts,,200,,,http://20.210.36.32:8080/prediction/knn,,
http_req_failed,1678217715,0.000000,,,,true,,POST,http://20.210.36.32:8080/prediction/knn,HTTP/1.1,contacts,,200,,,http://20.210.36.32:8080/prediction/knn,,
responseTime,1678217715,953.556434,,,,,,,,,contacts,,,,,,,
data_sent,1678217715,2088.000000,,,,,,,,,contacts,,,,,,,
data_received,1678217715,199.000000,,,,,,,,,contacts,,,,,,,
iteration_duration,1678217715,957.509753,,,,,,,,,contacts,,,,,,,
iterations,1678217715,1.000000,,,,,,,,,contacts,,,,,,,
http_reqs,1678217715,1.000000,,,,true,,POST,http://20.210.36.32:8080/prediction/knn,HTTP/1.1,contacts,,200,,,http://20.210.36.32:8080/prediction/knn,,
http_req_duration,1678217715,923.550192,,,,true,,POST,http://20.210.36.32:8080/prediction/knn,HTTP/1.1,contacts,,200,,,http://20.210.36.32:8080/prediction/knn,,
http_req_blocked,1678217715,4.244720,,,,true,,POST,http://20.210.36.32:8080/prediction/knn,HTTP/1.1,contacts,,200,,,http://20.210.36.32:8080/prediction/knn,,
http_req_connecting,1678217715,4.132119,,,,true,,POST,http://20.210.36.32:8080/prediction/knn,HTTP/1.1,contacts,,200,,,http://20.210.36.32:8080/prediction/knn,,
http_req_tls_handshaking,1678217715,0.000000,,,,true,,POST,http://20.210.36.32:8080/prediction/knn,HTTP/1.1,contacts,,200,,,http://20.210.36.32:8080/prediction/knn,,
http_req_sending,1678217715,0.066701,,,,true,,POST,http://20.210.36.32:8080/prediction/knn,HTTP/1.1,contacts,,200,,,http://20.210.36.32:8080/prediction/knn,,
http_req_waiting,1678217715,921.359482,,,,true,,POST,http://20.210.36.32:8080/prediction/knn,HTTP/1.1,contacts,,200,,,http://20.210.36.32:8080/prediction/knn,,
http_req_receiving,1678217715,2.124009,,,,true,,POST,http://20.210.36.32:8080/prediction/knn,HTTP/1.1,contacts,,200,,,http://20.210.36.32:8080/prediction/knn,,
http_req_failed,1678217715,0.000000,,,,true,,POST,http://20.210.36.32:8080/prediction/knn,HTTP/1.1,contacts,,200,,,http://20.210.36.32:8080/prediction/knn,,
responseTime,1678217715,923.550192,,,,,,,,,contacts,,,,,,,
data_sent,1678217715,2088.000000,,,,,,,,,contacts,,,,,,,
data_received,1678217715,199.000000,,,,,,,,,contacts,,,,,,,
iteration_duration,1678217715,928.345814,,,,,,,,,contacts,,,,,,,
iterations,1678217715,1.000000,,,,,,,,,contacts,,,,,,,
http_reqs,1678217715,1.000000,,,,true,,POST,http://20.210.36.32:8080/prediction/knn,HTTP/1.1,contacts,,200,,,http://20.210.36.32:8080/prediction/knn,,
http_req_duration,1678217715,974.979288,,,,true,,POST,http://20.210.36.32:8080/prediction/knn,HTTP/1.1,contacts,,200,,,http://20.210.36.32:8080/prediction/knn,,
http_req_blocked,1678217715,3.657817,,,,true,,POST,http://20.210.36.32:8080/prediction/knn,HTTP/1.1,contacts,,200,,,http://20.210.36.32:8080/prediction/knn,,
http_req_connecting,1678217715,3.597717,,,,true,,POST,http://20.210.36.32:8080/prediction/knn,HTTP/1.1,contacts,,200,,,http://20.210.36.32:8080/prediction/knn,,
http_req_tls_handshaking,1678217715,0.000000,,,,true,,POST,http://20.210.36.32:8080/prediction/knn,HTTP/1.1,contacts,,200,,,http://20.210.36.32:8080/prediction/knn,,
http_req_sending,1678217715,0.053800,,,,true,,POST,http://20.210.36.32:8080/prediction/knn,HTTP/1.1,contacts,,200,,,http://20.210.36.32:8080/prediction/knn,,
http_req_waiting,1678217715,972.952280,,,,true,,POST,http://20.210.36.32:8080/prediction/knn,HTTP/1.1,contacts,,200,,,http://20.210.36.32:8080/prediction/knn,,
http_req_receiving,1678217715,1.973208,,,,true,,POST,http://20.210.36.32:8080/prediction/knn,HTTP/1.1,contacts,,200,,,http://20.210.36.32:8080/prediction/knn,,
http_req_failed,1678217715,0.000000,,,,true,,POST,http://20.210.36.32:8080/prediction/knn,HTTP/1.1,contacts,,200,,,http://20.210.36.32:8080/prediction/knn,,
responseTime,1678217715,974.979288,,,,,,,,,contacts,,,,,,,
data_sent,1678217715,2088.000000,,,,,,,,,contacts,,,,,,,
data_received,1678217715,199.000000,,,,,,,,,contacts,,,,,,,
iteration_duration,1678217715,979.174307,,,,,,,,,contacts,,,,,,,
iterations,1678217715,1.000000,,,,,,,,,contacts,,,,,,,
vus,1678217715,54.000000,,,,,,,,,,,,,,,,
vus_max,1678217715,100.000000,,,,,,,,,,,,,,,,
http_reqs,1678217715,1.000000,,,,true,,POST,http://20.210.36.32:8080/prediction/knn,HTTP/1.1,contacts,,200,,,http://20.210.36.32:8080/prediction/knn,,
http_req_duration,1678217715,1060.799060,,,,true,,POST,http://20.210.36.32:8080/prediction/knn,HTTP/1.1,contacts,,200,,,http://20.210.36.32:8080/prediction/knn,,
http_req_blocked,1678217715,4.041019,,,,true,,POST,http://20.210.36.32:8080/prediction/knn,HTTP/1.1,contacts,,200,,,http://20.210.36.32:8080/prediction/knn,,
http_req_connecting,1678217715,3.962519,,,,true,,POST,http://20.210.36.32:8080/prediction/knn,HTTP/1.1,contacts,,200,,,http://20.210.36.32:8080/prediction/knn,,
http_req_tls_handshaking,1678217715,0.000000,,,,true,,POST,http://20.210.36.32:8080/prediction/knn,HTTP/1.1,contacts,,200,,,http://20.210.36.32:8080/prediction/knn,,
http_req_sending,1678217715,0.060300,,,,true,,POST,http://20.210.36.32:8080/prediction/knn,HTTP/1.1,contacts,,200,,,http://20.210.36.32:8080/prediction/knn,,
http_req_waiting,1678217715,1052.642726,,,,true,,POST,http://20.210.36.32:8080/prediction/knn,HTTP/1.1,contacts,,200,,,http://20.210.36.32:8080/prediction/knn,,
http_req_receiving,1678217715,8.096034,,,,true,,POST,http://20.210.36.32:8080/prediction/knn,HTTP/1.1,contacts,,200,,,http://20.210.36.32:8080/prediction/knn,,
http_req_failed,1678217715,0.000000,,,,true,,POST,http://20.210.36.32:8080/prediction/knn,HTTP/1.1,contacts,,200,,,http://20.210.36.32:8080/prediction/knn,,
responseTime,1678217715,1060.799060,,,,,,,,,contacts,,,,,,,
data_sent,1678217715,2088.000000,,,,,,,,,contacts,,,,,,,
data_received,1678217715,199.000000,,,,,,,,,contacts,,,,,,,
iteration_duration,1678217715,1065.251781,,,,,,,,,contacts,,,,,,,
iterations,1678217715,1.000000,,,,,,,,,contacts,,,,,,,
http_reqs,1678217715,1.000000,,,,true,,POST,http://20.210.36.32:8080/prediction/knn,HTTP/1.1,contacts,,200,,,http://20.210.36.32:8080/prediction/knn,,
http_req_duration,1678217715,976.038258,,,,true,,POST,http://20.210.36.32:8080/prediction/knn,HTTP/1.1,contacts,,200,,,http://20.210.36.32:8080/prediction/knn,,
http_req_blocked,1678217715,4.422621,,,,true,,POST,http://20.210.36.32:8080/prediction/knn,HTTP/1.1,contacts,,200,,,http://20.210.36.32:8080/prediction/knn,,
http_req_connecting,1678217715,4.346620,,,,true,,POST,http://20.210.36.32:8080/prediction/knn,HTTP/1.1,contacts,,200,,,http://20.210.36.32:8080/prediction/knn,,
http_req_tls_handshaking,1678217715,0.000000,,,,true,,POST,http://20.210.36.32:8080/prediction/knn,HTTP/1.1,contacts,,200,,,http://20.210.36.32:8080/prediction/knn,,
http_req_sending,1678217715,0.087101,,,,true,,POST,http://20.210.36.32:8080/prediction/knn,HTTP/1.1,contacts,,200,,,http://20.210.36.32:8080/prediction/knn,,
http_req_waiting,1678217715,974.905553,,,,true,,POST,http://20.210.36.32:8080/prediction/knn,HTTP/1.1,contacts,,200,,,http://20.210.36.32:8080/prediction/knn,,
http_req_receiving,1678217715,1.045604,,,,true,,POST,http://20.210.36.32:8080/prediction/knn,HTTP/1.1,contacts,,200,,,http://20.210.36.32:8080/prediction/knn,,
http_req_failed,1678217715,0.000000,,,,true,,POST,http://20.210.36.32:8080/prediction/knn,HTTP/1.1,contacts,,200,,,http://20.210.36.32:8080/prediction/knn,,
responseTime,1678217715,976.038258,,,,,,,,,contacts,,,,,,,
data_sent,1678217715,2088.000000,,,,,,,,,contacts,,,,,,,
data_received,1678217715,199.000000,,,,,,,,,contacts,,,,,,,
iteration_duration,1678217715,981.590683,,,,,,,,,contacts,,,,,,,
iterations,1678217715,1.000000,,,,,,,,,contacts,,,,,,,
http_reqs,1678217715,1.000000,,,,true,,POST,http://20.210.36.32:8080/prediction/knn,HTTP/1.1,contacts,,200,,,http://20.210.36.32:8080/prediction/knn,,
http_req_duration,1678217715,1029.206275,,,,true,,POST,http://20.210.36.32:8080/prediction/knn,HTTP/1.1,contacts,,200,,,http://20.210.36.32:8080/prediction/knn,,
http_req_blocked,1678217715,3.846118,,,,true,,POST,http://20.210.36.32:8080/prediction/knn,HTTP/1.1,contacts,,200,,,http://20.210.36.32:8080/prediction/knn,,
http_req_connecting,1678217715,3.766318,,,,true,,POST,http://20.210.36.32:8080/prediction/knn,HTTP/1.1,contacts,,200,,,http://20.210.36.32:8080/prediction/knn,,
http_req_tls_handshaking,1678217715,0.000000,,,,true,,POST,http://20.210.36.32:8080/prediction/knn,HTTP/1.1,contacts,,200,,,http://20.210.36.32:8080/prediction/knn,,
http_req_sending,1678217715,0.079200,,,,true,,POST,http://20.210.36.32:8080/prediction/knn,HTTP/1.1,contacts,,200,,,http://20.210.36.32:8080/prediction/knn,,
http_req_waiting,1678217715,1028.993174,,,,true,,POST,http://20.210.36.32:8080/prediction/knn,HTTP/1.1,contacts,,200,,,http://20.210.36.32:8080/prediction/knn,,
http_req_receiving,1678217715,0.133901,,,,true,,POST,http://20.210.36.32:8080/prediction/knn,HTTP/1.1,contacts,,200,,,http://20.210.36.32:8080/prediction/knn,,
http_req_failed,1678217715,0.000000,,,,true,,POST,http://20.210.36.32:8080/prediction/knn,HTTP/1.1,contacts,,200,,,http://20.210.36.32:8080/prediction/knn,,
responseTime,1678217715,1029.206275,,,,,,,,,contacts,,,,,,,
data_sent,1678217715,2088.000000,,,,,,,,,contacts,,,,,,,
data_received,1678217715,199.000000,,,,,,,,,contacts,,,,,,,
iteration_duration,1678217715,1033.505996,,,,,,,,,contacts,,,,,,,
iterations,1678217715,1.000000,,,,,,,,,contacts,,,,,,,
http_reqs,1678217715,1.000000,,,,true,,POST,http://20.210.36.32:8080/prediction/knn,HTTP/1.1,contacts,,200,,,http://20.210.36.32:8080/prediction/knn,,
http_req_duration,1678217715,1113.824371,,,,true,,POST,http://20.210.36.32:8080/prediction/knn,HTTP/1.1,contacts,,200,,,http://20.210.36.32:8080/prediction/knn,,
http_req_blocked,1678217715,4.356420,,,,true,,POST,http://20.210.36.32:8080/prediction/knn,HTTP/1.1,contacts,,200,,,http://20.210.36.32:8080/prediction/knn,,
http_req_connecting,1678217715,4.299120,,,,true,,POST,http://20.210.36.32:8080/prediction/knn,HTTP/1.1,contacts,,200,,,http://20.210.36.32:8080/prediction/knn,,
http_req_tls_handshaking,1678217715,0.000000,,,,true,,POST,http://20.210.36.32:8080/prediction/knn,HTTP/1.1,contacts,,200,,,http://20.210.36.32:8080/prediction/knn,,
http_req_sending,1678217715,0.063900,,,,true,,POST,http://20.210.36.32:8080/prediction/knn,HTTP/1.1,contacts,,200,,,http://20.210.36.32:8080/prediction/knn,,
http_req_waiting,1678217715,1113.680870,,,,true,,POST,http://20.210.36.32:8080/prediction/knn,HTTP/1.1,contacts,,200,,,http://20.210.36.32:8080/prediction/knn,,
http_req_receiving,1678217715,0.079601,,,,true,,POST,http://20.210.36.32:8080/prediction/knn,HTTP/1.1,contacts,,200,,,http://20.210.36.32:8080/prediction/knn,,
http_req_failed,1678217715,0.000000,,,,true,,POST,http://20.210.36.32:8080/prediction/knn,HTTP/1.1,contacts,,200,,,http://20.210.36.32:8080/prediction/knn,,
responseTime,1678217715,1113.824371,,,,,,,,,contacts,,,,,,,
data_sent,1678217715,2088.000000,,,,,,,,,contacts,,,,,,,
data_received,1678217715,199.000000,,,,,,,,,contacts,,,,,,,
iteration_duration,1678217715,1118.664093,,,,,,,,,contacts,,,,,,,
iterations,1678217715,1.000000,,,,,,,,,contacts,,,,,,,
http_reqs,1678217715,1.000000,,,,true,,POST,http://20.210.36.32:8080/prediction/knn,HTTP/1.1,contacts,,200,,,http://20.210.36.32:8080/prediction/knn,,
http_req_duration,1678217715,1008.568073,,,,true,,POST,http://20.210.36.32:8080/prediction/knn,HTTP/1.1,contacts,,200,,,http://20.210.36.32:8080/prediction/knn,,
http_req_blocked,1678217715,2.185210,,,,true,,POST,http://20.210.36.32:8080/prediction/knn,HTTP/1.1,contacts,,200,,,http://20.210.36.32:8080/prediction/knn,,
http_req_connecting,1678217715,2.119110,,,,true,,POST,http://20.210.36.32:8080/prediction/knn,HTTP/1.1,contacts,,200,,,http://20.210.36.32:8080/prediction/knn,,
http_req_tls_handshaking,1678217715,0.000000,,,,true,,POST,http://20.210.36.32:8080/prediction/knn,HTTP/1.1,contacts,,200,,,http://20.210.36.32:8080/prediction/knn,,
http_req_sending,1678217715,0.059300,,,,true,,POST,http://20.210.36.32:8080/prediction/knn,HTTP/1.1,contacts,,200,,,http://20.210.36.32:8080/prediction/knn,,
http_req_waiting,1678217715,1008.446472,,,,true,,POST,http://20.210.36.32:8080/prediction/knn,HTTP/1.1,contacts,,200,,,http://20.210.36.32:8080/prediction/knn,,
http_req_receiving,1678217715,0.062301,,,,true,,POST,http://20.210.36.32:8080/prediction/knn,HTTP/1.1,contacts,,200,,,http://20.210.36.32:8080/prediction/knn,,
http_req_failed,1678217715,0.000000,,,,true,,POST,http://20.210.36.32:8080/prediction/knn,HTTP/1.1,contacts,,200,,,http://20.210.36.32:8080/prediction/knn,,
http_reqs,1678217715,1.000000,,,,true,,POST,http://20.210.36.32:8080/prediction/knn,HTTP/1.1,contacts,,200,,,http://20.210.36.32:8080/prediction/knn,,
http_req_duration,1678217715,895.720440,,,,true,,POST,http://20.210.36.32:8080/prediction/knn,HTTP/1.1,contacts,,200,,,http://20.210.36.32:8080/prediction/knn,,
http_req_blocked,1678217715,2.393111,,,,true,,POST,http://20.210.36.32:8080/prediction/knn,HTTP/1.1,contacts,,200,,,http://20.210.36.32:8080/prediction/knn,,
http_req_connecting,1678217715,2.331411,,,,true,,POST,http://20.210.36.32:8080/prediction/knn,HTTP/1.1,contacts,,200,,,http://20.210.36.32:8080/prediction/knn,,
http_req_tls_handshaking,1678217715,0.000000,,,,true,,POST,http://20.210.36.32:8080/prediction/knn,HTTP/1.1,contacts,,200,,,http://20.210.36.32:8080/prediction/knn,,
http_req_sending,1678217715,0.057700,,,,true,,POST,http://20.210.36.32:8080/prediction/knn,HTTP/1.1,contacts,,200,,,http://20.210.36.32:8080/prediction/knn,,
http_req_waiting,1678217715,895.612139,,,,true,,POST,http://20.210.36.32:8080/prediction/knn,HTTP/1.1,contacts,,200,,,http://20.210.36.32:8080/prediction/knn,,
http_req_receiving,1678217715,0.050601,,,,true,,POST,http://20.210.36.32:8080/prediction/knn,HTTP/1.1,contacts,,200,,,http://20.210.36.32:8080/prediction/knn,,
http_req_failed,1678217715,0.000000,,,,true,,POST,http://20.210.36.32:8080/prediction/knn,HTTP/1.1,contacts,,200,,,http://20.210.36.32:8080/prediction/knn,,
responseTime,1678217715,1008.568073,,,,,,,,,contacts,,,,,,,
data_sent,1678217715,2088.000000,,,,,,,,,contacts,,,,,,,
data_received,1678217715,199.000000,,,,,,,,,contacts,,,,,,,
iteration_duration,1678217715,1011.233186,,,,,,,,,contacts,,,,,,,
iterations,1678217715,1.000000,,,,,,,,,contacts,,,,,,,
responseTime,1678217715,895.720440,,,,,,,,,contacts,,,,,,,
data_sent,1678217715,2088.000000,,,,,,,,,contacts,,,,,,,
data_received,1678217715,199.000000,,,,,,,,,contacts,,,,,,,
iteration_duration,1678217715,899.153656,,,,,,,,,contacts,,,,,,,
iterations,1678217715,1.000000,,,,,,,,,contacts,,,,,,,
http_reqs,1678217715,1.000000,,,,true,,POST,http://20.210.36.32:8080/prediction/knn,HTTP/1.1,contacts,,200,,,http://20.210.36.32:8080/prediction/knn,,
http_req_duration,1678217715,1038.602807,,,,true,,POST,http://20.210.36.32:8080/prediction/knn,HTTP/1.1,contacts,,200,,,http://20.210.36.32:8080/prediction/knn,,
http_req_blocked,1678217715,3.785518,,,,true,,POST,http://20.210.36.32:8080/prediction/knn,HTTP/1.1,contacts,,200,,,http://20.210.36.32:8080/prediction/knn,,
http_req_connecting,1678217715,3.719818,,,,true,,POST,http://20.210.36.32:8080/prediction/knn,HTTP/1.1,contacts,,200,,,http://20.210.36.32:8080/prediction/knn,,
http_req_tls_handshaking,1678217715,0.000000,,,,true,,POST,http://20.210.36.32:8080/prediction/knn,HTTP/1.1,contacts,,200,,,http://20.210.36.32:8080/prediction/knn,,
http_req_sending,1678217715,0.055300,,,,true,,POST,http://20.210.36.32:8080/prediction/knn,HTTP/1.1,contacts,,200,,,http://20.210.36.32:8080/prediction/knn,,
http_req_waiting,1678217715,1034.455890,,,,true,,POST,http://20.210.36.32:8080/prediction/knn,HTTP/1.1,contacts,,200,,,http://20.210.36.32:8080/prediction/knn,,
http_req_receiving,1678217715,4.091617,,,,true,,POST,http://20.210.36.32:8080/prediction/knn,HTTP/1.1,contacts,,200,,,http://20.210.36.32:8080/prediction/knn,,
http_req_failed,1678217715,0.000000,,,,true,,POST,http://20.210.36.32:8080/prediction/knn,HTTP/1.1,contacts,,200,,,http://20.210.36.32:8080/prediction/knn,,
responseTime,1678217715,1038.602807,,,,,,,,,contacts,,,,,,,
data_sent,1678217715,2088.000000,,,,,,,,,contacts,,,,,,,
data_received,1678217715,199.000000,,,,,,,,,contacts,,,,,,,
iteration_duration,1678217715,1042.853527,,,,,,,,,contacts,,,,,,,
iterations,1678217715,1.000000,,,,,,,,,contacts,,,,,,,
http_reqs,1678217715,1.000000,,,,true,,POST,http://20.210.36.32:8080/prediction/knn,HTTP/1.1,contacts,,200,,,http://20.210.36.32:8080/prediction/knn,,
http_req_duration,1678217715,1072.233156,,,,true,,POST,http://20.210.36.32:8080/prediction/knn,HTTP/1.1,contacts,,200,,,http://20.210.36.32:8080/prediction/knn,,
http_req_blocked,1678217715,3.698817,,,,true,,POST,http://20.210.36.32:8080/prediction/knn,HTTP/1.1,contacts,,200,,,http://20.210.36.32:8080/prediction/knn,,
http_req_connecting,1678217715,3.596417,,,,true,,POST,http://20.210.36.32:8080/prediction/knn,HTTP/1.1,contacts,,200,,,http://20.210.36.32:8080/prediction/knn,,
http_req_tls_handshaking,1678217715,0.000000,,,,true,,POST,http://20.210.36.32:8080/prediction/knn,HTTP/1.1,contacts,,200,,,http://20.210.36.32:8080/prediction/knn,,
http_req_sending,1678217715,0.106100,,,,true,,POST,http://20.210.36.32:8080/prediction/knn,HTTP/1.1,contacts,,200,,,http://20.210.36.32:8080/prediction/knn,,
http_req_waiting,1678217715,1065.304727,,,,true,,POST,http://20.210.36.32:8080/prediction/knn,HTTP/1.1,contacts,,200,,,http://20.210.36.32:8080/prediction/knn,,
http_req_receiving,1678217715,6.822329,,,,true,,POST,http://20.210.36.32:8080/prediction/knn,HTTP/1.1,contacts,,200,,,http://20.210.36.32:8080/prediction/knn,,
http_req_failed,1678217715,0.000000,,,,true,,POST,http://20.210.36.32:8080/prediction/knn,HTTP/1.1,contacts,,200,,,http://20.210.36.32:8080/prediction/knn,,
responseTime,1678217715,1072.233156,,,,,,,,,contacts,,,,,,,
data_sent,1678217715,2088.000000,,,,,,,,,contacts,,,,,,,
data_received,1678217715,199.000000,,,,,,,,,contacts,,,,,,,
iteration_duration,1678217715,1076.407576,,,,,,,,,contacts,,,,,,,
iterations,1678217715,1.000000,,,,,,,,,contacts,,,,,,,
http_reqs,1678217715,1.000000,,,,true,,POST,http://20.210.36.32:8080/prediction/knn,HTTP/1.1,contacts,,200,,,http://20.210.36.32:8080/prediction/knn,,
http_req_duration,1678217715,1050.272952,,,,true,,POST,http://20.210.36.32:8080/prediction/knn,HTTP/1.1,contacts,,200,,,http://20.210.36.32:8080/prediction/knn,,
http_req_blocked,1678217715,4.453221,,,,true,,POST,http://20.210.36.32:8080/prediction/knn,HTTP/1.1,contacts,,200,,,http://20.210.36.32:8080/prediction/knn,,
http_req_connecting,1678217715,4.342521,,,,true,,POST,http://20.210.36.32:8080/prediction/knn,HTTP/1.1,contacts,,200,,,http://20.210.36.32:8080/prediction/knn,,
http_req_tls_handshaking,1678217715,0.000000,,,,true,,POST,http://20.210.36.32:8080/prediction/knn,HTTP/1.1,contacts,,200,,,http://20.210.36.32:8080/prediction/knn,,
http_req_sending,1678217715,0.089200,,,,true,,POST,http://20.210.36.32:8080/prediction/knn,HTTP/1.1,contacts,,200,,,http://20.210.36.32:8080/prediction/knn,,
http_req_waiting,1678217715,1048.565846,,,,true,,POST,http://20.210.36.32:8080/prediction/knn,HTTP/1.1,contacts,,200,,,http://20.210.36.32:8080/prediction/knn,,
http_req_receiving,1678217715,1.617906,,,,true,,POST,http://20.210.36.32:8080/prediction/knn,HTTP/1.1,contacts,,200,,,http://20.210.36.32:8080/prediction/knn,,
http_req_failed,1678217715,0.000000,,,,true,,POST,http://20.210.36.32:8080/prediction/knn,HTTP/1.1,contacts,,200,,,http://20.210.36.32:8080/prediction/knn,,
responseTime,1678217715,1050.272952,,,,,,,,,contacts,,,,,,,
data_sent,1678217715,2088.000000,,,,,,,,,contacts,,,,,,,
data_received,1678217715,199.000000,,,,,,,,,contacts,,,,,,,
iteration_duration,1678217715,1055.374577,,,,,,,,,contacts,,,,,,,
iterations,1678217715,1.000000,,,,,,,,,contacts,,,,,,,
http_reqs,1678217715,1.000000,,,,true,,POST,http://20.210.36.32:8080/prediction/knn,HTTP/1.1,contacts,,200,,,http://20.210.36.32:8080/prediction/knn,,
http_req_duration,1678217715,1031.763460,,,,true,,POST,http://20.210.36.32:8080/prediction/knn,HTTP/1.1,contacts,,200,,,http://20.210.36.32:8080/prediction/knn,,
http_req_blocked,1678217715,2.272411,,,,true,,POST,http://20.210.36.32:8080/prediction/knn,HTTP/1.1,contacts,,200,,,http://20.210.36.32:8080/prediction/knn,,
http_req_connecting,1678217715,2.212711,,,,true,,POST,http://20.210.36.32:8080/prediction/knn,HTTP/1.1,contacts,,200,,,http://20.210.36.32:8080/prediction/knn,,
http_req_tls_handshaking,1678217715,0.000000,,,,true,,POST,http://20.210.36.32:8080/prediction/knn,HTTP/1.1,contacts,,200,,,http://20.210.36.32:8080/prediction/knn,,
http_req_sending,1678217715,0.070500,,,,true,,POST,http://20.210.36.32:8080/prediction/knn,HTTP/1.1,contacts,,200,,,http://20.210.36.32:8080/prediction/knn,,
http_req_waiting,1678217715,1031.601760,,,,true,,POST,http://20.210.36.32:8080/prediction/knn,HTTP/1.1,contacts,,200,,,http://20.210.36.32:8080/prediction/knn,,
http_req_receiving,1678217715,0.091200,,,,true,,POST,http://20.210.36.32:8080/prediction/knn,HTTP/1.1,contacts,,200,,,http://20.210.36.32:8080/prediction/knn,,
http_req_failed,1678217715,0.000000,,,,true,,POST,http://20.210.36.32:8080/prediction/knn,HTTP/1.1,contacts,,200,,,http://20.210.36.32:8080/prediction/knn,,
responseTime,1678217715,1031.763460,,,,,,,,,contacts,,,,,,,
data_sent,1678217715,2088.000000,,,,,,,,,contacts,,,,,,,
data_received,1678217715,199.000000,,,,,,,,,contacts,,,,,,,
iteration_duration,1678217715,1034.470873,,,,,,,,,contacts,,,,,,,
iterations,1678217715,1.000000,,,,,,,,,contacts,,,,,,,
http_reqs,1678217715,1.000000,,,,true,,POST,http://20.210.36.32:8080/prediction/knn,HTTP/1.1,contacts,,200,,,http://20.210.36.32:8080/prediction/knn,,
http_req_duration,1678217715,945.242549,,,,true,,POST,http://20.210.36.32:8080/prediction/knn,HTTP/1.1,contacts,,200,,,http://20.210.36.32:8080/prediction/knn,,
http_req_blocked,1678217715,1.967409,,,,true,,POST,http://20.210.36.32:8080/prediction/knn,HTTP/1.1,contacts,,200,,,http://20.210.36.32:8080/prediction/knn,,
http_req_connecting,1678217715,1.857309,,,,true,,POST,http://20.210.36.32:8080/prediction/knn,HTTP/1.1,contacts,,200,,,http://20.210.36.32:8080/prediction/knn,,
http_req_tls_handshaking,1678217715,0.000000,,,,true,,POST,http://20.210.36.32:8080/prediction/knn,HTTP/1.1,contacts,,200,,,http://20.210.36.32:8080/prediction/knn,,
http_req_sending,1678217715,0.039900,,,,true,,POST,http://20.210.36.32:8080/prediction/knn,HTTP/1.1,contacts,,200,,,http://20.210.36.32:8080/prediction/knn,,
http_req_waiting,1678217715,939.539225,,,,true,,POST,http://20.210.36.32:8080/prediction/knn,HTTP/1.1,contacts,,200,,,http://20.210.36.32:8080/prediction/knn,,
http_req_receiving,1678217715,5.663424,,,,true,,POST,http://20.210.36.32:8080/prediction/knn,HTTP/1.1,contacts,,200,,,http://20.210.36.32:8080/prediction/knn,,
http_req_failed,1678217715,0.000000,,,,true,,POST,http://20.210.36.32:8080/prediction/knn,HTTP/1.1,contacts,,200,,,http://20.210.36.32:8080/prediction/knn,,
responseTime,1678217715,945.242549,,,,,,,,,contacts,,,,,,,
data_sent,1678217715,2088.000000,,,,,,,,,contacts,,,,,,,
data_received,1678217715,199.000000,,,,,,,,,contacts,,,,,,,
iteration_duration,1678217715,947.835261,,,,,,,,,contacts,,,,,,,
iterations,1678217715,1.000000,,,,,,,,,contacts,,,,,,,
http_reqs,1678217715,1.000000,,,,true,,POST,http://20.210.36.32:8080/prediction/knn,HTTP/1.1,contacts,,200,,,http://20.210.36.32:8080/prediction/knn,,
http_req_duration,1678217715,973.710873,,,,true,,POST,http://20.210.36.32:8080/prediction/knn,HTTP/1.1,contacts,,200,,,http://20.210.36.32:8080/prediction/knn,,
http_req_blocked,1678217715,2.351111,,,,true,,POST,http://20.210.36.32:8080/prediction/knn,HTTP/1.1,contacts,,200,,,http://20.210.36.32:8080/prediction/knn,,
http_req_connecting,1678217715,2.254411,,,,true,,POST,http://20.210.36.32:8080/prediction/knn,HTTP/1.1,contacts,,200,,,http://20.210.36.32:8080/prediction/knn,,
http_req_tls_handshaking,1678217715,0.000000,,,,true,,POST,http://20.210.36.32:8080/prediction/knn,HTTP/1.1,contacts,,200,,,http://20.210.36.32:8080/prediction/knn,,
http_req_sending,1678217715,0.071600,,,,true,,POST,http://20.210.36.32:8080/prediction/knn,HTTP/1.1,contacts,,200,,,http://20.210.36.32:8080/prediction/knn,,
http_req_waiting,1678217715,973.493573,,,,true,,POST,http://20.210.36.32:8080/prediction/knn,HTTP/1.1,contacts,,200,,,http://20.210.36.32:8080/prediction/knn,,
http_req_receiving,1678217715,0.145700,,,,true,,POST,http://20.210.36.32:8080/prediction/knn,HTTP/1.1,contacts,,200,,,http://20.210.36.32:8080/prediction/knn,,
http_req_failed,1678217715,0.000000,,,,true,,POST,http://20.210.36.32:8080/prediction/knn,HTTP/1.1,contacts,,200,,,http://20.210.36.32:8080/prediction/knn,,
http_reqs,1678217715,1.000000,,,,true,,POST,http://20.210.36.32:8080/prediction/knn,HTTP/1.1,contacts,,200,,,http://20.210.36.32:8080/prediction/knn,,
http_req_duration,1678217715,912.534384,,,,true,,POST,http://20.210.36.32:8080/prediction/knn,HTTP/1.1,contacts,,200,,,http://20.210.36.32:8080/prediction/knn,,
http_req_blocked,1678217715,2.362511,,,,true,,POST,http://20.210.36.32:8080/prediction/knn,HTTP/1.1,contacts,,200,,,http://20.210.36.32:8080/prediction/knn,,
http_req_connecting,1678217715,2.253111,,,,true,,POST,http://20.210.36.32:8080/prediction/knn,HTTP/1.1,contacts,,200,,,http://20.210.36.32:8080/prediction/knn,,
http_req_tls_handshaking,1678217715,0.000000,,,,true,,POST,http://20.210.36.32:8080/prediction/knn,HTTP/1.1,contacts,,200,,,http://20.210.36.32:8080/prediction/knn,,
http_req_sending,1678217715,0.076000,,,,true,,POST,http://20.210.36.32:8080/prediction/knn,HTTP/1.1,contacts,,200,,,http://20.210.36.32:8080/prediction/knn,,
http_req_waiting,1678217715,912.373084,,,,true,,POST,http://20.210.36.32:8080/prediction/knn,HTTP/1.1,contacts,,200,,,http://20.210.36.32:8080/prediction/knn,,
http_req_receiving,1678217715,0.085300,,,,true,,POST,http://20.210.36.32:8080/prediction/knn,HTTP/1.1,contacts,,200,,,http://20.210.36.32:8080/prediction/knn,,
http_req_failed,1678217715,0.000000,,,,true,,POST,http://20.210.36.32:8080/prediction/knn,HTTP/1.1,contacts,,200,,,http://20.210.36.32:8080/prediction/knn,,
responseTime,1678217715,973.710873,,,,,,,,,contacts,,,,,,,
data_sent,1678217715,2088.000000,,,,,,,,,contacts,,,,,,,
data_received,1678217715,199.000000,,,,,,,,,contacts,,,,,,,
iteration_duration,1678217715,976.753187,,,,,,,,,contacts,,,,,,,
iterations,1678217715,1.000000,,,,,,,,,contacts,,,,,,,
responseTime,1678217715,912.534384,,,,,,,,,contacts,,,,,,,
data_sent,1678217715,2088.000000,,,,,,,,,contacts,,,,,,,
data_received,1678217715,199.000000,,,,,,,,,contacts,,,,,,,
iteration_duration,1678217715,916.106800,,,,,,,,,contacts,,,,,,,
iterations,1678217715,1.000000,,,,,,,,,contacts,,,,,,,
http_reqs,1678217715,1.000000,,,,true,,POST,http://20.210.36.32:8080/prediction/knn,HTTP/1.1,contacts,,200,,,http://20.210.36.32:8080/prediction/knn,,
http_req_duration,1678217715,992.593348,,,,true,,POST,http://20.210.36.32:8080/prediction/knn,HTTP/1.1,contacts,,200,,,http://20.210.36.32:8080/prediction/knn,,
http_req_blocked,1678217715,2.146210,,,,true,,POST,http://20.210.36.32:8080/prediction/knn,HTTP/1.1,contacts,,200,,,http://20.210.36.32:8080/prediction/knn,,
http_req_connecting,1678217715,1.915609,,,,true,,POST,http://20.210.36.32:8080/prediction/knn,HTTP/1.1,contacts,,200,,,http://20.210.36.32:8080/prediction/knn,,
http_req_tls_handshaking,1678217715,0.000000,,,,true,,POST,http://20.210.36.32:8080/prediction/knn,HTTP/1.1,contacts,,200,,,http://20.210.36.32:8080/prediction/knn,,
http_req_sending,1678217715,0.066000,,,,true,,POST,http://20.210.36.32:8080/prediction/knn,HTTP/1.1,contacts,,200,,,http://20.210.36.32:8080/prediction/knn,,
http_req_waiting,1678217715,992.460648,,,,true,,POST,http://20.210.36.32:8080/prediction/knn,HTTP/1.1,contacts,,200,,,http://20.210.36.32:8080/prediction/knn,,
http_req_receiving,1678217715,0.066700,,,,true,,POST,http://20.210.36.32:8080/prediction/knn,HTTP/1.1,contacts,,200,,,http://20.210.36.32:8080/prediction/knn,,
http_req_failed,1678217715,0.000000,,,,true,,POST,http://20.210.36.32:8080/prediction/knn,HTTP/1.1,contacts,,200,,,http://20.210.36.32:8080/prediction/knn,,
http_reqs,1678217715,1.000000,,,,true,,POST,http://20.210.36.32:8080/prediction/knn,HTTP/1.1,contacts,,200,,,http://20.210.36.32:8080/prediction/knn,,
http_req_duration,1678217715,992.975950,,,,true,,POST,http://20.210.36.32:8080/prediction/knn,HTTP/1.1,contacts,,200,,,http://20.210.36.32:8080/prediction/knn,,
http_req_blocked,1678217715,2.525512,,,,true,,POST,http://20.210.36.32:8080/prediction/knn,HTTP/1.1,contacts,,200,,,http://20.210.36.32:8080/prediction/knn,,
http_req_connecting,1678217715,2.475511,,,,true,,POST,http://20.210.36.32:8080/prediction/knn,HTTP/1.1,contacts,,200,,,http://20.210.36.32:8080/prediction/knn,,
http_req_tls_handshaking,1678217715,0.000000,,,,true,,POST,http://20.210.36.32:8080/prediction/knn,HTTP/1.1,contacts,,200,,,http://20.210.36.32:8080/prediction/knn,,
http_req_sending,1678217715,0.072901,,,,true,,POST,http://20.210.36.32:8080/prediction/knn,HTTP/1.1,contacts,,200,,,http://20.210.36.32:8080/prediction/knn,,
http_req_waiting,1678217715,991.792345,,,,true,,POST,http://20.210.36.32:8080/prediction/knn,HTTP/1.1,contacts,,200,,,http://20.210.36.32:8080/prediction/knn,,
http_req_receiving,1678217715,1.110704,,,,true,,POST,http://20.210.36.32:8080/prediction/knn,HTTP/1.1,contacts,,200,,,http://20.210.36.32:8080/prediction/knn,,
http_req_failed,1678217715,0.000000,,,,true,,POST,http://20.210.36.32:8080/prediction/knn,HTTP/1.1,contacts,,200,,,http://20.210.36.32:8080/prediction/knn,,
responseTime,1678217715,992.593348,,,,,,,,,contacts,,,,,,,
data_sent,1678217715,2088.000000,,,,,,,,,contacts,,,,,,,
data_received,1678217715,199.000000,,,,,,,,,contacts,,,,,,,
iteration_duration,1678217715,995.526962,,,,,,,,,contacts,,,,,,,
iterations,1678217715,1.000000,,,,,,,,,contacts,,,,,,,
responseTime,1678217715,992.975950,,,,,,,,,contacts,,,,,,,
data_sent,1678217715,2088.000000,,,,,,,,,contacts,,,,,,,
data_received,1678217715,199.000000,,,,,,,,,contacts,,,,,,,
iteration_duration,1678217715,996.063764,,,,,,,,,contacts,,,,,,,
iterations,1678217715,1.000000,,,,,,,,,contacts,,,,,,,
http_reqs,1678217715,1.000000,,,,true,,POST,http://20.210.36.32:8080/prediction/knn,HTTP/1.1,contacts,,200,,,http://20.210.36.32:8080/prediction/knn,,
http_req_duration,1678217715,976.832155,,,,true,,POST,http://20.210.36.32:8080/prediction/knn,HTTP/1.1,contacts,,200,,,http://20.210.36.32:8080/prediction/knn,,
http_req_blocked,1678217715,2.104310,,,,true,,POST,http://20.210.36.32:8080/prediction/knn,HTTP/1.1,contacts,,200,,,http://20.210.36.32:8080/prediction/knn,,
http_req_connecting,1678217715,2.005810,,,,true,,POST,http://20.210.36.32:8080/prediction/knn,HTTP/1.1,contacts,,200,,,http://20.210.36.32:8080/prediction/knn,,
http_req_tls_handshaking,1678217715,0.000000,,,,true,,POST,http://20.210.36.32:8080/prediction/knn,HTTP/1.1,contacts,,200,,,http://20.210.36.32:8080/prediction/knn,,
http_req_sending,1678217715,0.091000,,,,true,,POST,http://20.210.36.32:8080/prediction/knn,HTTP/1.1,contacts,,200,,,http://20.210.36.32:8080/prediction/knn,,
http_req_waiting,1678217715,976.652455,,,,true,,POST,http://20.210.36.32:8080/prediction/knn,HTTP/1.1,contacts,,200,,,http://20.210.36.32:8080/prediction/knn,,
http_req_receiving,1678217715,0.088700,,,,true,,POST,http://20.210.36.32:8080/prediction/knn,HTTP/1.1,contacts,,200,,,http://20.210.36.32:8080/prediction/knn,,
http_req_failed,1678217715,0.000000,,,,true,,POST,http://20.210.36.32:8080/prediction/knn,HTTP/1.1,contacts,,200,,,http://20.210.36.32:8080/prediction/knn,,
responseTime,1678217715,976.832155,,,,,,,,,contacts,,,,,,,
data_sent,1678217715,2088.000000,,,,,,,,,contacts,,,,,,,
data_received,1678217715,199.000000,,,,,,,,,contacts,,,,,,,
iteration_duration,1678217715,979.344267,,,,,,,,,contacts,,,,,,,
iterations,1678217715,1.000000,,,,,,,,,contacts,,,,,,,
http_reqs,1678217715,1.000000,,,,true,,POST,http://20.210.36.32:8080/prediction/knn,HTTP/1.1,contacts,,200,,,http://20.210.36.32:8080/prediction/knn,,
http_req_duration,1678217715,968.110908,,,,true,,POST,http://20.210.36.32:8080/prediction/knn,HTTP/1.1,contacts,,200,,,http://20.210.36.32:8080/prediction/knn,,
http_req_blocked,1678217715,2.047810,,,,true,,POST,http://20.210.36.32:8080/prediction/knn,HTTP/1.1,contacts,,200,,,http://20.210.36.32:8080/prediction/knn,,
http_req_connecting,1678217715,1.975209,,,,true,,POST,http://20.210.36.32:8080/prediction/knn,HTTP/1.1,contacts,,200,,,http://20.210.36.32:8080/prediction/knn,,
http_req_tls_handshaking,1678217715,0.000000,,,,true,,POST,http://20.210.36.32:8080/prediction/knn,HTTP/1.1,contacts,,200,,,http://20.210.36.32:8080/prediction/knn,,
http_req_sending,1678217715,0.084201,,,,true,,POST,http://20.210.36.32:8080/prediction/knn,HTTP/1.1,contacts,,200,,,http://20.210.36.32:8080/prediction/knn,,
http_req_waiting,1678217715,967.896506,,,,true,,POST,http://20.210.36.32:8080/prediction/knn,HTTP/1.1,contacts,,200,,,http://20.210.36.32:8080/prediction/knn,,
http_req_receiving,1678217715,0.130201,,,,true,,POST,http://20.210.36.32:8080/prediction/knn,HTTP/1.1,contacts,,200,,,http://20.210.36.32:8080/prediction/knn,,
http_req_failed,1678217715,0.000000,,,,true,,POST,http://20.210.36.32:8080/prediction/knn,HTTP/1.1,contacts,,200,,,http://20.210.36.32:8080/prediction/knn,,
responseTime,1678217715,968.110908,,,,,,,,,contacts,,,,,,,
data_sent,1678217715,2088.000000,,,,,,,,,contacts,,,,,,,
data_received,1678217715,199.000000,,,,,,,,,contacts,,,,,,,
iteration_duration,1678217715,970.844220,,,,,,,,,contacts,,,,,,,
iterations,1678217715,1.000000,,,,,,,,,contacts,,,,,,,
http_reqs,1678217715,1.000000,,,,true,,POST,http://20.210.36.32:8080/prediction/knn,HTTP/1.1,contacts,,200,,,http://20.210.36.32:8080/prediction/knn,,
http_req_duration,1678217715,936.215747,,,,true,,POST,http://20.210.36.32:8080/prediction/knn,HTTP/1.1,contacts,,200,,,http://20.210.36.32:8080/prediction/knn,,
http_req_blocked,1678217715,2.126110,,,,true,,POST,http://20.210.36.32:8080/prediction/knn,HTTP/1.1,contacts,,200,,,http://20.210.36.32:8080/prediction/knn,,
http_req_connecting,1678217715,2.031810,,,,true,,POST,http://20.210.36.32:8080/prediction/knn,HTTP/1.1,contacts,,200,,,http://20.210.36.32:8080/prediction/knn,,
http_req_tls_handshaking,1678217715,0.000000,,,,true,,POST,http://20.210.36.32:8080/prediction/knn,HTTP/1.1,contacts,,200,,,http://20.210.36.32:8080/prediction/knn,,
http_req_sending,1678217715,0.075700,,,,true,,POST,http://20.210.36.32:8080/prediction/knn,HTTP/1.1,contacts,,200,,,http://20.210.36.32:8080/prediction/knn,,
http_req_waiting,1678217715,933.145234,,,,true,,POST,http://20.210.36.32:8080/prediction/knn,HTTP/1.1,contacts,,200,,,http://20.210.36.32:8080/prediction/knn,,
http_req_receiving,1678217715,2.994813,,,,true,,POST,http://20.210.36.32:8080/prediction/knn,HTTP/1.1,contacts,,200,,,http://20.210.36.32:8080/prediction/knn,,
http_req_failed,1678217715,0.000000,,,,true,,POST,http://20.210.36.32:8080/prediction/knn,HTTP/1.1,contacts,,200,,,http://20.210.36.32:8080/prediction/knn,,
responseTime,1678217715,936.215747,,,,,,,,,contacts,,,,,,,
data_sent,1678217715,2088.000000,,,,,,,,,contacts,,,,,,,
data_received,1678217715,199.000000,,,,,,,,,contacts,,,,,,,
iteration_duration,1678217715,938.967659,,,,,,,,,contacts,,,,,,,
iterations,1678217715,1.000000,,,,,,,,,contacts,,,,,,,
http_reqs,1678217715,1.000000,,,,true,,POST,http://20.210.36.32:8080/prediction/knn,HTTP/1.1,contacts,,200,,,http://20.210.36.32:8080/prediction/knn,,
http_req_duration,1678217715,1002.908557,,,,true,,POST,http://20.210.36.32:8080/prediction/knn,HTTP/1.1,contacts,,200,,,http://20.210.36.32:8080/prediction/knn,,
http_req_blocked,1678217715,2.141210,,,,true,,POST,http://20.210.36.32:8080/prediction/knn,HTTP/1.1,contacts,,200,,,http://20.210.36.32:8080/prediction/knn,,
http_req_connecting,1678217715,2.010610,,,,true,,POST,http://20.210.36.32:8080/prediction/knn,HTTP/1.1,contacts,,200,,,http://20.210.36.32:8080/prediction/knn,,
http_req_tls_handshaking,1678217715,0.000000,,,,true,,POST,http://20.210.36.32:8080/prediction/knn,HTTP/1.1,contacts,,200,,,http://20.210.36.32:8080/prediction/knn,,
http_req_sending,1678217715,0.069000,,,,true,,POST,http://20.210.36.32:8080/prediction/knn,HTTP/1.1,contacts,,200,,,http://20.210.36.32:8080/prediction/knn,,
http_req_waiting,1678217715,1001.407651,,,,true,,POST,http://20.210.36.32:8080/prediction/knn,HTTP/1.1,contacts,,200,,,http://20.210.36.32:8080/prediction/knn,,
http_req_receiving,1678217715,1.431906,,,,true,,POST,http://20.210.36.32:8080/prediction/knn,HTTP/1.1,contacts,,200,,,http://20.210.36.32:8080/prediction/knn,,
http_req_failed,1678217715,0.000000,,,,true,,POST,http://20.210.36.32:8080/prediction/knn,HTTP/1.1,contacts,,200,,,http://20.210.36.32:8080/prediction/knn,,
responseTime,1678217715,1002.908557,,,,,,,,,contacts,,,,,,,
data_sent,1678217715,2088.000000,,,,,,,,,contacts,,,,,,,
data_received,1678217715,199.000000,,,,,,,,,contacts,,,,,,,
iteration_duration,1678217715,1005.451469,,,,,,,,,contacts,,,,,,,
iterations,1678217715,1.000000,,,,,,,,,contacts,,,,,,,
http_reqs,1678217715,1.000000,,,,true,,POST,http://20.210.36.32:8080/prediction/knn,HTTP/1.1,contacts,,200,,,http://20.210.36.32:8080/prediction/knn,,
http_req_duration,1678217715,1011.575994,,,,true,,POST,http://20.210.36.32:8080/prediction/knn,HTTP/1.1,contacts,,200,,,http://20.210.36.32:8080/prediction/knn,,
http_req_blocked,1678217715,1.906809,,,,true,,POST,http://20.210.36.32:8080/prediction/knn,HTTP/1.1,contacts,,200,,,http://20.210.36.32:8080/prediction/knn,,
http_req_connecting,1678217715,1.848808,,,,true,,POST,http://20.210.36.32:8080/prediction/knn,HTTP/1.1,contacts,,200,,,http://20.210.36.32:8080/prediction/knn,,
http_req_tls_handshaking,1678217715,0.000000,,,,true,,POST,http://20.210.36.32:8080/prediction/knn,HTTP/1.1,contacts,,200,,,http://20.210.36.32:8080/prediction/knn,,
http_req_sending,1678217715,0.071601,,,,true,,POST,http://20.210.36.32:8080/prediction/knn,HTTP/1.1,contacts,,200,,,http://20.210.36.32:8080/prediction/knn,,
http_req_waiting,1678217715,1011.423793,,,,true,,POST,http://20.210.36.32:8080/prediction/knn,HTTP/1.1,contacts,,200,,,http://20.210.36.32:8080/prediction/knn,,
http_req_receiving,1678217715,0.080600,,,,true,,POST,http://20.210.36.32:8080/prediction/knn,HTTP/1.1,contacts,,200,,,http://20.210.36.32:8080/prediction/knn,,
http_req_failed,1678217715,0.000000,,,,true,,POST,http://20.210.36.32:8080/prediction/knn,HTTP/1.1,contacts,,200,,,http://20.210.36.32:8080/prediction/knn,,
responseTime,1678217715,1011.575994,,,,,,,,,contacts,,,,,,,
data_sent,1678217715,2088.000000,,,,,,,,,contacts,,,,,,,
data_received,1678217715,199.000000,,,,,,,,,contacts,,,,,,,
iteration_duration,1678217715,1013.802105,,,,,,,,,contacts,,,,,,,
iterations,1678217715,1.000000,,,,,,,,,contacts,,,,,,,
http_reqs,1678217715,1.000000,,,,true,,POST,http://20.210.36.32:8080/prediction/knn,HTTP/1.1,contacts,,200,,,http://20.210.36.32:8080/prediction/knn,,
http_req_duration,1678217715,955.105291,,,,true,,POST,http://20.210.36.32:8080/prediction/knn,HTTP/1.1,contacts,,200,,,http://20.210.36.32:8080/prediction/knn,,
http_req_blocked,1678217715,2.434112,,,,true,,POST,http://20.210.36.32:8080/prediction/knn,HTTP/1.1,contacts,,200,,,http://20.210.36.32:8080/prediction/knn,,
http_req_connecting,1678217715,2.367712,,,,true,,POST,http://20.210.36.32:8080/prediction/knn,HTTP/1.1,contacts,,200,,,http://20.210.36.32:8080/prediction/knn,,
http_req_tls_handshaking,1678217715,0.000000,,,,true,,POST,http://20.210.36.32:8080/prediction/knn,HTTP/1.1,contacts,,200,,,http://20.210.36.32:8080/prediction/knn,,
http_req_sending,1678217715,0.109400,,,,true,,POST,http://20.210.36.32:8080/prediction/knn,HTTP/1.1,contacts,,200,,,http://20.210.36.32:8080/prediction/knn,,
http_req_waiting,1678217715,954.895691,,,,true,,POST,http://20.210.36.32:8080/prediction/knn,HTTP/1.1,contacts,,200,,,http://20.210.36.32:8080/prediction/knn,,
http_req_receiving,1678217715,0.100200,,,,true,,POST,http://20.210.36.32:8080/prediction/knn,HTTP/1.1,contacts,,200,,,http://20.210.36.32:8080/prediction/knn,,
http_req_failed,1678217715,0.000000,,,,true,,POST,http://20.210.36.32:8080/prediction/knn,HTTP/1.1,contacts,,200,,,http://20.210.36.32:8080/prediction/knn,,
responseTime,1678217715,955.105291,,,,,,,,,contacts,,,,,,,
data_sent,1678217715,2088.000000,,,,,,,,,contacts,,,,,,,
data_received,1678217715,199.000000,,,,,,,,,contacts,,,,,,,
iteration_duration,1678217715,958.137106,,,,,,,,,contacts,,,,,,,
iterations,1678217715,1.000000,,,,,,,,,contacts,,,,,,,
http_reqs,1678217715,1.000000,,,,true,,POST,http://20.210.36.32:8080/prediction/knn,HTTP/1.1,contacts,,200,,,http://20.210.36.32:8080/prediction/knn,,
http_req_duration,1678217715,992.008463,,,,true,,POST,http://20.210.36.32:8080/prediction/knn,HTTP/1.1,contacts,,200,,,http://20.210.36.32:8080/prediction/knn,,
http_req_blocked,1678217715,2.200710,,,,true,,POST,http://20.210.36.32:8080/prediction/knn,HTTP/1.1,contacts,,200,,,http://20.210.36.32:8080/prediction/knn,,
http_req_connecting,1678217715,2.085910,,,,true,,POST,http://20.210.36.32:8080/prediction/knn,HTTP/1.1,contacts,,200,,,http://20.210.36.32:8080/prediction/knn,,
http_req_tls_handshaking,1678217715,0.000000,,,,true,,POST,http://20.210.36.32:8080/prediction/knn,HTTP/1.1,contacts,,200,,,http://20.210.36.32:8080/prediction/knn,,
http_req_sending,1678217715,0.077400,,,,true,,POST,http://20.210.36.32:8080/prediction/knn,HTTP/1.1,contacts,,200,,,http://20.210.36.32:8080/prediction/knn,,
http_req_waiting,1678217715,991.847762,,,,true,,POST,http://20.210.36.32:8080/prediction/knn,HTTP/1.1,contacts,,200,,,http://20.210.36.32:8080/prediction/knn,,
http_req_receiving,1678217715,0.083301,,,,true,,POST,http://20.210.36.32:8080/prediction/knn,HTTP/1.1,contacts,,200,,,http://20.210.36.32:8080/prediction/knn,,
http_req_failed,1678217715,0.000000,,,,true,,POST,http://20.210.36.32:8080/prediction/knn,HTTP/1.1,contacts,,200,,,http://20.210.36.32:8080/prediction/knn,,
responseTime,1678217715,992.008463,,,,,,,,,contacts,,,,,,,
data_sent,1678217715,2088.000000,,,,,,,,,contacts,,,,,,,
data_received,1678217715,199.000000,,,,,,,,,contacts,,,,,,,
iteration_duration,1678217715,994.639375,,,,,,,,,contacts,,,,,,,
iterations,1678217715,1.000000,,,,,,,,,contacts,,,,,,,
http_reqs,1678217715,1.000000,,,,true,,POST,http://20.210.36.32:8080/prediction/knn,HTTP/1.1,contacts,,200,,,http://20.210.36.32:8080/prediction/knn,,
http_req_duration,1678217715,892.547293,,,,true,,POST,http://20.210.36.32:8080/prediction/knn,HTTP/1.1,contacts,,200,,,http://20.210.36.32:8080/prediction/knn,,
http_req_blocked,1678217715,3.134415,,,,true,,POST,http://20.210.36.32:8080/prediction/knn,HTTP/1.1,contacts,,200,,,http://20.210.36.32:8080/prediction/knn,,
http_req_connecting,1678217715,3.057214,,,,true,,POST,http://20.210.36.32:8080/prediction/knn,HTTP/1.1,contacts,,200,,,http://20.210.36.32:8080/prediction/knn,,
http_req_tls_handshaking,1678217715,0.000000,,,,true,,POST,http://20.210.36.32:8080/prediction/knn,HTTP/1.1,contacts,,200,,,http://20.210.36.32:8080/prediction/knn,,
http_req_sending,1678217715,0.089600,,,,true,,POST,http://20.210.36.32:8080/prediction/knn,HTTP/1.1,contacts,,200,,,http://20.210.36.32:8080/prediction/knn,,
http_req_waiting,1678217715,892.321292,,,,true,,POST,http://20.210.36.32:8080/prediction/knn,HTTP/1.1,contacts,,200,,,http://20.210.36.32:8080/prediction/knn,,
http_req_receiving,1678217715,0.136401,,,,true,,POST,http://20.210.36.32:8080/prediction/knn,HTTP/1.1,contacts,,200,,,http://20.210.36.32:8080/prediction/knn,,
http_req_failed,1678217715,0.000000,,,,true,,POST,http://20.210.36.32:8080/prediction/knn,HTTP/1.1,contacts,,200,,,http://20.210.36.32:8080/prediction/knn,,
responseTime,1678217715,892.547293,,,,,,,,,contacts,,,,,,,
data_sent,1678217715,2088.000000,,,,,,,,,contacts,,,,,,,
data_received,1678217715,199.000000,,,,,,,,,contacts,,,,,,,
iteration_duration,1678217715,896.182909,,,,,,,,,contacts,,,,,,,
iterations,1678217715,1.000000,,,,,,,,,contacts,,,,,,,
http_reqs,1678217715,1.000000,,,,true,,POST,http://20.210.36.32:8080/prediction/knn,HTTP/1.1,contacts,,200,,,http://20.210.36.32:8080/prediction/knn,,
http_req_duration,1678217715,917.044691,,,,true,,POST,http://20.210.36.32:8080/prediction/knn,HTTP/1.1,contacts,,200,,,http://20.210.36.32:8080/prediction/knn,,
http_req_blocked,1678217715,3.400916,,,,true,,POST,http://20.210.36.32:8080/prediction/knn,HTTP/1.1,contacts,,200,,,http://20.210.36.32:8080/prediction/knn,,
http_req_connecting,1678217715,3.337216,,,,true,,POST,http://20.210.36.32:8080/prediction/knn,HTTP/1.1,contacts,,200,,,http://20.210.36.32:8080/prediction/knn,,
http_req_tls_handshaking,1678217715,0.000000,,,,true,,POST,http://20.210.36.32:8080/prediction/knn,HTTP/1.1,contacts,,200,,,http://20.210.36.32:8080/prediction/knn,,
http_req_sending,1678217715,0.075500,,,,true,,POST,http://20.210.36.32:8080/prediction/knn,HTTP/1.1,contacts,,200,,,http://20.210.36.32:8080/prediction/knn,,
http_req_waiting,1678217715,916.887391,,,,true,,POST,http://20.210.36.32:8080/prediction/knn,HTTP/1.1,contacts,,200,,,http://20.210.36.32:8080/prediction/knn,,
http_req_receiving,1678217715,0.081800,,,,true,,POST,http://20.210.36.32:8080/prediction/knn,HTTP/1.1,contacts,,200,,,http://20.210.36.32:8080/prediction/knn,,
http_req_failed,1678217715,0.000000,,,,true,,POST,http://20.210.36.32:8080/prediction/knn,HTTP/1.1,contacts,,200,,,http://20.210.36.32:8080/prediction/knn,,
responseTime,1678217715,917.044691,,,,,,,,,contacts,,,,,,,
data_sent,1678217715,2088.000000,,,,,,,,,contacts,,,,,,,
data_received,1678217715,199.000000,,,,,,,,,contacts,,,,,,,
iteration_duration,1678217715,921.167211,,,,,,,,,contacts,,,,,,,
iterations,1678217715,1.000000,,,,,,,,,contacts,,,,,,,
http_reqs,1678217715,1.000000,,,,true,,POST,http://20.210.36.32:8080/prediction/knn,HTTP/1.1,contacts,,200,,,http://20.210.36.32:8080/prediction/knn,,
http_req_duration,1678217715,972.893152,,,,true,,POST,http://20.210.36.32:8080/prediction/knn,HTTP/1.1,contacts,,200,,,http://20.210.36.32:8080/prediction/knn,,
http_req_blocked,1678217715,2.268710,,,,true,,POST,http://20.210.36.32:8080/prediction/knn,HTTP/1.1,contacts,,200,,,http://20.210.36.32:8080/prediction/knn,,
http_req_connecting,1678217715,2.202910,,,,true,,POST,http://20.210.36.32:8080/prediction/knn,HTTP/1.1,contacts,,200,,,http://20.210.36.32:8080/prediction/knn,,
http_req_tls_handshaking,1678217715,0.000000,,,,true,,POST,http://20.210.36.32:8080/prediction/knn,HTTP/1.1,contacts,,200,,,http://20.210.36.32:8080/prediction/knn,,
http_req_sending,1678217715,0.094301,,,,true,,POST,http://20.210.36.32:8080/prediction/knn,HTTP/1.1,contacts,,200,,,http://20.210.36.32:8080/prediction/knn,,
http_req_waiting,1678217715,972.696650,,,,true,,POST,http://20.210.36.32:8080/prediction/knn,HTTP/1.1,contacts,,200,,,http://20.210.36.32:8080/prediction/knn,,
http_req_receiving,1678217715,0.102201,,,,true,,POST,http://20.210.36.32:8080/prediction/knn,HTTP/1.1,contacts,,200,,,http://20.210.36.32:8080/prediction/knn,,
http_req_failed,1678217715,0.000000,,,,true,,POST,http://20.210.36.32:8080/prediction/knn,HTTP/1.1,contacts,,200,,,http://20.210.36.32:8080/prediction/knn,,
responseTime,1678217715,972.893152,,,,,,,,,contacts,,,,,,,
data_sent,1678217715,2088.000000,,,,,,,,,contacts,,,,,,,
data_received,1678217715,199.000000,,,,,,,,,contacts,,,,,,,
iteration_duration,1678217715,975.759865,,,,,,,,,contacts,,,,,,,
iterations,1678217715,1.000000,,,,,,,,,contacts,,,,,,,
http_reqs,1678217715,1.000000,,,,true,,POST,http://20.210.36.32:8080/prediction/knn,HTTP/1.1,contacts,,200,,,http://20.210.36.32:8080/prediction/knn,,
http_req_duration,1678217715,891.926769,,,,true,,POST,http://20.210.36.32:8080/prediction/knn,HTTP/1.1,contacts,,200,,,http://20.210.36.32:8080/prediction/knn,,
http_req_blocked,1678217715,2.208510,,,,true,,POST,http://20.210.36.32:8080/prediction/knn,HTTP/1.1,contacts,,200,,,http://20.210.36.32:8080/prediction/knn,,
http_req_connecting,1678217715,2.114110,,,,true,,POST,http://20.210.36.32:8080/prediction/knn,HTTP/1.1,contacts,,200,,,http://20.210.36.32:8080/prediction/knn,,
http_req_tls_handshaking,1678217715,0.000000,,,,true,,POST,http://20.210.36.32:8080/prediction/knn,HTTP/1.1,contacts,,200,,,http://20.210.36.32:8080/prediction/knn,,
http_req_sending,1678217715,0.102200,,,,true,,POST,http://20.210.36.32:8080/prediction/knn,HTTP/1.1,contacts,,200,,,http://20.210.36.32:8080/prediction/knn,,
http_req_waiting,1678217715,889.590159,,,,true,,POST,http://20.210.36.32:8080/prediction/knn,HTTP/1.1,contacts,,200,,,http://20.210.36.32:8080/prediction/knn,,
http_req_receiving,1678217715,2.234410,,,,true,,POST,http://20.210.36.32:8080/prediction/knn,HTTP/1.1,contacts,,200,,,http://20.210.36.32:8080/prediction/knn,,
http_req_failed,1678217715,0.000000,,,,true,,POST,http://20.210.36.32:8080/prediction/knn,HTTP/1.1,contacts,,200,,,http://20.210.36.32:8080/prediction/knn,,
responseTime,1678217715,891.926769,,,,,,,,,contacts,,,,,,,
data_sent,1678217715,2088.000000,,,,,,,,,contacts,,,,,,,
data_received,1678217715,199.000000,,,,,,,,,contacts,,,,,,,
iteration_duration,1678217715,894.590082,,,,,,,,,contacts,,,,,,,
iterations,1678217715,1.000000,,,,,,,,,contacts,,,,,,,
http_reqs,1678217715,1.000000,,,,true,,POST,http://20.210.36.32:8080/prediction/knn,HTTP/1.1,contacts,,200,,,http://20.210.36.32:8080/prediction/knn,,
http_req_duration,1678217715,1005.998207,,,,true,,POST,http://20.210.36.32:8080/prediction/knn,HTTP/1.1,contacts,,200,,,http://20.210.36.32:8080/prediction/knn,,
http_req_blocked,1678217715,2.139110,,,,true,,POST,http://20.210.36.32:8080/prediction/knn,HTTP/1.1,contacts,,200,,,http://20.210.36.32:8080/prediction/knn,,
http_req_connecting,1678217715,2.061310,,,,true,,POST,http://20.210.36.32:8080/prediction/knn,HTTP/1.1,contacts,,200,,,http://20.210.36.32:8080/prediction/knn,,
http_req_tls_handshaking,1678217715,0.000000,,,,true,,POST,http://20.210.36.32:8080/prediction/knn,HTTP/1.1,contacts,,200,,,http://20.210.36.32:8080/prediction/knn,,
http_req_sending,1678217715,0.091500,,,,true,,POST,http://20.210.36.32:8080/prediction/knn,HTTP/1.1,contacts,,200,,,http://20.210.36.32:8080/prediction/knn,,
http_req_waiting,1678217715,1004.492501,,,,true,,POST,http://20.210.36.32:8080/prediction/knn,HTTP/1.1,contacts,,200,,,http://20.210.36.32:8080/prediction/knn,,
http_req_receiving,1678217715,1.414206,,,,true,,POST,http://20.210.36.32:8080/prediction/knn,HTTP/1.1,contacts,,200,,,http://20.210.36.32:8080/prediction/knn,,
http_req_failed,1678217715,0.000000,,,,true,,POST,http://20.210.36.32:8080/prediction/knn,HTTP/1.1,contacts,,200,,,http://20.210.36.32:8080/prediction/knn,,
responseTime,1678217715,1005.998207,,,,,,,,,contacts,,,,,,,
data_sent,1678217715,2088.000000,,,,,,,,,contacts,,,,,,,
data_received,1678217715,199.000000,,,,,,,,,contacts,,,,,,,
iteration_duration,1678217715,1009.099122,,,,,,,,,contacts,,,,,,,
iterations,1678217715,1.000000,,,,,,,,,contacts,,,,,,,
http_reqs,1678217715,1.000000,,,,true,,POST,http://20.210.36.32:8080/prediction/knn,HTTP/1.1,contacts,,200,,,http://20.210.36.32:8080/prediction/knn,,
http_req_duration,1678217715,932.846361,,,,true,,POST,http://20.210.36.32:8080/prediction/knn,HTTP/1.1,contacts,,200,,,http://20.210.36.32:8080/prediction/knn,,
http_req_blocked,1678217715,2.001609,,,,true,,POST,http://20.210.36.32:8080/prediction/knn,HTTP/1.1,contacts,,200,,,http://20.210.36.32:8080/prediction/knn,,
http_req_connecting,1678217715,1.917209,,,,true,,POST,http://20.210.36.32:8080/prediction/knn,HTTP/1.1,contacts,,200,,,http://20.210.36.32:8080/prediction/knn,,
http_req_tls_handshaking,1678217715,0.000000,,,,true,,POST,http://20.210.36.32:8080/prediction/knn,HTTP/1.1,contacts,,200,,,http://20.210.36.32:8080/prediction/knn,,
http_req_sending,1678217715,0.099600,,,,true,,POST,http://20.210.36.32:8080/prediction/knn,HTTP/1.1,contacts,,200,,,http://20.210.36.32:8080/prediction/knn,,
http_req_waiting,1678217715,931.324455,,,,true,,POST,http://20.210.36.32:8080/prediction/knn,HTTP/1.1,contacts,,200,,,http://20.210.36.32:8080/prediction/knn,,
http_req_receiving,1678217715,1.422306,,,,true,,POST,http://20.210.36.32:8080/prediction/knn,HTTP/1.1,contacts,,200,,,http://20.210.36.32:8080/prediction/knn,,
http_req_failed,1678217715,0.000000,,,,true,,POST,http://20.210.36.32:8080/prediction/knn,HTTP/1.1,contacts,,200,,,http://20.210.36.32:8080/prediction/knn,,
responseTime,1678217715,932.846361,,,,,,,,,contacts,,,,,,,
data_sent,1678217715,2088.000000,,,,,,,,,contacts,,,,,,,
data_received,1678217715,199.000000,,,,,,,,,contacts,,,,,,,
iteration_duration,1678217715,935.253372,,,,,,,,,contacts,,,,,,,
iterations,1678217715,1.000000,,,,,,,,,contacts,,,,,,,
http_reqs,1678217716,1.000000,,,,true,,POST,http://20.210.36.32:8080/prediction/knn,HTTP/1.1,contacts,,200,,,http://20.210.36.32:8080/prediction/knn,,
http_req_duration,1678217716,969.320495,,,,true,,POST,http://20.210.36.32:8080/prediction/knn,HTTP/1.1,contacts,,200,,,http://20.210.36.32:8080/prediction/knn,,
http_req_blocked,1678217716,2.124310,,,,true,,POST,http://20.210.36.32:8080/prediction/knn,HTTP/1.1,contacts,,200,,,http://20.210.36.32:8080/prediction/knn,,
http_req_connecting,1678217716,2.071310,,,,true,,POST,http://20.210.36.32:8080/prediction/knn,HTTP/1.1,contacts,,200,,,http://20.210.36.32:8080/prediction/knn,,
http_req_tls_handshaking,1678217716,0.000000,,,,true,,POST,http://20.210.36.32:8080/prediction/knn,HTTP/1.1,contacts,,200,,,http://20.210.36.32:8080/prediction/knn,,
http_req_sending,1678217716,0.061500,,,,true,,POST,http://20.210.36.32:8080/prediction/knn,HTTP/1.1,contacts,,200,,,http://20.210.36.32:8080/prediction/knn,,
http_req_waiting,1678217716,969.149395,,,,true,,POST,http://20.210.36.32:8080/prediction/knn,HTTP/1.1,contacts,,200,,,http://20.210.36.32:8080/prediction/knn,,
http_req_receiving,1678217716,0.109600,,,,true,,POST,http://20.210.36.32:8080/prediction/knn,HTTP/1.1,contacts,,200,,,http://20.210.36.32:8080/prediction/knn,,
http_req_failed,1678217716,0.000000,,,,true,,POST,http://20.210.36.32:8080/prediction/knn,HTTP/1.1,contacts,,200,,,http://20.210.36.32:8080/prediction/knn,,
responseTime,1678217716,969.320495,,,,,,,,,contacts,,,,,,,
data_sent,1678217716,2088.000000,,,,,,,,,contacts,,,,,,,
data_received,1678217716,199.000000,,,,,,,,,contacts,,,,,,,
iteration_duration,1678217716,972.053208,,,,,,,,,contacts,,,,,,,
iterations,1678217716,1.000000,,,,,,,,,contacts,,,,,,,
http_reqs,1678217716,1.000000,,,,true,,POST,http://20.210.36.32:8080/prediction/knn,HTTP/1.1,contacts,,200,,,http://20.210.36.32:8080/prediction/knn,,
http_req_duration,1678217716,981.520446,,,,true,,POST,http://20.210.36.32:8080/prediction/knn,HTTP/1.1,contacts,,200,,,http://20.210.36.32:8080/prediction/knn,,
http_req_blocked,1678217716,2.134410,,,,true,,POST,http://20.210.36.32:8080/prediction/knn,HTTP/1.1,contacts,,200,,,http://20.210.36.32:8080/prediction/knn,,
http_req_connecting,1678217716,2.031110,,,,true,,POST,http://20.210.36.32:8080/prediction/knn,HTTP/1.1,contacts,,200,,,http://20.210.36.32:8080/prediction/knn,,
http_req_tls_handshaking,1678217716,0.000000,,,,true,,POST,http://20.210.36.32:8080/prediction/knn,HTTP/1.1,contacts,,200,,,http://20.210.36.32:8080/prediction/knn,,
http_req_sending,1678217716,0.083100,,,,true,,POST,http://20.210.36.32:8080/prediction/knn,HTTP/1.1,contacts,,200,,,http://20.210.36.32:8080/prediction/knn,,
http_req_waiting,1678217716,980.639143,,,,true,,POST,http://20.210.36.32:8080/prediction/knn,HTTP/1.1,contacts,,200,,,http://20.210.36.32:8080/prediction/knn,,
http_req_receiving,1678217716,0.798203,,,,true,,POST,http://20.210.36.32:8080/prediction/knn,HTTP/1.1,contacts,,200,,,http://20.210.36.32:8080/prediction/knn,,
http_req_failed,1678217716,0.000000,,,,true,,POST,http://20.210.36.32:8080/prediction/knn,HTTP/1.1,contacts,,200,,,http://20.210.36.32:8080/prediction/knn,,
responseTime,1678217716,981.520446,,,,,,,,,contacts,,,,,,,
data_sent,1678217716,2088.000000,,,,,,,,,contacts,,,,,,,
data_received,1678217716,199.000000,,,,,,,,,contacts,,,,,,,
iteration_duration,1678217716,984.070259,,,,,,,,,contacts,,,,,,,
iterations,1678217716,1.000000,,,,,,,,,contacts,,,,,,,
http_reqs,1678217716,1.000000,,,,true,,POST,http://20.210.36.32:8080/prediction/knn,HTTP/1.1,contacts,,200,,,http://20.210.36.32:8080/prediction/knn,,
http_req_duration,1678217716,939.700370,,,,true,,POST,http://20.210.36.32:8080/prediction/knn,HTTP/1.1,contacts,,200,,,http://20.210.36.32:8080/prediction/knn,,
http_req_blocked,1678217716,1.989308,,,,true,,POST,http://20.210.36.32:8080/prediction/knn,HTTP/1.1,contacts,,200,,,http://20.210.36.32:8080/prediction/knn,,
http_req_connecting,1678217716,1.912708,,,,true,,POST,http://20.210.36.32:8080/prediction/knn,HTTP/1.1,contacts,,200,,,http://20.210.36.32:8080/prediction/knn,,
http_req_tls_handshaking,1678217716,0.000000,,,,true,,POST,http://20.210.36.32:8080/prediction/knn,HTTP/1.1,contacts,,200,,,http://20.210.36.32:8080/prediction/knn,,
http_req_sending,1678217716,0.064400,,,,true,,POST,http://20.210.36.32:8080/prediction/knn,HTTP/1.1,contacts,,200,,,http://20.210.36.32:8080/prediction/knn,,
http_req_waiting,1678217716,939.566370,,,,true,,POST,http://20.210.36.32:8080/prediction/knn,HTTP/1.1,contacts,,200,,,http://20.210.36.32:8080/prediction/knn,,
http_req_receiving,1678217716,0.069600,,,,true,,POST,http://20.210.36.32:8080/prediction/knn,HTTP/1.1,contacts,,200,,,http://20.210.36.32:8080/prediction/knn,,
http_req_failed,1678217716,0.000000,,,,true,,POST,http://20.210.36.32:8080/prediction/knn,HTTP/1.1,contacts,,200,,,http://20.210.36.32:8080/prediction/knn,,
responseTime,1678217716,939.700370,,,,,,,,,contacts,,,,,,,
data_sent,1678217716,2088.000000,,,,,,,,,contacts,,,,,,,
data_received,1678217716,199.000000,,,,,,,,,contacts,,,,,,,
iteration_duration,1678217716,942.317681,,,,,,,,,contacts,,,,,,,
iterations,1678217716,1.000000,,,,,,,,,contacts,,,,,,,
http_reqs,1678217716,1.000000,,,,true,,POST,http://20.210.36.32:8080/prediction/knn,HTTP/1.1,contacts,,200,,,http://20.210.36.32:8080/prediction/knn,,
http_req_duration,1678217716,932.341839,,,,true,,POST,http://20.210.36.32:8080/prediction/knn,HTTP/1.1,contacts,,200,,,http://20.210.36.32:8080/prediction/knn,,
http_req_blocked,1678217716,2.410411,,,,true,,POST,http://20.210.36.32:8080/prediction/knn,HTTP/1.1,contacts,,200,,,http://20.210.36.32:8080/prediction/knn,,
http_req_connecting,1678217716,2.301209,,,,true,,POST,http://20.210.36.32:8080/prediction/knn,HTTP/1.1,contacts,,200,,,http://20.210.36.32:8080/prediction/knn,,
http_req_tls_handshaking,1678217716,0.000000,,,,true,,POST,http://20.210.36.32:8080/prediction/knn,HTTP/1.1,contacts,,200,,,http://20.210.36.32:8080/prediction/knn,,
http_req_sending,1678217716,0.097201,,,,true,,POST,http://20.210.36.32:8080/prediction/knn,HTTP/1.1,contacts,,200,,,http://20.210.36.32:8080/prediction/knn,,
http_req_waiting,1678217716,924.280604,,,,true,,POST,http://20.210.36.32:8080/prediction/knn,HTTP/1.1,contacts,,200,,,http://20.210.36.32:8080/prediction/knn,,
http_req_receiving,1678217716,7.964034,,,,true,,POST,http://20.210.36.32:8080/prediction/knn,HTTP/1.1,contacts,,200,,,http://20.210.36.32:8080/prediction/knn,,
http_req_failed,1678217716,0.000000,,,,true,,POST,http://20.210.36.32:8080/prediction/knn,HTTP/1.1,contacts,,200,,,http://20.210.36.32:8080/prediction/knn,,
responseTime,1678217716,932.341839,,,,,,,,,contacts,,,,,,,
data_sent,1678217716,2088.000000,,,,,,,,,contacts,,,,,,,
data_received,1678217716,199.000000,,,,,,,,,contacts,,,,,,,
iteration_duration,1678217716,935.226451,,,,,,,,,contacts,,,,,,,
iterations,1678217716,1.000000,,,,,,,,,contacts,,,,,,,
http_reqs,1678217716,1.000000,,,,true,,POST,http://20.210.36.32:8080/prediction/knn,HTTP/1.1,contacts,,200,,,http://20.210.36.32:8080/prediction/knn,,
http_req_duration,1678217716,980.370642,,,,true,,POST,http://20.210.36.32:8080/prediction/knn,HTTP/1.1,contacts,,200,,,http://20.210.36.32:8080/prediction/knn,,
http_req_blocked,1678217716,3.882517,,,,true,,POST,http://20.210.36.32:8080/prediction/knn,HTTP/1.1,contacts,,200,,,http://20.210.36.32:8080/prediction/knn,,
http_req_connecting,1678217716,3.713215,,,,true,,POST,http://20.210.36.32:8080/prediction/knn,HTTP/1.1,contacts,,200,,,http://20.210.36.32:8080/prediction/knn,,
http_req_tls_handshaking,1678217716,0.000000,,,,true,,POST,http://20.210.36.32:8080/prediction/knn,HTTP/1.1,contacts,,200,,,http://20.210.36.32:8080/prediction/knn,,
http_req_sending,1678217716,0.116001,,,,true,,POST,http://20.210.36.32:8080/prediction/knn,HTTP/1.1,contacts,,200,,,http://20.210.36.32:8080/prediction/knn,,
http_req_waiting,1678217716,976.382725,,,,true,,POST,http://20.210.36.32:8080/prediction/knn,HTTP/1.1,contacts,,200,,,http://20.210.36.32:8080/prediction/knn,,
http_req_receiving,1678217716,3.871916,,,,true,,POST,http://20.210.36.32:8080/prediction/knn,HTTP/1.1,contacts,,200,,,http://20.210.36.32:8080/prediction/knn,,
http_req_failed,1678217716,0.000000,,,,true,,POST,http://20.210.36.32:8080/prediction/knn,HTTP/1.1,contacts,,200,,,http://20.210.36.32:8080/prediction/knn,,
responseTime,1678217716,980.370642,,,,,,,,,contacts,,,,,,,
data_sent,1678217716,2088.000000,,,,,,,,,contacts,,,,,,,
data_received,1678217716,199.000000,,,,,,,,,contacts,,,,,,,
iteration_duration,1678217716,984.795660,,,,,,,,,contacts,,,,,,,
iterations,1678217716,1.000000,,,,,,,,,contacts,,,,,,,
http_reqs,1678217716,1.000000,,,,true,,POST,http://20.210.36.32:8080/prediction/knn,HTTP/1.1,contacts,,200,,,http://20.210.36.32:8080/prediction/knn,,
http_req_duration,1678217716,927.060917,,,,true,,POST,http://20.210.36.32:8080/prediction/knn,HTTP/1.1,contacts,,200,,,http://20.210.36.32:8080/prediction/knn,,
http_req_blocked,1678217716,4.623220,,,,true,,POST,http://20.210.36.32:8080/prediction/knn,HTTP/1.1,contacts,,200,,,http://20.210.36.32:8080/prediction/knn,,
http_req_connecting,1678217716,4.497719,,,,true,,POST,http://20.210.36.32:8080/prediction/knn,HTTP/1.1,contacts,,200,,,http://20.210.36.32:8080/prediction/knn,,
http_req_tls_handshaking,1678217716,0.000000,,,,true,,POST,http://20.210.36.32:8080/prediction/knn,HTTP/1.1,contacts,,200,,,http://20.210.36.32:8080/prediction/knn,,
http_req_sending,1678217716,0.124601,,,,true,,POST,http://20.210.36.32:8080/prediction/knn,HTTP/1.1,contacts,,200,,,http://20.210.36.32:8080/prediction/knn,,
http_req_waiting,1678217716,924.680906,,,,true,,POST,http://20.210.36.32:8080/prediction/knn,HTTP/1.1,contacts,,200,,,http://20.210.36.32:8080/prediction/knn,,
http_req_receiving,1678217716,2.255410,,,,true,,POST,http://20.210.36.32:8080/prediction/knn,HTTP/1.1,contacts,,200,,,http://20.210.36.32:8080/prediction/knn,,
http_req_failed,1678217716,0.000000,,,,true,,POST,http://20.210.36.32:8080/prediction/knn,HTTP/1.1,contacts,,200,,,http://20.210.36.32:8080/prediction/knn,,
responseTime,1678217716,927.060917,,,,,,,,,contacts,,,,,,,
data_sent,1678217716,2088.000000,,,,,,,,,contacts,,,,,,,
data_received,1678217716,199.000000,,,,,,,,,contacts,,,,,,,
iteration_duration,1678217716,932.433639,,,,,,,,,contacts,,,,,,,
iterations,1678217716,1.000000,,,,,,,,,contacts,,,,,,,
http_reqs,1678217716,1.000000,,,,true,,POST,http://20.210.36.32:8080/prediction/knn,HTTP/1.1,contacts,,200,,,http://20.210.36.32:8080/prediction/knn,,
http_req_duration,1678217716,1020.465911,,,,true,,POST,http://20.210.36.32:8080/prediction/knn,HTTP/1.1,contacts,,200,,,http://20.210.36.32:8080/prediction/knn,,
http_req_blocked,1678217716,2.277310,,,,true,,POST,http://20.210.36.32:8080/prediction/knn,HTTP/1.1,contacts,,200,,,http://20.210.36.32:8080/prediction/knn,,
http_req_connecting,1678217716,2.190710,,,,true,,POST,http://20.210.36.32:8080/prediction/knn,HTTP/1.1,contacts,,200,,,http://20.210.36.32:8080/prediction/knn,,
http_req_tls_handshaking,1678217716,0.000000,,,,true,,POST,http://20.210.36.32:8080/prediction/knn,HTTP/1.1,contacts,,200,,,http://20.210.36.32:8080/prediction/knn,,
http_req_sending,1678217716,0.104800,,,,true,,POST,http://20.210.36.32:8080/prediction/knn,HTTP/1.1,contacts,,200,,,http://20.210.36.32:8080/prediction/knn,,
http_req_waiting,1678217716,1020.167410,,,,true,,POST,http://20.210.36.32:8080/prediction/knn,HTTP/1.1,contacts,,200,,,http://20.210.36.32:8080/prediction/knn,,
http_req_receiving,1678217716,0.193701,,,,true,,POST,http://20.210.36.32:8080/prediction/knn,HTTP/1.1,contacts,,200,,,http://20.210.36.32:8080/prediction/knn,,
http_req_failed,1678217716,0.000000,,,,true,,POST,http://20.210.36.32:8080/prediction/knn,HTTP/1.1,contacts,,200,,,http://20.210.36.32:8080/prediction/knn,,
http_reqs,1678217716,1.000000,,,,true,,POST,http://20.210.36.32:8080/prediction/knn,HTTP/1.1,contacts,,200,,,http://20.210.36.32:8080/prediction/knn,,
http_req_duration,1678217716,934.401648,,,,true,,POST,http://20.210.36.32:8080/prediction/knn,HTTP/1.1,contacts,,200,,,http://20.210.36.32:8080/prediction/knn,,
http_req_blocked,1678217716,4.422119,,,,true,,POST,http://20.210.36.32:8080/prediction/knn,HTTP/1.1,contacts,,200,,,http://20.210.36.32:8080/prediction/knn,,
http_req_connecting,1678217716,4.331718,,,,true,,POST,http://20.210.36.32:8080/prediction/knn,HTTP/1.1,contacts,,200,,,http://20.210.36.32:8080/prediction/knn,,
http_req_tls_handshaking,1678217716,0.000000,,,,true,,POST,http://20.210.36.32:8080/prediction/knn,HTTP/1.1,contacts,,200,,,http://20.210.36.32:8080/prediction/knn,,
http_req_sending,1678217716,0.101201,,,,true,,POST,http://20.210.36.32:8080/prediction/knn,HTTP/1.1,contacts,,200,,,http://20.210.36.32:8080/prediction/knn,,
http_req_waiting,1678217716,930.784032,,,,true,,POST,http://20.210.36.32:8080/prediction/knn,HTTP/1.1,contacts,,200,,,http://20.210.36.32:8080/prediction/knn,,
http_req_receiving,1678217716,3.516415,,,,true,,POST,http://20.210.36.32:8080/prediction/knn,HTTP/1.1,contacts,,200,,,http://20.210.36.32:8080/prediction/knn,,
http_req_failed,1678217716,0.000000,,,,true,,POST,http://20.210.36.32:8080/prediction/knn,HTTP/1.1,contacts,,200,,,http://20.210.36.32:8080/prediction/knn,,
responseTime,1678217716,934.401648,,,,,,,,,contacts,,,,,,,
data_sent,1678217716,2088.000000,,,,,,,,,contacts,,,,,,,
data_received,1678217716,199.000000,,,,,,,,,contacts,,,,,,,
iteration_duration,1678217716,939.843070,,,,,,,,,contacts,,,,,,,
iterations,1678217716,1.000000,,,,,,,,,contacts,,,,,,,
responseTime,1678217716,1020.465911,,,,,,,,,contacts,,,,,,,
data_sent,1678217716,2088.000000,,,,,,,,,contacts,,,,,,,
data_received,1678217716,199.000000,,,,,,,,,contacts,,,,,,,
iteration_duration,1678217716,1023.788525,,,,,,,,,contacts,,,,,,,
iterations,1678217716,1.000000,,,,,,,,,contacts,,,,,,,
http_reqs,1678217716,1.000000,,,,true,,POST,http://20.210.36.32:8080/prediction/knn,HTTP/1.1,contacts,,200,,,http://20.210.36.32:8080/prediction/knn,,
http_req_duration,1678217716,967.736588,,,,true,,POST,http://20.210.36.32:8080/prediction/knn,HTTP/1.1,contacts,,200,,,http://20.210.36.32:8080/prediction/knn,,
http_req_blocked,1678217716,4.351618,,,,true,,POST,http://20.210.36.32:8080/prediction/knn,HTTP/1.1,contacts,,200,,,http://20.210.36.32:8080/prediction/knn,,
http_req_connecting,1678217716,4.193518,,,,true,,POST,http://20.210.36.32:8080/prediction/knn,HTTP/1.1,contacts,,200,,,http://20.210.36.32:8080/prediction/knn,,
http_req_tls_handshaking,1678217716,0.000000,,,,true,,POST,http://20.210.36.32:8080/prediction/knn,HTTP/1.1,contacts,,200,,,http://20.210.36.32:8080/prediction/knn,,
http_req_sending,1678217716,0.172101,,,,true,,POST,http://20.210.36.32:8080/prediction/knn,HTTP/1.1,contacts,,200,,,http://20.210.36.32:8080/prediction/knn,,
http_req_waiting,1678217716,962.971668,,,,true,,POST,http://20.210.36.32:8080/prediction/knn,HTTP/1.1,contacts,,200,,,http://20.210.36.32:8080/prediction/knn,,
http_req_receiving,1678217716,4.592819,,,,true,,POST,http://20.210.36.32:8080/prediction/knn,HTTP/1.1,contacts,,200,,,http://20.210.36.32:8080/prediction/knn,,
http_req_failed,1678217716,0.000000,,,,true,,POST,http://20.210.36.32:8080/prediction/knn,HTTP/1.1,contacts,,200,,,http://20.210.36.32:8080/prediction/knn,,
responseTime,1678217716,967.736588,,,,,,,,,contacts,,,,,,,
data_sent,1678217716,2088.000000,,,,,,,,,contacts,,,,,,,
data_received,1678217716,199.000000,,,,,,,,,contacts,,,,,,,
iteration_duration,1678217716,972.721110,,,,,,,,,contacts,,,,,,,
iterations,1678217716,1.000000,,,,,,,,,contacts,,,,,,,
http_reqs,1678217716,1.000000,,,,true,,POST,http://20.210.36.32:8080/prediction/knn,HTTP/1.1,contacts,,200,,,http://20.210.36.32:8080/prediction/knn,,
http_req_duration,1678217716,972.325608,,,,true,,POST,http://20.210.36.32:8080/prediction/knn,HTTP/1.1,contacts,,200,,,http://20.210.36.32:8080/prediction/knn,,
http_req_blocked,1678217716,3.815916,,,,true,,POST,http://20.210.36.32:8080/prediction/knn,HTTP/1.1,contacts,,200,,,http://20.210.36.32:8080/prediction/knn,,
http_req_connecting,1678217716,3.718916,,,,true,,POST,http://20.210.36.32:8080/prediction/knn,HTTP/1.1,contacts,,200,,,http://20.210.36.32:8080/prediction/knn,,
http_req_tls_handshaking,1678217716,0.000000,,,,true,,POST,http://20.210.36.32:8080/prediction/knn,HTTP/1.1,contacts,,200,,,http://20.210.36.32:8080/prediction/knn,,
http_req_sending,1678217716,0.107501,,,,true,,POST,http://20.210.36.32:8080/prediction/knn,HTTP/1.1,contacts,,200,,,http://20.210.36.32:8080/prediction/knn,,
http_req_waiting,1678217716,967.014985,,,,true,,POST,http://20.210.36.32:8080/prediction/knn,HTTP/1.1,contacts,,200,,,http://20.210.36.32:8080/prediction/knn,,
http_req_receiving,1678217716,5.203122,,,,true,,POST,http://20.210.36.32:8080/prediction/knn,HTTP/1.1,contacts,,200,,,http://20.210.36.32:8080/prediction/knn,,
http_req_failed,1678217716,0.000000,,,,true,,POST,http://20.210.36.32:8080/prediction/knn,HTTP/1.1,contacts,,200,,,http://20.210.36.32:8080/prediction/knn,,
responseTime,1678217716,972.325608,,,,,,,,,contacts,,,,,,,
data_sent,1678217716,2088.000000,,,,,,,,,contacts,,,,,,,
data_received,1678217716,199.000000,,,,,,,,,contacts,,,,,,,
iteration_duration,1678217716,976.555125,,,,,,,,,contacts,,,,,,,
iterations,1678217716,1.000000,,,,,,,,,contacts,,,,,,,
http_reqs,1678217716,1.000000,,,,true,,POST,http://20.210.36.32:8080/prediction/knn,HTTP/1.1,contacts,,200,,,http://20.210.36.32:8080/prediction/knn,,
http_req_duration,1678217716,1039.349891,,,,true,,POST,http://20.210.36.32:8080/prediction/knn,HTTP/1.1,contacts,,200,,,http://20.210.36.32:8080/prediction/knn,,
http_req_blocked,1678217716,4.021217,,,,true,,POST,http://20.210.36.32:8080/prediction/knn,HTTP/1.1,contacts,,200,,,http://20.210.36.32:8080/prediction/knn,,
http_req_connecting,1678217716,3.909017,,,,true,,POST,http://20.210.36.32:8080/prediction/knn,HTTP/1.1,contacts,,200,,,http://20.210.36.32:8080/prediction/knn,,
http_req_tls_handshaking,1678217716,0.000000,,,,true,,POST,http://20.210.36.32:8080/prediction/knn,HTTP/1.1,contacts,,200,,,http://20.210.36.32:8080/prediction/knn,,
http_req_sending,1678217716,0.090000,,,,true,,POST,http://20.210.36.32:8080/prediction/knn,HTTP/1.1,contacts,,200,,,http://20.210.36.32:8080/prediction/knn,,
http_req_waiting,1678217716,1039.156390,,,,true,,POST,http://20.210.36.32:8080/prediction/knn,HTTP/1.1,contacts,,200,,,http://20.210.36.32:8080/prediction/knn,,
http_req_receiving,1678217716,0.103501,,,,true,,POST,http://20.210.36.32:8080/prediction/knn,HTTP/1.1,contacts,,200,,,http://20.210.36.32:8080/prediction/knn,,
http_req_failed,1678217716,0.000000,,,,true,,POST,http://20.210.36.32:8080/prediction/knn,HTTP/1.1,contacts,,200,,,http://20.210.36.32:8080/prediction/knn,,
responseTime,1678217716,1039.349891,,,,,,,,,contacts,,,,,,,
data_sent,1678217716,2088.000000,,,,,,,,,contacts,,,,,,,
data_received,1678217716,199.000000,,,,,,,,,contacts,,,,,,,
iteration_duration,1678217716,1043.787410,,,,,,,,,contacts,,,,,,,
iterations,1678217716,1.000000,,,,,,,,,contacts,,,,,,,
http_reqs,1678217716,1.000000,,,,true,,POST,http://20.210.36.32:8080/prediction/knn,HTTP/1.1,contacts,,200,,,http://20.210.36.32:8080/prediction/knn,,
http_req_duration,1678217716,986.069266,,,,true,,POST,http://20.210.36.32:8080/prediction/knn,HTTP/1.1,contacts,,200,,,http://20.210.36.32:8080/prediction/knn,,
http_req_blocked,1678217716,3.830316,,,,true,,POST,http://20.210.36.32:8080/prediction/knn,HTTP/1.1,contacts,,200,,,http://20.210.36.32:8080/prediction/knn,,
http_req_connecting,1678217716,3.781416,,,,true,,POST,http://20.210.36.32:8080/prediction/knn,HTTP/1.1,contacts,,200,,,http://20.210.36.32:8080/prediction/knn,,
http_req_tls_handshaking,1678217716,0.000000,,,,true,,POST,http://20.210.36.32:8080/prediction/knn,HTTP/1.1,contacts,,200,,,http://20.210.36.32:8080/prediction/knn,,
http_req_sending,1678217716,0.064001,,,,true,,POST,http://20.210.36.32:8080/prediction/knn,HTTP/1.1,contacts,,200,,,http://20.210.36.32:8080/prediction/knn,,
http_req_waiting,1678217716,985.916165,,,,true,,POST,http://20.210.36.32:8080/prediction/knn,HTTP/1.1,contacts,,200,,,http://20.210.36.32:8080/prediction/knn,,
http_req_receiving,1678217716,0.089100,,,,true,,POST,http://20.210.36.32:8080/prediction/knn,HTTP/1.1,contacts,,200,,,http://20.210.36.32:8080/prediction/knn,,
http_req_failed,1678217716,0.000000,,,,true,,POST,http://20.210.36.32:8080/prediction/knn,HTTP/1.1,contacts,,200,,,http://20.210.36.32:8080/prediction/knn,,
responseTime,1678217716,986.069266,,,,,,,,,contacts,,,,,,,
data_sent,1678217716,2088.000000,,,,,,,,,contacts,,,,,,,
data_received,1678217716,199.000000,,,,,,,,,contacts,,,,,,,
iteration_duration,1678217716,990.757585,,,,,,,,,contacts,,,,,,,
iterations,1678217716,1.000000,,,,,,,,,contacts,,,,,,,
http_reqs,1678217716,1.000000,,,,true,,POST,http://20.210.36.32:8080/prediction/knn,HTTP/1.1,contacts,,200,,,http://20.210.36.32:8080/prediction/knn,,
http_req_duration,1678217716,986.280966,,,,true,,POST,http://20.210.36.32:8080/prediction/knn,HTTP/1.1,contacts,,200,,,http://20.210.36.32:8080/prediction/knn,,
http_req_blocked,1678217716,3.546315,,,,true,,POST,http://20.210.36.32:8080/prediction/knn,HTTP/1.1,contacts,,200,,,http://20.210.36.32:8080/prediction/knn,,
http_req_connecting,1678217716,3.468315,,,,true,,POST,http://20.210.36.32:8080/prediction/knn,HTTP/1.1,contacts,,200,,,http://20.210.36.32:8080/prediction/knn,,
http_req_tls_handshaking,1678217716,0.000000,,,,true,,POST,http://20.210.36.32:8080/prediction/knn,HTTP/1.1,contacts,,200,,,http://20.210.36.32:8080/prediction/knn,,
http_req_sending,1678217716,0.071400,,,,true,,POST,http://20.210.36.32:8080/prediction/knn,HTTP/1.1,contacts,,200,,,http://20.210.36.32:8080/prediction/knn,,
http_req_waiting,1678217716,986.141566,,,,true,,POST,http://20.210.36.32:8080/prediction/knn,HTTP/1.1,contacts,,200,,,http://20.210.36.32:8080/prediction/knn,,
http_req_receiving,1678217716,0.068000,,,,true,,POST,http://20.210.36.32:8080/prediction/knn,HTTP/1.1,contacts,,200,,,http://20.210.36.32:8080/prediction/knn,,
http_req_failed,1678217716,0.000000,,,,true,,POST,http://20.210.36.32:8080/prediction/knn,HTTP/1.1,contacts,,200,,,http://20.210.36.32:8080/prediction/knn,,
responseTime,1678217716,986.280966,,,,,,,,,contacts,,,,,,,
data_sent,1678217716,2088.000000,,,,,,,,,contacts,,,,,,,
data_received,1678217716,199.000000,,,,,,,,,contacts,,,,,,,
iteration_duration,1678217716,990.371984,,,,,,,,,contacts,,,,,,,
iterations,1678217716,1.000000,,,,,,,,,contacts,,,,,,,
http_reqs,1678217716,1.000000,,,,true,,POST,http://20.210.36.32:8080/prediction/knn,HTTP/1.1,contacts,,200,,,http://20.210.36.32:8080/prediction/knn,,
http_req_duration,1678217716,1000.307326,,,,true,,POST,http://20.210.36.32:8080/prediction/knn,HTTP/1.1,contacts,,200,,,http://20.210.36.32:8080/prediction/knn,,
http_req_blocked,1678217716,3.931416,,,,true,,POST,http://20.210.36.32:8080/prediction/knn,HTTP/1.1,contacts,,200,,,http://20.210.36.32:8080/prediction/knn,,
http_req_connecting,1678217716,3.773516,,,,true,,POST,http://20.210.36.32:8080/prediction/knn,HTTP/1.1,contacts,,200,,,http://20.210.36.32:8080/prediction/knn,,
http_req_tls_handshaking,1678217716,0.000000,,,,true,,POST,http://20.210.36.32:8080/prediction/knn,HTTP/1.1,contacts,,200,,,http://20.210.36.32:8080/prediction/knn,,
http_req_sending,1678217716,0.154501,,,,true,,POST,http://20.210.36.32:8080/prediction/knn,HTTP/1.1,contacts,,200,,,http://20.210.36.32:8080/prediction/knn,,
http_req_waiting,1678217716,998.209217,,,,true,,POST,http://20.210.36.32:8080/prediction/knn,HTTP/1.1,contacts,,200,,,http://20.210.36.32:8080/prediction/knn,,
http_req_receiving,1678217716,1.943608,,,,true,,POST,http://20.210.36.32:8080/prediction/knn,HTTP/1.1,contacts,,200,,,http://20.210.36.32:8080/prediction/knn,,
http_req_failed,1678217716,0.000000,,,,true,,POST,http://20.210.36.32:8080/prediction/knn,HTTP/1.1,contacts,,200,,,http://20.210.36.32:8080/prediction/knn,,
responseTime,1678217716,1000.307326,,,,,,,,,contacts,,,,,,,
data_sent,1678217716,2088.000000,,,,,,,,,contacts,,,,,,,
data_received,1678217716,199.000000,,,,,,,,,contacts,,,,,,,
iteration_duration,1678217716,1004.755245,,,,,,,,,contacts,,,,,,,
iterations,1678217716,1.000000,,,,,,,,,contacts,,,,,,,
http_reqs,1678217716,1.000000,,,,true,,POST,http://20.210.36.32:8080/prediction/knn,HTTP/1.1,contacts,,200,,,http://20.210.36.32:8080/prediction/knn,,
http_req_duration,1678217716,1035.196074,,,,true,,POST,http://20.210.36.32:8080/prediction/knn,HTTP/1.1,contacts,,200,,,http://20.210.36.32:8080/prediction/knn,,
http_req_blocked,1678217716,4.087417,,,,true,,POST,http://20.210.36.32:8080/prediction/knn,HTTP/1.1,contacts,,200,,,http://20.210.36.32:8080/prediction/knn,,
http_req_connecting,1678217716,4.026917,,,,true,,POST,http://20.210.36.32:8080/prediction/knn,HTTP/1.1,contacts,,200,,,http://20.210.36.32:8080/prediction/knn,,
http_req_tls_handshaking,1678217716,0.000000,,,,true,,POST,http://20.210.36.32:8080/prediction/knn,HTTP/1.1,contacts,,200,,,http://20.210.36.32:8080/prediction/knn,,
http_req_sending,1678217716,0.054400,,,,true,,POST,http://20.210.36.32:8080/prediction/knn,HTTP/1.1,contacts,,200,,,http://20.210.36.32:8080/prediction/knn,,
http_req_waiting,1678217716,1035.066673,,,,true,,POST,http://20.210.36.32:8080/prediction/knn,HTTP/1.1,contacts,,200,,,http://20.210.36.32:8080/prediction/knn,,
http_req_receiving,1678217716,0.075001,,,,true,,POST,http://20.210.36.32:8080/prediction/knn,HTTP/1.1,contacts,,200,,,http://20.210.36.32:8080/prediction/knn,,
http_req_failed,1678217716,0.000000,,,,true,,POST,http://20.210.36.32:8080/prediction/knn,HTTP/1.1,contacts,,200,,,http://20.210.36.32:8080/prediction/knn,,
responseTime,1678217716,1035.196074,,,,,,,,,contacts,,,,,,,
data_sent,1678217716,2088.000000,,,,,,,,,contacts,,,,,,,
data_received,1678217716,199.000000,,,,,,,,,contacts,,,,,,,
iteration_duration,1678217716,1039.853293,,,,,,,,,contacts,,,,,,,
iterations,1678217716,1.000000,,,,,,,,,contacts,,,,,,,
http_reqs,1678217716,1.000000,,,,true,,POST,http://20.210.36.32:8080/prediction/knn,HTTP/1.1,contacts,,200,,,http://20.210.36.32:8080/prediction/knn,,
http_req_duration,1678217716,1022.876621,,,,true,,POST,http://20.210.36.32:8080/prediction/knn,HTTP/1.1,contacts,,200,,,http://20.210.36.32:8080/prediction/knn,,
http_req_blocked,1678217716,4.190717,,,,true,,POST,http://20.210.36.32:8080/prediction/knn,HTTP/1.1,contacts,,200,,,http://20.210.36.32:8080/prediction/knn,,
http_req_connecting,1678217716,4.074517,,,,true,,POST,http://20.210.36.32:8080/prediction/knn,HTTP/1.1,contacts,,200,,,http://20.210.36.32:8080/prediction/knn,,
http_req_tls_handshaking,1678217716,0.000000,,,,true,,POST,http://20.210.36.32:8080/prediction/knn,HTTP/1.1,contacts,,200,,,http://20.210.36.32:8080/prediction/knn,,
http_req_sending,1678217716,0.122600,,,,true,,POST,http://20.210.36.32:8080/prediction/knn,HTTP/1.1,contacts,,200,,,http://20.210.36.32:8080/prediction/knn,,
http_req_waiting,1678217716,1020.759213,,,,true,,POST,http://20.210.36.32:8080/prediction/knn,HTTP/1.1,contacts,,200,,,http://20.210.36.32:8080/prediction/knn,,
http_req_receiving,1678217716,1.994808,,,,true,,POST,http://20.210.36.32:8080/prediction/knn,HTTP/1.1,contacts,,200,,,http://20.210.36.32:8080/prediction/knn,,
http_req_failed,1678217716,0.000000,,,,true,,POST,http://20.210.36.32:8080/prediction/knn,HTTP/1.1,contacts,,200,,,http://20.210.36.32:8080/prediction/knn,,
responseTime,1678217716,1022.876621,,,,,,,,,contacts,,,,,,,
data_sent,1678217716,2088.000000,,,,,,,,,contacts,,,,,,,
data_received,1678217716,199.000000,,,,,,,,,contacts,,,,,,,
iteration_duration,1678217716,1027.570941,,,,,,,,,contacts,,,,,,,
iterations,1678217716,1.000000,,,,,,,,,contacts,,,,,,,
http_reqs,1678217716,1.000000,,,,true,,POST,http://20.210.36.32:8080/prediction/knn,HTTP/1.1,contacts,,200,,,http://20.210.36.32:8080/prediction/knn,,
http_req_duration,1678217716,1082.180672,,,,true,,POST,http://20.210.36.32:8080/prediction/knn,HTTP/1.1,contacts,,200,,,http://20.210.36.32:8080/prediction/knn,,
http_req_blocked,1678217716,4.686320,,,,true,,POST,http://20.210.36.32:8080/prediction/knn,HTTP/1.1,contacts,,200,,,http://20.210.36.32:8080/prediction/knn,,
http_req_connecting,1678217716,4.603520,,,,true,,POST,http://20.210.36.32:8080/prediction/knn,HTTP/1.1,contacts,,200,,,http://20.210.36.32:8080/prediction/knn,,
http_req_tls_handshaking,1678217716,0.000000,,,,true,,POST,http://20.210.36.32:8080/prediction/knn,HTTP/1.1,contacts,,200,,,http://20.210.36.32:8080/prediction/knn,,
http_req_sending,1678217716,0.128700,,,,true,,POST,http://20.210.36.32:8080/prediction/knn,HTTP/1.1,contacts,,200,,,http://20.210.36.32:8080/prediction/knn,,
http_req_waiting,1678217716,1077.741054,,,,true,,POST,http://20.210.36.32:8080/prediction/knn,HTTP/1.1,contacts,,200,,,http://20.210.36.32:8080/prediction/knn,,
http_req_receiving,1678217716,4.310918,,,,true,,POST,http://20.210.36.32:8080/prediction/knn,HTTP/1.1,contacts,,200,,,http://20.210.36.32:8080/prediction/knn,,
http_req_failed,1678217716,0.000000,,,,true,,POST,http://20.210.36.32:8080/prediction/knn,HTTP/1.1,contacts,,200,,,http://20.210.36.32:8080/prediction/knn,,
responseTime,1678217716,1082.180672,,,,,,,,,contacts,,,,,,,
data_sent,1678217716,2088.000000,,,,,,,,,contacts,,,,,,,
data_received,1678217716,199.000000,,,,,,,,,contacts,,,,,,,
iteration_duration,1678217716,1087.266293,,,,,,,,,contacts,,,,,,,
iterations,1678217716,1.000000,,,,,,,,,contacts,,,,,,,
http_reqs,1678217716,1.000000,,,,true,,POST,http://20.210.36.32:8080/prediction/knn,HTTP/1.1,contacts,,200,,,http://20.210.36.32:8080/prediction/knn,,
http_req_duration,1678217716,1113.092602,,,,true,,POST,http://20.210.36.32:8080/prediction/knn,HTTP/1.1,contacts,,200,,,http://20.210.36.32:8080/prediction/knn,,
http_req_blocked,1678217716,4.322618,,,,true,,POST,http://20.210.36.32:8080/prediction/knn,HTTP/1.1,contacts,,200,,,http://20.210.36.32:8080/prediction/knn,,
http_req_connecting,1678217716,4.221118,,,,true,,POST,http://20.210.36.32:8080/prediction/knn,HTTP/1.1,contacts,,200,,,http://20.210.36.32:8080/prediction/knn,,
http_req_tls_handshaking,1678217716,0.000000,,,,true,,POST,http://20.210.36.32:8080/prediction/knn,HTTP/1.1,contacts,,200,,,http://20.210.36.32:8080/prediction/knn,,
http_req_sending,1678217716,0.114400,,,,true,,POST,http://20.210.36.32:8080/prediction/knn,HTTP/1.1,contacts,,200,,,http://20.210.36.32:8080/prediction/knn,,
http_req_waiting,1678217716,1101.292253,,,,true,,POST,http://20.210.36.32:8080/prediction/knn,HTTP/1.1,contacts,,200,,,http://20.210.36.32:8080/prediction/knn,,
http_req_receiving,1678217716,11.685949,,,,true,,POST,http://20.210.36.32:8080/prediction/knn,HTTP/1.1,contacts,,200,,,http://20.210.36.32:8080/prediction/knn,,
http_req_failed,1678217716,0.000000,,,,true,,POST,http://20.210.36.32:8080/prediction/knn,HTTP/1.1,contacts,,200,,,http://20.210.36.32:8080/prediction/knn,,
responseTime,1678217716,1113.092602,,,,,,,,,contacts,,,,,,,
data_sent,1678217716,2088.000000,,,,,,,,,contacts,,,,,,,
data_received,1678217716,199.000000,,,,,,,,,contacts,,,,,,,
iteration_duration,1678217716,1117.809822,,,,,,,,,contacts,,,,,,,
iterations,1678217716,1.000000,,,,,,,,,contacts,,,,,,,
http_reqs,1678217716,1.000000,,,,true,,POST,http://20.210.36.32:8080/prediction/knn,HTTP/1.1,contacts,,200,,,http://20.210.36.32:8080/prediction/knn,,
http_req_duration,1678217716,1149.067654,,,,true,,POST,http://20.210.36.32:8080/prediction/knn,HTTP/1.1,contacts,,200,,,http://20.210.36.32:8080/prediction/knn,,
http_req_blocked,1678217716,4.141418,,,,true,,POST,http://20.210.36.32:8080/prediction/knn,HTTP/1.1,contacts,,200,,,http://20.210.36.32:8080/prediction/knn,,
http_req_connecting,1678217716,4.095218,,,,true,,POST,http://20.210.36.32:8080/prediction/knn,HTTP/1.1,contacts,,200,,,http://20.210.36.32:8080/prediction/knn,,
http_req_tls_handshaking,1678217716,0.000000,,,,true,,POST,http://20.210.36.32:8080/prediction/knn,HTTP/1.1,contacts,,200,,,http://20.210.36.32:8080/prediction/knn,,
http_req_sending,1678217716,0.073500,,,,true,,POST,http://20.210.36.32:8080/prediction/knn,HTTP/1.1,contacts,,200,,,http://20.210.36.32:8080/prediction/knn,,
http_req_waiting,1678217716,1146.821445,,,,true,,POST,http://20.210.36.32:8080/prediction/knn,HTTP/1.1,contacts,,200,,,http://20.210.36.32:8080/prediction/knn,,
http_req_receiving,1678217716,2.172709,,,,true,,POST,http://20.210.36.32:8080/prediction/knn,HTTP/1.1,contacts,,200,,,http://20.210.36.32:8080/prediction/knn,,
http_req_failed,1678217716,0.000000,,,,true,,POST,http://20.210.36.32:8080/prediction/knn,HTTP/1.1,contacts,,200,,,http://20.210.36.32:8080/prediction/knn,,
responseTime,1678217716,1149.067654,,,,,,,,,contacts,,,,,,,
data_sent,1678217716,2088.000000,,,,,,,,,contacts,,,,,,,
data_received,1678217716,199.000000,,,,,,,,,contacts,,,,,,,
iteration_duration,1678217716,1153.586774,,,,,,,,,contacts,,,,,,,
iterations,1678217716,1.000000,,,,,,,,,contacts,,,,,,,
http_reqs,1678217716,1.000000,,,,true,,POST,http://20.210.36.32:8080/prediction/knn,HTTP/1.1,contacts,,200,,,http://20.210.36.32:8080/prediction/knn,,
http_req_duration,1678217716,1139.779915,,,,true,,POST,http://20.210.36.32:8080/prediction/knn,HTTP/1.1,contacts,,200,,,http://20.210.36.32:8080/prediction/knn,,
http_req_blocked,1678217716,3.899516,,,,true,,POST,http://20.210.36.32:8080/prediction/knn,HTTP/1.1,contacts,,200,,,http://20.210.36.32:8080/prediction/knn,,
http_req_connecting,1678217716,3.776716,,,,true,,POST,http://20.210.36.32:8080/prediction/knn,HTTP/1.1,contacts,,200,,,http://20.210.36.32:8080/prediction/knn,,
http_req_tls_handshaking,1678217716,0.000000,,,,true,,POST,http://20.210.36.32:8080/prediction/knn,HTTP/1.1,contacts,,200,,,http://20.210.36.32:8080/prediction/knn,,
http_req_sending,1678217716,0.108000,,,,true,,POST,http://20.210.36.32:8080/prediction/knn,HTTP/1.1,contacts,,200,,,http://20.210.36.32:8080/prediction/knn,,
http_req_waiting,1678217716,1133.480689,,,,true,,POST,http://20.210.36.32:8080/prediction/knn,HTTP/1.1,contacts,,200,,,http://20.210.36.32:8080/prediction/knn,,
http_req_receiving,1678217716,6.191226,,,,true,,POST,http://20.210.36.32:8080/prediction/knn,HTTP/1.1,contacts,,200,,,http://20.210.36.32:8080/prediction/knn,,
http_req_failed,1678217716,0.000000,,,,true,,POST,http://20.210.36.32:8080/prediction/knn,HTTP/1.1,contacts,,200,,,http://20.210.36.32:8080/prediction/knn,,
responseTime,1678217716,1139.779915,,,,,,,,,contacts,,,,,,,
data_sent,1678217716,2088.000000,,,,,,,,,contacts,,,,,,,
data_received,1678217716,199.000000,,,,,,,,,contacts,,,,,,,
iteration_duration,1678217716,1144.241334,,,,,,,,,contacts,,,,,,,
iterations,1678217716,1.000000,,,,,,,,,contacts,,,,,,,
vus,1678217716,59.000000,,,,,,,,,,,,,,,,
vus_max,1678217716,100.000000,,,,,,,,,,,,,,,,
http_reqs,1678217716,1.000000,,,,true,,POST,http://20.210.36.32:8080/prediction/knn,HTTP/1.1,contacts,,200,,,http://20.210.36.32:8080/prediction/knn,,
http_req_duration,1678217716,1142.449226,,,,true,,POST,http://20.210.36.32:8080/prediction/knn,HTTP/1.1,contacts,,200,,,http://20.210.36.32:8080/prediction/knn,,
http_req_blocked,1678217716,4.225818,,,,true,,POST,http://20.210.36.32:8080/prediction/knn,HTTP/1.1,contacts,,200,,,http://20.210.36.32:8080/prediction/knn,,
http_req_connecting,1678217716,4.047117,,,,true,,POST,http://20.210.36.32:8080/prediction/knn,HTTP/1.1,contacts,,200,,,http://20.210.36.32:8080/prediction/knn,,
http_req_tls_handshaking,1678217716,0.000000,,,,true,,POST,http://20.210.36.32:8080/prediction/knn,HTTP/1.1,contacts,,200,,,http://20.210.36.32:8080/prediction/knn,,
http_req_sending,1678217716,0.246201,,,,true,,POST,http://20.210.36.32:8080/prediction/knn,HTTP/1.1,contacts,,200,,,http://20.210.36.32:8080/prediction/knn,,
http_req_waiting,1678217716,1142.117125,,,,true,,POST,http://20.210.36.32:8080/prediction/knn,HTTP/1.1,contacts,,200,,,http://20.210.36.32:8080/prediction/knn,,
http_req_receiving,1678217716,0.085900,,,,true,,POST,http://20.210.36.32:8080/prediction/knn,HTTP/1.1,contacts,,200,,,http://20.210.36.32:8080/prediction/knn,,
http_req_failed,1678217716,0.000000,,,,true,,POST,http://20.210.36.32:8080/prediction/knn,HTTP/1.1,contacts,,200,,,http://20.210.36.32:8080/prediction/knn,,
responseTime,1678217716,1142.449226,,,,,,,,,contacts,,,,,,,
data_sent,1678217716,2088.000000,,,,,,,,,contacts,,,,,,,
data_received,1678217716,199.000000,,,,,,,,,contacts,,,,,,,
iteration_duration,1678217716,1147.246346,,,,,,,,,contacts,,,,,,,
iterations,1678217716,1.000000,,,,,,,,,contacts,,,,,,,
http_reqs,1678217716,1.000000,,,,true,,POST,http://20.210.36.32:8080/prediction/knn,HTTP/1.1,contacts,,200,,,http://20.210.36.32:8080/prediction/knn,,
http_req_duration,1678217716,1193.641343,,,,true,,POST,http://20.210.36.32:8080/prediction/knn,HTTP/1.1,contacts,,200,,,http://20.210.36.32:8080/prediction/knn,,
http_req_blocked,1678217716,3.907816,,,,true,,POST,http://20.210.36.32:8080/prediction/knn,HTTP/1.1,contacts,,200,,,http://20.210.36.32:8080/prediction/knn,,
http_req_connecting,1678217716,3.834516,,,,true,,POST,http://20.210.36.32:8080/prediction/knn,HTTP/1.1,contacts,,200,,,http://20.210.36.32:8080/prediction/knn,,
http_req_tls_handshaking,1678217716,0.000000,,,,true,,POST,http://20.210.36.32:8080/prediction/knn,HTTP/1.1,contacts,,200,,,http://20.210.36.32:8080/prediction/knn,,
http_req_sending,1678217716,0.083101,,,,true,,POST,http://20.210.36.32:8080/prediction/knn,HTTP/1.1,contacts,,200,,,http://20.210.36.32:8080/prediction/knn,,
http_req_waiting,1678217716,1193.273441,,,,true,,POST,http://20.210.36.32:8080/prediction/knn,HTTP/1.1,contacts,,200,,,http://20.210.36.32:8080/prediction/knn,,
http_req_receiving,1678217716,0.284801,,,,true,,POST,http://20.210.36.32:8080/prediction/knn,HTTP/1.1,contacts,,200,,,http://20.210.36.32:8080/prediction/knn,,
http_req_failed,1678217716,0.000000,,,,true,,POST,http://20.210.36.32:8080/prediction/knn,HTTP/1.1,contacts,,200,,,http://20.210.36.32:8080/prediction/knn,,
responseTime,1678217716,1193.641343,,,,,,,,,contacts,,,,,,,
data_sent,1678217716,2088.000000,,,,,,,,,contacts,,,,,,,
data_received,1678217716,199.000000,,,,,,,,,contacts,,,,,,,
iteration_duration,1678217716,1198.043262,,,,,,,,,contacts,,,,,,,
iterations,1678217716,1.000000,,,,,,,,,contacts,,,,,,,
http_reqs,1678217716,1.000000,,,,true,,POST,http://20.210.36.32:8080/prediction/knn,HTTP/1.1,contacts,,200,,,http://20.210.36.32:8080/prediction/knn,,
http_req_duration,1678217716,1155.546982,,,,true,,POST,http://20.210.36.32:8080/prediction/knn,HTTP/1.1,contacts,,200,,,http://20.210.36.32:8080/prediction/knn,,
http_req_blocked,1678217716,3.901216,,,,true,,POST,http://20.210.36.32:8080/prediction/knn,HTTP/1.1,contacts,,200,,,http://20.210.36.32:8080/prediction/knn,,
http_req_connecting,1678217716,3.854416,,,,true,,POST,http://20.210.36.32:8080/prediction/knn,HTTP/1.1,contacts,,200,,,http://20.210.36.32:8080/prediction/knn,,
http_req_tls_handshaking,1678217716,0.000000,,,,true,,POST,http://20.210.36.32:8080/prediction/knn,HTTP/1.1,contacts,,200,,,http://20.210.36.32:8080/prediction/knn,,
http_req_sending,1678217716,0.231301,,,,true,,POST,http://20.210.36.32:8080/prediction/knn,HTTP/1.1,contacts,,200,,,http://20.210.36.32:8080/prediction/knn,,
http_req_waiting,1678217716,1154.794579,,,,true,,POST,http://20.210.36.32:8080/prediction/knn,HTTP/1.1,contacts,,200,,,http://20.210.36.32:8080/prediction/knn,,
http_req_receiving,1678217716,0.521102,,,,true,,POST,http://20.210.36.32:8080/prediction/knn,HTTP/1.1,contacts,,200,,,http://20.210.36.32:8080/prediction/knn,,
http_req_failed,1678217716,0.000000,,,,true,,POST,http://20.210.36.32:8080/prediction/knn,HTTP/1.1,contacts,,200,,,http://20.210.36.32:8080/prediction/knn,,
http_reqs,1678217716,1.000000,,,,true,,POST,http://20.210.36.32:8080/prediction/knn,HTTP/1.1,contacts,,200,,,http://20.210.36.32:8080/prediction/knn,,
http_req_duration,1678217716,995.015503,,,,true,,POST,http://20.210.36.32:8080/prediction/knn,HTTP/1.1,contacts,,200,,,http://20.210.36.32:8080/prediction/knn,,
http_req_blocked,1678217716,4.533319,,,,true,,POST,http://20.210.36.32:8080/prediction/knn,HTTP/1.1,contacts,,200,,,http://20.210.36.32:8080/prediction/knn,,
http_req_connecting,1678217716,3.995717,,,,true,,POST,http://20.210.36.32:8080/prediction/knn,HTTP/1.1,contacts,,200,,,http://20.210.36.32:8080/prediction/knn,,
http_req_tls_handshaking,1678217716,0.000000,,,,true,,POST,http://20.210.36.32:8080/prediction/knn,HTTP/1.1,contacts,,200,,,http://20.210.36.32:8080/prediction/knn,,
http_req_sending,1678217716,1.101304,,,,true,,POST,http://20.210.36.32:8080/prediction/knn,HTTP/1.1,contacts,,200,,,http://20.210.36.32:8080/prediction/knn,,
http_req_waiting,1678217716,993.694998,,,,true,,POST,http://20.210.36.32:8080/prediction/knn,HTTP/1.1,contacts,,200,,,http://20.210.36.32:8080/prediction/knn,,
http_req_receiving,1678217716,0.219201,,,,true,,POST,http://20.210.36.32:8080/prediction/knn,HTTP/1.1,contacts,,200,,,http://20.210.36.32:8080/prediction/knn,,
http_req_failed,1678217716,0.000000,,,,true,,POST,http://20.210.36.32:8080/prediction/knn,HTTP/1.1,contacts,,200,,,http://20.210.36.32:8080/prediction/knn,,
responseTime,1678217716,1155.546982,,,,,,,,,contacts,,,,,,,
data_sent,1678217716,2088.000000,,,,,,,,,contacts,,,,,,,
data_received,1678217716,199.000000,,,,,,,,,contacts,,,,,,,
iteration_duration,1678217716,1160.219301,,,,,,,,,contacts,,,,,,,
iterations,1678217716,1.000000,,,,,,,,,contacts,,,,,,,
responseTime,1678217716,995.015503,,,,,,,,,contacts,,,,,,,
data_sent,1678217716,2088.000000,,,,,,,,,contacts,,,,,,,
data_received,1678217716,199.000000,,,,,,,,,contacts,,,,,,,
iteration_duration,1678217716,1000.277426,,,,,,,,,contacts,,,,,,,
iterations,1678217716,1.000000,,,,,,,,,contacts,,,,,,,
http_reqs,1678217716,1.000000,,,,true,,POST,http://20.210.36.32:8080/prediction/knn,HTTP/1.1,contacts,,200,,,http://20.210.36.32:8080/prediction/knn,,
http_req_duration,1678217716,962.047464,,,,true,,POST,http://20.210.36.32:8080/prediction/knn,HTTP/1.1,contacts,,200,,,http://20.210.36.32:8080/prediction/knn,,
http_req_blocked,1678217716,3.545315,,,,true,,POST,http://20.210.36.32:8080/prediction/knn,HTTP/1.1,contacts,,200,,,http://20.210.36.32:8080/prediction/knn,,
http_req_connecting,1678217716,3.340115,,,,true,,POST,http://20.210.36.32:8080/prediction/knn,HTTP/1.1,contacts,,200,,,http://20.210.36.32:8080/prediction/knn,,
http_req_tls_handshaking,1678217716,0.000000,,,,true,,POST,http://20.210.36.32:8080/prediction/knn,HTTP/1.1,contacts,,200,,,http://20.210.36.32:8080/prediction/knn,,
http_req_sending,1678217716,0.060500,,,,true,,POST,http://20.210.36.32:8080/prediction/knn,HTTP/1.1,contacts,,200,,,http://20.210.36.32:8080/prediction/knn,,
http_req_waiting,1678217716,961.864163,,,,true,,POST,http://20.210.36.32:8080/prediction/knn,HTTP/1.1,contacts,,200,,,http://20.210.36.32:8080/prediction/knn,,
http_req_receiving,1678217716,0.122801,,,,true,,POST,http://20.210.36.32:8080/prediction/knn,HTTP/1.1,contacts,,200,,,http://20.210.36.32:8080/prediction/knn,,
http_req_failed,1678217716,0.000000,,,,true,,POST,http://20.210.36.32:8080/prediction/knn,HTTP/1.1,contacts,,200,,,http://20.210.36.32:8080/prediction/knn,,
responseTime,1678217716,962.047464,,,,,,,,,contacts,,,,,,,
data_sent,1678217716,2088.000000,,,,,,,,,contacts,,,,,,,
data_received,1678217716,199.000000,,,,,,,,,contacts,,,,,,,
iteration_duration,1678217716,966.115781,,,,,,,,,contacts,,,,,,,
iterations,1678217716,1.000000,,,,,,,,,contacts,,,,,,,
http_reqs,1678217716,1.000000,,,,true,,POST,http://20.210.36.32:8080/prediction/knn,HTTP/1.1,contacts,,200,,,http://20.210.36.32:8080/prediction/knn,,
http_req_duration,1678217716,972.394308,,,,true,,POST,http://20.210.36.32:8080/prediction/knn,HTTP/1.1,contacts,,200,,,http://20.210.36.32:8080/prediction/knn,,
http_req_blocked,1678217716,4.165818,,,,true,,POST,http://20.210.36.32:8080/prediction/knn,HTTP/1.1,contacts,,200,,,http://20.210.36.32:8080/prediction/knn,,
http_req_connecting,1678217716,4.051618,,,,true,,POST,http://20.210.36.32:8080/prediction/knn,HTTP/1.1,contacts,,200,,,http://20.210.36.32:8080/prediction/knn,,
http_req_tls_handshaking,1678217716,0.000000,,,,true,,POST,http://20.210.36.32:8080/prediction/knn,HTTP/1.1,contacts,,200,,,http://20.210.36.32:8080/prediction/knn,,
http_req_sending,1678217716,0.126200,,,,true,,POST,http://20.210.36.32:8080/prediction/knn,HTTP/1.1,contacts,,200,,,http://20.210.36.32:8080/prediction/knn,,
http_req_waiting,1678217716,972.144607,,,,true,,POST,http://20.210.36.32:8080/prediction/knn,HTTP/1.1,contacts,,200,,,http://20.210.36.32:8080/prediction/knn,,
http_req_receiving,1678217716,0.123501,,,,true,,POST,http://20.210.36.32:8080/prediction/knn,HTTP/1.1,contacts,,200,,,http://20.210.36.32:8080/prediction/knn,,
http_req_failed,1678217716,0.000000,,,,true,,POST,http://20.210.36.32:8080/prediction/knn,HTTP/1.1,contacts,,200,,,http://20.210.36.32:8080/prediction/knn,,
http_reqs,1678217716,1.000000,,,,true,,POST,http://20.210.36.32:8080/prediction/knn,HTTP/1.1,contacts,,200,,,http://20.210.36.32:8080/prediction/knn,,
http_req_duration,1678217716,1243.603954,,,,true,,POST,http://20.210.36.32:8080/prediction/knn,HTTP/1.1,contacts,,200,,,http://20.210.36.32:8080/prediction/knn,,
http_req_blocked,1678217716,3.973617,,,,true,,POST,http://20.210.36.32:8080/prediction/knn,HTTP/1.1,contacts,,200,,,http://20.210.36.32:8080/prediction/knn,,
http_req_connecting,1678217716,3.872917,,,,true,,POST,http://20.210.36.32:8080/prediction/knn,HTTP/1.1,contacts,,200,,,http://20.210.36.32:8080/prediction/knn,,
http_req_tls_handshaking,1678217716,0.000000,,,,true,,POST,http://20.210.36.32:8080/prediction/knn,HTTP/1.1,contacts,,200,,,http://20.210.36.32:8080/prediction/knn,,
http_req_sending,1678217716,0.172901,,,,true,,POST,http://20.210.36.32:8080/prediction/knn,HTTP/1.1,contacts,,200,,,http://20.210.36.32:8080/prediction/knn,,
http_req_waiting,1678217716,1243.339952,,,,true,,POST,http://20.210.36.32:8080/prediction/knn,HTTP/1.1,contacts,,200,,,http://20.210.36.32:8080/prediction/knn,,
http_req_receiving,1678217716,0.091101,,,,true,,POST,http://20.210.36.32:8080/prediction/knn,HTTP/1.1,contacts,,200,,,http://20.210.36.32:8080/prediction/knn,,
http_req_failed,1678217716,0.000000,,,,true,,POST,http://20.210.36.32:8080/prediction/knn,HTTP/1.1,contacts,,200,,,http://20.210.36.32:8080/prediction/knn,,
responseTime,1678217716,972.394308,,,,,,,,,contacts,,,,,,,
data_sent,1678217716,2088.000000,,,,,,,,,contacts,,,,,,,
data_received,1678217716,199.000000,,,,,,,,,contacts,,,,,,,
iteration_duration,1678217716,977.141628,,,,,,,,,contacts,,,,,,,
iterations,1678217716,1.000000,,,,,,,,,contacts,,,,,,,
responseTime,1678217716,1243.603954,,,,,,,,,contacts,,,,,,,
data_sent,1678217716,2088.000000,,,,,,,,,contacts,,,,,,,
data_received,1678217716,199.000000,,,,,,,,,contacts,,,,,,,
iteration_duration,1678217716,1248.719575,,,,,,,,,contacts,,,,,,,
iterations,1678217716,1.000000,,,,,,,,,contacts,,,,,,,
http_reqs,1678217716,1.000000,,,,true,,POST,http://20.210.36.32:8080/prediction/knn,HTTP/1.1,contacts,,200,,,http://20.210.36.32:8080/prediction/knn,,
http_req_duration,1678217716,975.271420,,,,true,,POST,http://20.210.36.32:8080/prediction/knn,HTTP/1.1,contacts,,200,,,http://20.210.36.32:8080/prediction/knn,,
http_req_blocked,1678217716,3.964016,,,,true,,POST,http://20.210.36.32:8080/prediction/knn,HTTP/1.1,contacts,,200,,,http://20.210.36.32:8080/prediction/knn,,
http_req_connecting,1678217716,3.889816,,,,true,,POST,http://20.210.36.32:8080/prediction/knn,HTTP/1.1,contacts,,200,,,http://20.210.36.32:8080/prediction/knn,,
http_req_tls_handshaking,1678217716,0.000000,,,,true,,POST,http://20.210.36.32:8080/prediction/knn,HTTP/1.1,contacts,,200,,,http://20.210.36.32:8080/prediction/knn,,
http_req_sending,1678217716,0.103901,,,,true,,POST,http://20.210.36.32:8080/prediction/knn,HTTP/1.1,contacts,,200,,,http://20.210.36.32:8080/prediction/knn,,
http_req_waiting,1678217716,975.097119,,,,true,,POST,http://20.210.36.32:8080/prediction/knn,HTTP/1.1,contacts,,200,,,http://20.210.36.32:8080/prediction/knn,,
http_req_receiving,1678217716,0.070400,,,,true,,POST,http://20.210.36.32:8080/prediction/knn,HTTP/1.1,contacts,,200,,,http://20.210.36.32:8080/prediction/knn,,
http_req_failed,1678217716,0.000000,,,,true,,POST,http://20.210.36.32:8080/prediction/knn,HTTP/1.1,contacts,,200,,,http://20.210.36.32:8080/prediction/knn,,
responseTime,1678217716,975.271420,,,,,,,,,contacts,,,,,,,
data_sent,1678217716,2088.000000,,,,,,,,,contacts,,,,,,,
data_received,1678217716,199.000000,,,,,,,,,contacts,,,,,,,
iteration_duration,1678217716,980.070340,,,,,,,,,contacts,,,,,,,
iterations,1678217716,1.000000,,,,,,,,,contacts,,,,,,,
http_reqs,1678217716,1.000000,,,,true,,POST,http://20.210.36.32:8080/prediction/knn,HTTP/1.1,contacts,,200,,,http://20.210.36.32:8080/prediction/knn,,
http_req_duration,1678217716,1209.896111,,,,true,,POST,http://20.210.36.32:8080/prediction/knn,HTTP/1.1,contacts,,200,,,http://20.210.36.32:8080/prediction/knn,,
http_req_blocked,1678217716,3.693016,,,,true,,POST,http://20.210.36.32:8080/prediction/knn,HTTP/1.1,contacts,,200,,,http://20.210.36.32:8080/prediction/knn,,
http_req_connecting,1678217716,3.594815,,,,true,,POST,http://20.210.36.32:8080/prediction/knn,HTTP/1.1,contacts,,200,,,http://20.210.36.32:8080/prediction/knn,,
http_req_tls_handshaking,1678217716,0.000000,,,,true,,POST,http://20.210.36.32:8080/prediction/knn,HTTP/1.1,contacts,,200,,,http://20.210.36.32:8080/prediction/knn,,
http_req_sending,1678217716,0.071900,,,,true,,POST,http://20.210.36.32:8080/prediction/knn,HTTP/1.1,contacts,,200,,,http://20.210.36.32:8080/prediction/knn,,
http_req_waiting,1678217716,1209.735111,,,,true,,POST,http://20.210.36.32:8080/prediction/knn,HTTP/1.1,contacts,,200,,,http://20.210.36.32:8080/prediction/knn,,
http_req_receiving,1678217716,0.089100,,,,true,,POST,http://20.210.36.32:8080/prediction/knn,HTTP/1.1,contacts,,200,,,http://20.210.36.32:8080/prediction/knn,,
http_req_failed,1678217716,0.000000,,,,true,,POST,http://20.210.36.32:8080/prediction/knn,HTTP/1.1,contacts,,200,,,http://20.210.36.32:8080/prediction/knn,,
responseTime,1678217716,1209.896111,,,,,,,,,contacts,,,,,,,
data_sent,1678217716,2088.000000,,,,,,,,,contacts,,,,,,,
data_received,1678217716,199.000000,,,,,,,,,contacts,,,,,,,
iteration_duration,1678217716,1214.663832,,,,,,,,,contacts,,,,,,,
iterations,1678217716,1.000000,,,,,,,,,contacts,,,,,,,
http_reqs,1678217716,1.000000,,,,true,,POST,http://20.210.36.32:8080/prediction/knn,HTTP/1.1,contacts,,200,,,http://20.210.36.32:8080/prediction/knn,,
http_req_duration,1678217716,1137.523206,,,,true,,POST,http://20.210.36.32:8080/prediction/knn,HTTP/1.1,contacts,,200,,,http://20.210.36.32:8080/prediction/knn,,
http_req_blocked,1678217716,4.540520,,,,true,,POST,http://20.210.36.32:8080/prediction/knn,HTTP/1.1,contacts,,200,,,http://20.210.36.32:8080/prediction/knn,,
http_req_connecting,1678217716,4.426918,,,,true,,POST,http://20.210.36.32:8080/prediction/knn,HTTP/1.1,contacts,,200,,,http://20.210.36.32:8080/prediction/knn,,
http_req_tls_handshaking,1678217716,0.000000,,,,true,,POST,http://20.210.36.32:8080/prediction/knn,HTTP/1.1,contacts,,200,,,http://20.210.36.32:8080/prediction/knn,,
http_req_sending,1678217716,0.099101,,,,true,,POST,http://20.210.36.32:8080/prediction/knn,HTTP/1.1,contacts,,200,,,http://20.210.36.32:8080/prediction/knn,,
http_req_waiting,1678217716,1137.345005,,,,true,,POST,http://20.210.36.32:8080/prediction/knn,HTTP/1.1,contacts,,200,,,http://20.210.36.32:8080/prediction/knn,,
http_req_receiving,1678217716,0.079100,,,,true,,POST,http://20.210.36.32:8080/prediction/knn,HTTP/1.1,contacts,,200,,,http://20.210.36.32:8080/prediction/knn,,
http_req_failed,1678217716,0.000000,,,,true,,POST,http://20.210.36.32:8080/prediction/knn,HTTP/1.1,contacts,,200,,,http://20.210.36.32:8080/prediction/knn,,
responseTime,1678217716,1137.523206,,,,,,,,,contacts,,,,,,,
data_sent,1678217716,2088.000000,,,,,,,,,contacts,,,,,,,
data_received,1678217716,199.000000,,,,,,,,,contacts,,,,,,,
iteration_duration,1678217716,1142.813028,,,,,,,,,contacts,,,,,,,
iterations,1678217716,1.000000,,,,,,,,,contacts,,,,,,,
http_reqs,1678217716,1.000000,,,,true,,POST,http://20.210.36.32:8080/prediction/knn,HTTP/1.1,contacts,,200,,,http://20.210.36.32:8080/prediction/knn,,
http_req_duration,1678217716,1022.451019,,,,true,,POST,http://20.210.36.32:8080/prediction/knn,HTTP/1.1,contacts,,200,,,http://20.210.36.32:8080/prediction/knn,,
http_req_blocked,1678217716,4.407619,,,,true,,POST,http://20.210.36.32:8080/prediction/knn,HTTP/1.1,contacts,,200,,,http://20.210.36.32:8080/prediction/knn,,
http_req_connecting,1678217716,4.264218,,,,true,,POST,http://20.210.36.32:8080/prediction/knn,HTTP/1.1,contacts,,200,,,http://20.210.36.32:8080/prediction/knn,,
http_req_tls_handshaking,1678217716,0.000000,,,,true,,POST,http://20.210.36.32:8080/prediction/knn,HTTP/1.1,contacts,,200,,,http://20.210.36.32:8080/prediction/knn,,
http_req_sending,1678217716,0.100900,,,,true,,POST,http://20.210.36.32:8080/prediction/knn,HTTP/1.1,contacts,,200,,,http://20.210.36.32:8080/prediction/knn,,
http_req_waiting,1678217716,1022.258819,,,,true,,POST,http://20.210.36.32:8080/prediction/knn,HTTP/1.1,contacts,,200,,,http://20.210.36.32:8080/prediction/knn,,
http_req_receiving,1678217716,0.091300,,,,true,,POST,http://20.210.36.32:8080/prediction/knn,HTTP/1.1,contacts,,200,,,http://20.210.36.32:8080/prediction/knn,,
http_req_failed,1678217716,0.000000,,,,true,,POST,http://20.210.36.32:8080/prediction/knn,HTTP/1.1,contacts,,200,,,http://20.210.36.32:8080/prediction/knn,,
responseTime,1678217716,1022.451019,,,,,,,,,contacts,,,,,,,
data_sent,1678217716,2088.000000,,,,,,,,,contacts,,,,,,,
data_received,1678217716,199.000000,,,,,,,,,contacts,,,,,,,
iteration_duration,1678217716,1027.645341,,,,,,,,,contacts,,,,,,,
iterations,1678217716,1.000000,,,,,,,,,contacts,,,,,,,
http_reqs,1678217716,1.000000,,,,true,,POST,http://20.210.36.32:8080/prediction/knn,HTTP/1.1,contacts,,200,,,http://20.210.36.32:8080/prediction/knn,,
http_req_duration,1678217716,1004.654445,,,,true,,POST,http://20.210.36.32:8080/prediction/knn,HTTP/1.1,contacts,,200,,,http://20.210.36.32:8080/prediction/knn,,
http_req_blocked,1678217716,3.736416,,,,true,,POST,http://20.210.36.32:8080/prediction/knn,HTTP/1.1,contacts,,200,,,http://20.210.36.32:8080/prediction/knn,,
http_req_connecting,1678217716,3.663815,,,,true,,POST,http://20.210.36.32:8080/prediction/knn,HTTP/1.1,contacts,,200,,,http://20.210.36.32:8080/prediction/knn,,
http_req_tls_handshaking,1678217716,0.000000,,,,true,,POST,http://20.210.36.32:8080/prediction/knn,HTTP/1.1,contacts,,200,,,http://20.210.36.32:8080/prediction/knn,,
http_req_sending,1678217716,0.090601,,,,true,,POST,http://20.210.36.32:8080/prediction/knn,HTTP/1.1,contacts,,200,,,http://20.210.36.32:8080/prediction/knn,,
http_req_waiting,1678217716,1004.182042,,,,true,,POST,http://20.210.36.32:8080/prediction/knn,HTTP/1.1,contacts,,200,,,http://20.210.36.32:8080/prediction/knn,,
http_req_receiving,1678217716,0.381802,,,,true,,POST,http://20.210.36.32:8080/prediction/knn,HTTP/1.1,contacts,,200,,,http://20.210.36.32:8080/prediction/knn,,
http_req_failed,1678217716,0.000000,,,,true,,POST,http://20.210.36.32:8080/prediction/knn,HTTP/1.1,contacts,,200,,,http://20.210.36.32:8080/prediction/knn,,
http_reqs,1678217716,1.000000,,,,true,,POST,http://20.210.36.32:8080/prediction/knn,HTTP/1.1,contacts,,200,,,http://20.210.36.32:8080/prediction/knn,,
http_req_duration,1678217716,971.497904,,,,true,,POST,http://20.210.36.32:8080/prediction/knn,HTTP/1.1,contacts,,200,,,http://20.210.36.32:8080/prediction/knn,,
http_req_blocked,1678217716,2.121609,,,,true,,POST,http://20.210.36.32:8080/prediction/knn,HTTP/1.1,contacts,,200,,,http://20.210.36.32:8080/prediction/knn,,
http_req_connecting,1678217716,2.001609,,,,true,,POST,http://20.210.36.32:8080/prediction/knn,HTTP/1.1,contacts,,200,,,http://20.210.36.32:8080/prediction/knn,,
http_req_tls_handshaking,1678217716,0.000000,,,,true,,POST,http://20.210.36.32:8080/prediction/knn,HTTP/1.1,contacts,,200,,,http://20.210.36.32:8080/prediction/knn,,
http_req_sending,1678217716,0.094900,,,,true,,POST,http://20.210.36.32:8080/prediction/knn,HTTP/1.1,contacts,,200,,,http://20.210.36.32:8080/prediction/knn,,
http_req_waiting,1678217716,971.337004,,,,true,,POST,http://20.210.36.32:8080/prediction/knn,HTTP/1.1,contacts,,200,,,http://20.210.36.32:8080/prediction/knn,,
http_req_receiving,1678217716,0.066000,,,,true,,POST,http://20.210.36.32:8080/prediction/knn,HTTP/1.1,contacts,,200,,,http://20.210.36.32:8080/prediction/knn,,
http_req_failed,1678217716,0.000000,,,,true,,POST,http://20.210.36.32:8080/prediction/knn,HTTP/1.1,contacts,,200,,,http://20.210.36.32:8080/prediction/knn,,
responseTime,1678217716,1004.654445,,,,,,,,,contacts,,,,,,,
data_sent,1678217716,2088.000000,,,,,,,,,contacts,,,,,,,
data_received,1678217716,199.000000,,,,,,,,,contacts,,,,,,,
iteration_duration,1678217716,1009.371864,,,,,,,,,contacts,,,,,,,
iterations,1678217716,1.000000,,,,,,,,,contacts,,,,,,,
responseTime,1678217716,971.497904,,,,,,,,,contacts,,,,,,,
data_sent,1678217716,2088.000000,,,,,,,,,contacts,,,,,,,
data_received,1678217716,199.000000,,,,,,,,,contacts,,,,,,,
iteration_duration,1678217716,974.336317,,,,,,,,,contacts,,,,,,,
iterations,1678217716,1.000000,,,,,,,,,contacts,,,,,,,
http_reqs,1678217716,1.000000,,,,true,,POST,http://20.210.36.32:8080/prediction/knn,HTTP/1.1,contacts,,200,,,http://20.210.36.32:8080/prediction/knn,,
http_req_duration,1678217716,949.626112,,,,true,,POST,http://20.210.36.32:8080/prediction/knn,HTTP/1.1,contacts,,200,,,http://20.210.36.32:8080/prediction/knn,,
http_req_blocked,1678217716,2.226010,,,,true,,POST,http://20.210.36.32:8080/prediction/knn,HTTP/1.1,contacts,,200,,,http://20.210.36.32:8080/prediction/knn,,
http_req_connecting,1678217716,2.021908,,,,true,,POST,http://20.210.36.32:8080/prediction/knn,HTTP/1.1,contacts,,200,,,http://20.210.36.32:8080/prediction/knn,,
http_req_tls_handshaking,1678217716,0.000000,,,,true,,POST,http://20.210.36.32:8080/prediction/knn,HTTP/1.1,contacts,,200,,,http://20.210.36.32:8080/prediction/knn,,
http_req_sending,1678217716,0.072001,,,,true,,POST,http://20.210.36.32:8080/prediction/knn,HTTP/1.1,contacts,,200,,,http://20.210.36.32:8080/prediction/knn,,
http_req_waiting,1678217716,948.594607,,,,true,,POST,http://20.210.36.32:8080/prediction/knn,HTTP/1.1,contacts,,200,,,http://20.210.36.32:8080/prediction/knn,,
http_req_receiving,1678217716,0.959504,,,,true,,POST,http://20.210.36.32:8080/prediction/knn,HTTP/1.1,contacts,,200,,,http://20.210.36.32:8080/prediction/knn,,
http_req_failed,1678217716,0.000000,,,,true,,POST,http://20.210.36.32:8080/prediction/knn,HTTP/1.1,contacts,,200,,,http://20.210.36.32:8080/prediction/knn,,
http_reqs,1678217716,1.000000,,,,true,,POST,http://20.210.36.32:8080/prediction/knn,HTTP/1.1,contacts,,200,,,http://20.210.36.32:8080/prediction/knn,,
http_req_duration,1678217716,1003.132638,,,,true,,POST,http://20.210.36.32:8080/prediction/knn,HTTP/1.1,contacts,,200,,,http://20.210.36.32:8080/prediction/knn,,
http_req_blocked,1678217716,4.440819,,,,true,,POST,http://20.210.36.32:8080/prediction/knn,HTTP/1.1,contacts,,200,,,http://20.210.36.32:8080/prediction/knn,,
http_req_connecting,1678217716,4.341618,,,,true,,POST,http://20.210.36.32:8080/prediction/knn,HTTP/1.1,contacts,,200,,,http://20.210.36.32:8080/prediction/knn,,
http_req_tls_handshaking,1678217716,0.000000,,,,true,,POST,http://20.210.36.32:8080/prediction/knn,HTTP/1.1,contacts,,200,,,http://20.210.36.32:8080/prediction/knn,,
http_req_sending,1678217716,0.104100,,,,true,,POST,http://20.210.36.32:8080/prediction/knn,HTTP/1.1,contacts,,200,,,http://20.210.36.32:8080/prediction/knn,,
http_req_waiting,1678217716,1002.900937,,,,true,,POST,http://20.210.36.32:8080/prediction/knn,HTTP/1.1,contacts,,200,,,http://20.210.36.32:8080/prediction/knn,,
http_req_receiving,1678217716,0.127601,,,,true,,POST,http://20.210.36.32:8080/prediction/knn,HTTP/1.1,contacts,,200,,,http://20.210.36.32:8080/prediction/knn,,
http_req_failed,1678217716,0.000000,,,,true,,POST,http://20.210.36.32:8080/prediction/knn,HTTP/1.1,contacts,,200,,,http://20.210.36.32:8080/prediction/knn,,
responseTime,1678217716,1003.132638,,,,,,,,,contacts,,,,,,,
data_sent,1678217716,2088.000000,,,,,,,,,contacts,,,,,,,
data_received,1678217716,199.000000,,,,,,,,,contacts,,,,,,,
iteration_duration,1678217716,1008.087759,,,,,,,,,contacts,,,,,,,
iterations,1678217716,1.000000,,,,,,,,,contacts,,,,,,,
responseTime,1678217716,949.626112,,,,,,,,,contacts,,,,,,,
data_sent,1678217716,2088.000000,,,,,,,,,contacts,,,,,,,
data_received,1678217716,199.000000,,,,,,,,,contacts,,,,,,,
iteration_duration,1678217716,953.175127,,,,,,,,,contacts,,,,,,,
iterations,1678217716,1.000000,,,,,,,,,contacts,,,,,,,
http_reqs,1678217716,1.000000,,,,true,,POST,http://20.210.36.32:8080/prediction/knn,HTTP/1.1,contacts,,200,,,http://20.210.36.32:8080/prediction/knn,,
http_req_duration,1678217716,1103.335561,,,,true,,POST,http://20.210.36.32:8080/prediction/knn,HTTP/1.1,contacts,,200,,,http://20.210.36.32:8080/prediction/knn,,
http_req_blocked,1678217716,3.703216,,,,true,,POST,http://20.210.36.32:8080/prediction/knn,HTTP/1.1,contacts,,200,,,http://20.210.36.32:8080/prediction/knn,,
http_req_connecting,1678217716,3.613015,,,,true,,POST,http://20.210.36.32:8080/prediction/knn,HTTP/1.1,contacts,,200,,,http://20.210.36.32:8080/prediction/knn,,
http_req_tls_handshaking,1678217716,0.000000,,,,true,,POST,http://20.210.36.32:8080/prediction/knn,HTTP/1.1,contacts,,200,,,http://20.210.36.32:8080/prediction/knn,,
http_req_sending,1678217716,0.101100,,,,true,,POST,http://20.210.36.32:8080/prediction/knn,HTTP/1.1,contacts,,200,,,http://20.210.36.32:8080/prediction/knn,,
http_req_waiting,1678217716,1103.034960,,,,true,,POST,http://20.210.36.32:8080/prediction/knn,HTTP/1.1,contacts,,200,,,http://20.210.36.32:8080/prediction/knn,,
http_req_receiving,1678217716,0.199501,,,,true,,POST,http://20.210.36.32:8080/prediction/knn,HTTP/1.1,contacts,,200,,,http://20.210.36.32:8080/prediction/knn,,
http_req_failed,1678217716,0.000000,,,,true,,POST,http://20.210.36.32:8080/prediction/knn,HTTP/1.1,contacts,,200,,,http://20.210.36.32:8080/prediction/knn,,
responseTime,1678217716,1103.335561,,,,,,,,,contacts,,,,,,,
data_sent,1678217716,2088.000000,,,,,,,,,contacts,,,,,,,
data_received,1678217716,199.000000,,,,,,,,,contacts,,,,,,,
iteration_duration,1678217716,1107.485079,,,,,,,,,contacts,,,,,,,
iterations,1678217716,1.000000,,,,,,,,,contacts,,,,,,,
http_reqs,1678217716,1.000000,,,,true,,POST,http://20.210.36.32:8080/prediction/knn,HTTP/1.1,contacts,,200,,,http://20.210.36.32:8080/prediction/knn,,
http_req_duration,1678217716,1004.133742,,,,true,,POST,http://20.210.36.32:8080/prediction/knn,HTTP/1.1,contacts,,200,,,http://20.210.36.32:8080/prediction/knn,,
http_req_blocked,1678217716,2.337610,,,,true,,POST,http://20.210.36.32:8080/prediction/knn,HTTP/1.1,contacts,,200,,,http://20.210.36.32:8080/prediction/knn,,
http_req_connecting,1678217716,2.259210,,,,true,,POST,http://20.210.36.32:8080/prediction/knn,HTTP/1.1,contacts,,200,,,http://20.210.36.32:8080/prediction/knn,,
http_req_tls_handshaking,1678217716,0.000000,,,,true,,POST,http://20.210.36.32:8080/prediction/knn,HTTP/1.1,contacts,,200,,,http://20.210.36.32:8080/prediction/knn,,
http_req_sending,1678217716,0.092900,,,,true,,POST,http://20.210.36.32:8080/prediction/knn,HTTP/1.1,contacts,,200,,,http://20.210.36.32:8080/prediction/knn,,
http_req_waiting,1678217716,1003.938342,,,,true,,POST,http://20.210.36.32:8080/prediction/knn,HTTP/1.1,contacts,,200,,,http://20.210.36.32:8080/prediction/knn,,
http_req_receiving,1678217716,0.102500,,,,true,,POST,http://20.210.36.32:8080/prediction/knn,HTTP/1.1,contacts,,200,,,http://20.210.36.32:8080/prediction/knn,,
http_req_failed,1678217716,0.000000,,,,true,,POST,http://20.210.36.32:8080/prediction/knn,HTTP/1.1,contacts,,200,,,http://20.210.36.32:8080/prediction/knn,,
responseTime,1678217716,1004.133742,,,,,,,,,contacts,,,,,,,
data_sent,1678217716,2088.000000,,,,,,,,,contacts,,,,,,,
data_received,1678217716,199.000000,,,,,,,,,contacts,,,,,,,
iteration_duration,1678217716,1007.015354,,,,,,,,,contacts,,,,,,,
iterations,1678217716,1.000000,,,,,,,,,contacts,,,,,,,
http_reqs,1678217716,1.000000,,,,true,,POST,http://20.210.36.32:8080/prediction/knn,HTTP/1.1,contacts,,200,,,http://20.210.36.32:8080/prediction/knn,,
http_req_duration,1678217716,1064.266896,,,,true,,POST,http://20.210.36.32:8080/prediction/knn,HTTP/1.1,contacts,,200,,,http://20.210.36.32:8080/prediction/knn,,
http_req_blocked,1678217716,2.096509,,,,true,,POST,http://20.210.36.32:8080/prediction/knn,HTTP/1.1,contacts,,200,,,http://20.210.36.32:8080/prediction/knn,,
http_req_connecting,1678217716,2.039409,,,,true,,POST,http://20.210.36.32:8080/prediction/knn,HTTP/1.1,contacts,,200,,,http://20.210.36.32:8080/prediction/knn,,
http_req_tls_handshaking,1678217716,0.000000,,,,true,,POST,http://20.210.36.32:8080/prediction/knn,HTTP/1.1,contacts,,200,,,http://20.210.36.32:8080/prediction/knn,,
http_req_sending,1678217716,0.101100,,,,true,,POST,http://20.210.36.32:8080/prediction/knn,HTTP/1.1,contacts,,200,,,http://20.210.36.32:8080/prediction/knn,,
http_req_waiting,1678217716,1058.518772,,,,true,,POST,http://20.210.36.32:8080/prediction/knn,HTTP/1.1,contacts,,200,,,http://20.210.36.32:8080/prediction/knn,,
http_req_receiving,1678217716,5.647024,,,,true,,POST,http://20.210.36.32:8080/prediction/knn,HTTP/1.1,contacts,,200,,,http://20.210.36.32:8080/prediction/knn,,
http_req_failed,1678217716,0.000000,,,,true,,POST,http://20.210.36.32:8080/prediction/knn,HTTP/1.1,contacts,,200,,,http://20.210.36.32:8080/prediction/knn,,
responseTime,1678217716,1064.266896,,,,,,,,,contacts,,,,,,,
data_sent,1678217716,2088.000000,,,,,,,,,contacts,,,,,,,
data_received,1678217716,199.000000,,,,,,,,,contacts,,,,,,,
iteration_duration,1678217716,1066.916708,,,,,,,,,contacts,,,,,,,
iterations,1678217716,1.000000,,,,,,,,,contacts,,,,,,,
http_reqs,1678217716,1.000000,,,,true,,POST,http://20.210.36.32:8080/prediction/knn,HTTP/1.1,contacts,,200,,,http://20.210.36.32:8080/prediction/knn,,
http_req_duration,1678217716,1123.445746,,,,true,,POST,http://20.210.36.32:8080/prediction/knn,HTTP/1.1,contacts,,200,,,http://20.210.36.32:8080/prediction/knn,,
http_req_blocked,1678217716,1.811808,,,,true,,POST,http://20.210.36.32:8080/prediction/knn,HTTP/1.1,contacts,,200,,,http://20.210.36.32:8080/prediction/knn,,
http_req_connecting,1678217716,1.723708,,,,true,,POST,http://20.210.36.32:8080/prediction/knn,HTTP/1.1,contacts,,200,,,http://20.210.36.32:8080/prediction/knn,,
http_req_tls_handshaking,1678217716,0.000000,,,,true,,POST,http://20.210.36.32:8080/prediction/knn,HTTP/1.1,contacts,,200,,,http://20.210.36.32:8080/prediction/knn,,
http_req_sending,1678217716,0.068500,,,,true,,POST,http://20.210.36.32:8080/prediction/knn,HTTP/1.1,contacts,,200,,,http://20.210.36.32:8080/prediction/knn,,
http_req_waiting,1678217716,1119.169828,,,,true,,POST,http://20.210.36.32:8080/prediction/knn,HTTP/1.1,contacts,,200,,,http://20.210.36.32:8080/prediction/knn,,
http_req_receiving,1678217716,4.207418,,,,true,,POST,http://20.210.36.32:8080/prediction/knn,HTTP/1.1,contacts,,200,,,http://20.210.36.32:8080/prediction/knn,,
http_req_failed,1678217716,0.000000,,,,true,,POST,http://20.210.36.32:8080/prediction/knn,HTTP/1.1,contacts,,200,,,http://20.210.36.32:8080/prediction/knn,,
responseTime,1678217716,1123.445746,,,,,,,,,contacts,,,,,,,
data_sent,1678217716,2088.000000,,,,,,,,,contacts,,,,,,,
data_received,1678217716,199.000000,,,,,,,,,contacts,,,,,,,
iteration_duration,1678217716,1125.880156,,,,,,,,,contacts,,,,,,,
iterations,1678217716,1.000000,,,,,,,,,contacts,,,,,,,
http_reqs,1678217716,1.000000,,,,true,,POST,http://20.210.36.32:8080/prediction/knn,HTTP/1.1,contacts,,200,,,http://20.210.36.32:8080/prediction/knn,,
http_req_duration,1678217716,1092.213614,,,,true,,POST,http://20.210.36.32:8080/prediction/knn,HTTP/1.1,contacts,,200,,,http://20.210.36.32:8080/prediction/knn,,
http_req_blocked,1678217716,2.195209,,,,true,,POST,http://20.210.36.32:8080/prediction/knn,HTTP/1.1,contacts,,200,,,http://20.210.36.32:8080/prediction/knn,,
http_req_connecting,1678217716,2.124109,,,,true,,POST,http://20.210.36.32:8080/prediction/knn,HTTP/1.1,contacts,,200,,,http://20.210.36.32:8080/prediction/knn,,
http_req_tls_handshaking,1678217716,0.000000,,,,true,,POST,http://20.210.36.32:8080/prediction/knn,HTTP/1.1,contacts,,200,,,http://20.210.36.32:8080/prediction/knn,,
http_req_sending,1678217716,0.085800,,,,true,,POST,http://20.210.36.32:8080/prediction/knn,HTTP/1.1,contacts,,200,,,http://20.210.36.32:8080/prediction/knn,,
http_req_waiting,1678217716,1092.016714,,,,true,,POST,http://20.210.36.32:8080/prediction/knn,HTTP/1.1,contacts,,200,,,http://20.210.36.32:8080/prediction/knn,,
http_req_receiving,1678217716,0.111100,,,,true,,POST,http://20.210.36.32:8080/prediction/knn,HTTP/1.1,contacts,,200,,,http://20.210.36.32:8080/prediction/knn,,
http_req_failed,1678217716,0.000000,,,,true,,POST,http://20.210.36.32:8080/prediction/knn,HTTP/1.1,contacts,,200,,,http://20.210.36.32:8080/prediction/knn,,
responseTime,1678217716,1092.213614,,,,,,,,,contacts,,,,,,,
data_sent,1678217716,2088.000000,,,,,,,,,contacts,,,,,,,
data_received,1678217716,199.000000,,,,,,,,,contacts,,,,,,,
iteration_duration,1678217716,1094.961225,,,,,,,,,contacts,,,,,,,
iterations,1678217716,1.000000,,,,,,,,,contacts,,,,,,,
http_reqs,1678217716,1.000000,,,,true,,POST,http://20.210.36.32:8080/prediction/knn,HTTP/1.1,contacts,,200,,,http://20.210.36.32:8080/prediction/knn,,
http_req_duration,1678217716,1134.915795,,,,true,,POST,http://20.210.36.32:8080/prediction/knn,HTTP/1.1,contacts,,200,,,http://20.210.36.32:8080/prediction/knn,,
http_req_blocked,1678217716,2.531211,,,,true,,POST,http://20.210.36.32:8080/prediction/knn,HTTP/1.1,contacts,,200,,,http://20.210.36.32:8080/prediction/knn,,
http_req_connecting,1678217716,2.281010,,,,true,,POST,http://20.210.36.32:8080/prediction/knn,HTTP/1.1,contacts,,200,,,http://20.210.36.32:8080/prediction/knn,,
http_req_tls_handshaking,1678217716,0.000000,,,,true,,POST,http://20.210.36.32:8080/prediction/knn,HTTP/1.1,contacts,,200,,,http://20.210.36.32:8080/prediction/knn,,
http_req_sending,1678217716,0.280901,,,,true,,POST,http://20.210.36.32:8080/prediction/knn,HTTP/1.1,contacts,,200,,,http://20.210.36.32:8080/prediction/knn,,
http_req_waiting,1678217716,1134.546093,,,,true,,POST,http://20.210.36.32:8080/prediction/knn,HTTP/1.1,contacts,,200,,,http://20.210.36.32:8080/prediction/knn,,
http_req_receiving,1678217716,0.088801,,,,true,,POST,http://20.210.36.32:8080/prediction/knn,HTTP/1.1,contacts,,200,,,http://20.210.36.32:8080/prediction/knn,,
http_req_failed,1678217716,0.000000,,,,true,,POST,http://20.210.36.32:8080/prediction/knn,HTTP/1.1,contacts,,200,,,http://20.210.36.32:8080/prediction/knn,,
responseTime,1678217716,1134.915795,,,,,,,,,contacts,,,,,,,
data_sent,1678217716,2088.000000,,,,,,,,,contacts,,,,,,,
data_received,1678217716,199.000000,,,,,,,,,contacts,,,,,,,
iteration_duration,1678217716,1138.060808,,,,,,,,,contacts,,,,,,,
iterations,1678217716,1.000000,,,,,,,,,contacts,,,,,,,
http_reqs,1678217716,1.000000,,,,true,,POST,http://20.210.36.32:8080/prediction/knn,HTTP/1.1,contacts,,200,,,http://20.210.36.32:8080/prediction/knn,,
http_req_duration,1678217716,1127.304262,,,,true,,POST,http://20.210.36.32:8080/prediction/knn,HTTP/1.1,contacts,,200,,,http://20.210.36.32:8080/prediction/knn,,
http_req_blocked,1678217716,2.069409,,,,true,,POST,http://20.210.36.32:8080/prediction/knn,HTTP/1.1,contacts,,200,,,http://20.210.36.32:8080/prediction/knn,,
http_req_connecting,1678217716,2.003008,,,,true,,POST,http://20.210.36.32:8080/prediction/knn,HTTP/1.1,contacts,,200,,,http://20.210.36.32:8080/prediction/knn,,
http_req_tls_handshaking,1678217716,0.000000,,,,true,,POST,http://20.210.36.32:8080/prediction/knn,HTTP/1.1,contacts,,200,,,http://20.210.36.32:8080/prediction/knn,,
http_req_sending,1678217716,0.118300,,,,true,,POST,http://20.210.36.32:8080/prediction/knn,HTTP/1.1,contacts,,200,,,http://20.210.36.32:8080/prediction/knn,,
http_req_waiting,1678217716,1127.068762,,,,true,,POST,http://20.210.36.32:8080/prediction/knn,HTTP/1.1,contacts,,200,,,http://20.210.36.32:8080/prediction/knn,,
http_req_receiving,1678217716,0.117200,,,,true,,POST,http://20.210.36.32:8080/prediction/knn,HTTP/1.1,contacts,,200,,,http://20.210.36.32:8080/prediction/knn,,
http_req_failed,1678217716,0.000000,,,,true,,POST,http://20.210.36.32:8080/prediction/knn,HTTP/1.1,contacts,,200,,,http://20.210.36.32:8080/prediction/knn,,
responseTime,1678217716,1127.304262,,,,,,,,,contacts,,,,,,,
data_sent,1678217716,2088.000000,,,,,,,,,contacts,,,,,,,
data_received,1678217716,199.000000,,,,,,,,,contacts,,,,,,,
iteration_duration,1678217716,1129.882373,,,,,,,,,contacts,,,,,,,
iterations,1678217716,1.000000,,,,,,,,,contacts,,,,,,,
http_reqs,1678217716,1.000000,,,,true,,POST,http://20.210.36.32:8080/prediction/knn,HTTP/1.1,contacts,,200,,,http://20.210.36.32:8080/prediction/knn,,
http_req_duration,1678217716,992.790794,,,,true,,POST,http://20.210.36.32:8080/prediction/knn,HTTP/1.1,contacts,,200,,,http://20.210.36.32:8080/prediction/knn,,
http_req_blocked,1678217716,2.247909,,,,true,,POST,http://20.210.36.32:8080/prediction/knn,HTTP/1.1,contacts,,200,,,http://20.210.36.32:8080/prediction/knn,,
http_req_connecting,1678217716,2.086509,,,,true,,POST,http://20.210.36.32:8080/prediction/knn,HTTP/1.1,contacts,,200,,,http://20.210.36.32:8080/prediction/knn,,
http_req_tls_handshaking,1678217716,0.000000,,,,true,,POST,http://20.210.36.32:8080/prediction/knn,HTTP/1.1,contacts,,200,,,http://20.210.36.32:8080/prediction/knn,,
http_req_sending,1678217716,0.113001,,,,true,,POST,http://20.210.36.32:8080/prediction/knn,HTTP/1.1,contacts,,200,,,http://20.210.36.32:8080/prediction/knn,,
http_req_waiting,1678217716,986.740468,,,,true,,POST,http://20.210.36.32:8080/prediction/knn,HTTP/1.1,contacts,,200,,,http://20.210.36.32:8080/prediction/knn,,
http_req_receiving,1678217716,5.937325,,,,true,,POST,http://20.210.36.32:8080/prediction/knn,HTTP/1.1,contacts,,200,,,http://20.210.36.32:8080/prediction/knn,,
http_req_failed,1678217716,0.000000,,,,true,,POST,http://20.210.36.32:8080/prediction/knn,HTTP/1.1,contacts,,200,,,http://20.210.36.32:8080/prediction/knn,,
responseTime,1678217716,992.790794,,,,,,,,,contacts,,,,,,,
data_sent,1678217716,2088.000000,,,,,,,,,contacts,,,,,,,
data_received,1678217716,199.000000,,,,,,,,,contacts,,,,,,,
iteration_duration,1678217716,995.495006,,,,,,,,,contacts,,,,,,,
iterations,1678217716,1.000000,,,,,,,,,contacts,,,,,,,
http_reqs,1678217716,1.000000,,,,true,,POST,http://20.210.36.32:8080/prediction/knn,HTTP/1.1,contacts,,200,,,http://20.210.36.32:8080/prediction/knn,,
http_req_duration,1678217716,1124.858853,,,,true,,POST,http://20.210.36.32:8080/prediction/knn,HTTP/1.1,contacts,,200,,,http://20.210.36.32:8080/prediction/knn,,
http_req_blocked,1678217716,2.197510,,,,true,,POST,http://20.210.36.32:8080/prediction/knn,HTTP/1.1,contacts,,200,,,http://20.210.36.32:8080/prediction/knn,,
http_req_connecting,1678217716,2.100709,,,,true,,POST,http://20.210.36.32:8080/prediction/knn,HTTP/1.1,contacts,,200,,,http://20.210.36.32:8080/prediction/knn,,
http_req_tls_handshaking,1678217716,0.000000,,,,true,,POST,http://20.210.36.32:8080/prediction/knn,HTTP/1.1,contacts,,200,,,http://20.210.36.32:8080/prediction/knn,,
http_req_sending,1678217716,0.097001,,,,true,,POST,http://20.210.36.32:8080/prediction/knn,HTTP/1.1,contacts,,200,,,http://20.210.36.32:8080/prediction/knn,,
http_req_waiting,1678217716,1115.863214,,,,true,,POST,http://20.210.36.32:8080/prediction/knn,HTTP/1.1,contacts,,200,,,http://20.210.36.32:8080/prediction/knn,,
http_req_receiving,1678217716,8.898638,,,,true,,POST,http://20.210.36.32:8080/prediction/knn,HTTP/1.1,contacts,,200,,,http://20.210.36.32:8080/prediction/knn,,
http_req_failed,1678217716,0.000000,,,,true,,POST,http://20.210.36.32:8080/prediction/knn,HTTP/1.1,contacts,,200,,,http://20.210.36.32:8080/prediction/knn,,
responseTime,1678217716,1124.858853,,,,,,,,,contacts,,,,,,,
data_sent,1678217716,2088.000000,,,,,,,,,contacts,,,,,,,
data_received,1678217716,199.000000,,,,,,,,,contacts,,,,,,,
iteration_duration,1678217716,1127.530163,,,,,,,,,contacts,,,,,,,
iterations,1678217716,1.000000,,,,,,,,,contacts,,,,,,,
http_reqs,1678217716,1.000000,,,,true,,POST,http://20.210.36.32:8080/prediction/knn,HTTP/1.1,contacts,,200,,,http://20.210.36.32:8080/prediction/knn,,
http_req_duration,1678217716,1053.018349,,,,true,,POST,http://20.210.36.32:8080/prediction/knn,HTTP/1.1,contacts,,200,,,http://20.210.36.32:8080/prediction/knn,,
http_req_blocked,1678217716,3.338014,,,,true,,POST,http://20.210.36.32:8080/prediction/knn,HTTP/1.1,contacts,,200,,,http://20.210.36.32:8080/prediction/knn,,
http_req_connecting,1678217716,3.263914,,,,true,,POST,http://20.210.36.32:8080/prediction/knn,HTTP/1.1,contacts,,200,,,http://20.210.36.32:8080/prediction/knn,,
http_req_tls_handshaking,1678217716,0.000000,,,,true,,POST,http://20.210.36.32:8080/prediction/knn,HTTP/1.1,contacts,,200,,,http://20.210.36.32:8080/prediction/knn,,
http_req_sending,1678217716,0.133900,,,,true,,POST,http://20.210.36.32:8080/prediction/knn,HTTP/1.1,contacts,,200,,,http://20.210.36.32:8080/prediction/knn,,
http_req_waiting,1678217716,1052.788748,,,,true,,POST,http://20.210.36.32:8080/prediction/knn,HTTP/1.1,contacts,,200,,,http://20.210.36.32:8080/prediction/knn,,
http_req_receiving,1678217716,0.095701,,,,true,,POST,http://20.210.36.32:8080/prediction/knn,HTTP/1.1,contacts,,200,,,http://20.210.36.32:8080/prediction/knn,,
http_req_failed,1678217716,0.000000,,,,true,,POST,http://20.210.36.32:8080/prediction/knn,HTTP/1.1,contacts,,200,,,http://20.210.36.32:8080/prediction/knn,,
responseTime,1678217716,1053.018349,,,,,,,,,contacts,,,,,,,
data_sent,1678217716,2088.000000,,,,,,,,,contacts,,,,,,,
data_received,1678217716,199.000000,,,,,,,,,contacts,,,,,,,
iteration_duration,1678217716,1057.039066,,,,,,,,,contacts,,,,,,,
iterations,1678217716,1.000000,,,,,,,,,contacts,,,,,,,
http_reqs,1678217716,1.000000,,,,true,,POST,http://20.210.36.32:8080/prediction/knn,HTTP/1.1,contacts,,200,,,http://20.210.36.32:8080/prediction/knn,,
http_req_duration,1678217716,1153.788374,,,,true,,POST,http://20.210.36.32:8080/prediction/knn,HTTP/1.1,contacts,,200,,,http://20.210.36.32:8080/prediction/knn,,
http_req_blocked,1678217716,2.049809,,,,true,,POST,http://20.210.36.32:8080/prediction/knn,HTTP/1.1,contacts,,200,,,http://20.210.36.32:8080/prediction/knn,,
http_req_connecting,1678217716,1.958109,,,,true,,POST,http://20.210.36.32:8080/prediction/knn,HTTP/1.1,contacts,,200,,,http://20.210.36.32:8080/prediction/knn,,
http_req_tls_handshaking,1678217716,0.000000,,,,true,,POST,http://20.210.36.32:8080/prediction/knn,HTTP/1.1,contacts,,200,,,http://20.210.36.32:8080/prediction/knn,,
http_req_sending,1678217716,0.077700,,,,true,,POST,http://20.210.36.32:8080/prediction/knn,HTTP/1.1,contacts,,200,,,http://20.210.36.32:8080/prediction/knn,,
http_req_waiting,1678217716,1147.806549,,,,true,,POST,http://20.210.36.32:8080/prediction/knn,HTTP/1.1,contacts,,200,,,http://20.210.36.32:8080/prediction/knn,,
http_req_receiving,1678217716,5.904125,,,,true,,POST,http://20.210.36.32:8080/prediction/knn,HTTP/1.1,contacts,,200,,,http://20.210.36.32:8080/prediction/knn,,
http_req_failed,1678217716,0.000000,,,,true,,POST,http://20.210.36.32:8080/prediction/knn,HTTP/1.1,contacts,,200,,,http://20.210.36.32:8080/prediction/knn,,
responseTime,1678217716,1153.788374,,,,,,,,,contacts,,,,,,,
data_sent,1678217716,2088.000000,,,,,,,,,contacts,,,,,,,
data_received,1678217716,199.000000,,,,,,,,,contacts,,,,,,,
iteration_duration,1678217716,1156.299885,,,,,,,,,contacts,,,,,,,
iterations,1678217716,1.000000,,,,,,,,,contacts,,,,,,,
http_reqs,1678217716,1.000000,,,,true,,POST,http://20.210.36.32:8080/prediction/knn,HTTP/1.1,contacts,,200,,,http://20.210.36.32:8080/prediction/knn,,
http_req_duration,1678217716,1205.559093,,,,true,,POST,http://20.210.36.32:8080/prediction/knn,HTTP/1.1,contacts,,200,,,http://20.210.36.32:8080/prediction/knn,,
http_req_blocked,1678217716,2.362410,,,,true,,POST,http://20.210.36.32:8080/prediction/knn,HTTP/1.1,contacts,,200,,,http://20.210.36.32:8080/prediction/knn,,
http_req_connecting,1678217716,2.159509,,,,true,,POST,http://20.210.36.32:8080/prediction/knn,HTTP/1.1,contacts,,200,,,http://20.210.36.32:8080/prediction/knn,,
http_req_tls_handshaking,1678217716,0.000000,,,,true,,POST,http://20.210.36.32:8080/prediction/knn,HTTP/1.1,contacts,,200,,,http://20.210.36.32:8080/prediction/knn,,
http_req_sending,1678217716,0.064600,,,,true,,POST,http://20.210.36.32:8080/prediction/knn,HTTP/1.1,contacts,,200,,,http://20.210.36.32:8080/prediction/knn,,
http_req_waiting,1678217716,1201.533776,,,,true,,POST,http://20.210.36.32:8080/prediction/knn,HTTP/1.1,contacts,,200,,,http://20.210.36.32:8080/prediction/knn,,
http_req_receiving,1678217716,3.960717,,,,true,,POST,http://20.210.36.32:8080/prediction/knn,HTTP/1.1,contacts,,200,,,http://20.210.36.32:8080/prediction/knn,,
http_req_failed,1678217716,0.000000,,,,true,,POST,http://20.210.36.32:8080/prediction/knn,HTTP/1.1,contacts,,200,,,http://20.210.36.32:8080/prediction/knn,,
responseTime,1678217716,1205.559093,,,,,,,,,contacts,,,,,,,
data_sent,1678217716,2088.000000,,,,,,,,,contacts,,,,,,,
data_received,1678217716,199.000000,,,,,,,,,contacts,,,,,,,
iteration_duration,1678217716,1208.392705,,,,,,,,,contacts,,,,,,,
iterations,1678217716,1.000000,,,,,,,,,contacts,,,,,,,
http_reqs,1678217716,1.000000,,,,true,,POST,http://20.210.36.32:8080/prediction/knn,HTTP/1.1,contacts,,200,,,http://20.210.36.32:8080/prediction/knn,,
http_req_duration,1678217716,1173.302657,,,,true,,POST,http://20.210.36.32:8080/prediction/knn,HTTP/1.1,contacts,,200,,,http://20.210.36.32:8080/prediction/knn,,
http_req_blocked,1678217716,2.144909,,,,true,,POST,http://20.210.36.32:8080/prediction/knn,HTTP/1.1,contacts,,200,,,http://20.210.36.32:8080/prediction/knn,,
http_req_connecting,1678217716,1.959308,,,,true,,POST,http://20.210.36.32:8080/prediction/knn,HTTP/1.1,contacts,,200,,,http://20.210.36.32:8080/prediction/knn,,
http_req_tls_handshaking,1678217716,0.000000,,,,true,,POST,http://20.210.36.32:8080/prediction/knn,HTTP/1.1,contacts,,200,,,http://20.210.36.32:8080/prediction/knn,,
http_req_sending,1678217716,0.094500,,,,true,,POST,http://20.210.36.32:8080/prediction/knn,HTTP/1.1,contacts,,200,,,http://20.210.36.32:8080/prediction/knn,,
http_req_waiting,1678217716,1173.098956,,,,true,,POST,http://20.210.36.32:8080/prediction/knn,HTTP/1.1,contacts,,200,,,http://20.210.36.32:8080/prediction/knn,,
http_req_receiving,1678217716,0.109201,,,,true,,POST,http://20.210.36.32:8080/prediction/knn,HTTP/1.1,contacts,,200,,,http://20.210.36.32:8080/prediction/knn,,
http_req_failed,1678217716,0.000000,,,,true,,POST,http://20.210.36.32:8080/prediction/knn,HTTP/1.1,contacts,,200,,,http://20.210.36.32:8080/prediction/knn,,
responseTime,1678217716,1173.302657,,,,,,,,,contacts,,,,,,,
data_sent,1678217716,2088.000000,,,,,,,,,contacts,,,,,,,
data_received,1678217716,199.000000,,,,,,,,,contacts,,,,,,,
iteration_duration,1678217716,1175.905568,,,,,,,,,contacts,,,,,,,
iterations,1678217716,1.000000,,,,,,,,,contacts,,,,,,,
http_reqs,1678217716,1.000000,,,,true,,POST,http://20.210.36.32:8080/prediction/knn,HTTP/1.1,contacts,,200,,,http://20.210.36.32:8080/prediction/knn,,
http_req_duration,1678217716,1080.976767,,,,true,,POST,http://20.210.36.32:8080/prediction/knn,HTTP/1.1,contacts,,200,,,http://20.210.36.32:8080/prediction/knn,,
http_req_blocked,1678217716,5.741524,,,,true,,POST,http://20.210.36.32:8080/prediction/knn,HTTP/1.1,contacts,,200,,,http://20.210.36.32:8080/prediction/knn,,
http_req_connecting,1678217716,5.602624,,,,true,,POST,http://20.210.36.32:8080/prediction/knn,HTTP/1.1,contacts,,200,,,http://20.210.36.32:8080/prediction/knn,,
http_req_tls_handshaking,1678217716,0.000000,,,,true,,POST,http://20.210.36.32:8080/prediction/knn,HTTP/1.1,contacts,,200,,,http://20.210.36.32:8080/prediction/knn,,
http_req_sending,1678217716,0.133200,,,,true,,POST,http://20.210.36.32:8080/prediction/knn,HTTP/1.1,contacts,,200,,,http://20.210.36.32:8080/prediction/knn,,
http_req_waiting,1678217716,1078.448456,,,,true,,POST,http://20.210.36.32:8080/prediction/knn,HTTP/1.1,contacts,,200,,,http://20.210.36.32:8080/prediction/knn,,
http_req_receiving,1678217716,2.395111,,,,true,,POST,http://20.210.36.32:8080/prediction/knn,HTTP/1.1,contacts,,200,,,http://20.210.36.32:8080/prediction/knn,,
http_req_failed,1678217716,0.000000,,,,true,,POST,http://20.210.36.32:8080/prediction/knn,HTTP/1.1,contacts,,200,,,http://20.210.36.32:8080/prediction/knn,,
responseTime,1678217716,1080.976767,,,,,,,,,contacts,,,,,,,
data_sent,1678217716,2088.000000,,,,,,,,,contacts,,,,,,,
data_received,1678217716,199.000000,,,,,,,,,contacts,,,,,,,
iteration_duration,1678217716,1087.291594,,,,,,,,,contacts,,,,,,,
iterations,1678217716,1.000000,,,,,,,,,contacts,,,,,,,
http_reqs,1678217716,1.000000,,,,true,,POST,http://20.210.36.32:8080/prediction/knn,HTTP/1.1,contacts,,200,,,http://20.210.36.32:8080/prediction/knn,,
http_req_duration,1678217716,1163.088414,,,,true,,POST,http://20.210.36.32:8080/prediction/knn,HTTP/1.1,contacts,,200,,,http://20.210.36.32:8080/prediction/knn,,
http_req_blocked,1678217716,4.315118,,,,true,,POST,http://20.210.36.32:8080/prediction/knn,HTTP/1.1,contacts,,200,,,http://20.210.36.32:8080/prediction/knn,,
http_req_connecting,1678217716,4.248318,,,,true,,POST,http://20.210.36.32:8080/prediction/knn,HTTP/1.1,contacts,,200,,,http://20.210.36.32:8080/prediction/knn,,
http_req_tls_handshaking,1678217716,0.000000,,,,true,,POST,http://20.210.36.32:8080/prediction/knn,HTTP/1.1,contacts,,200,,,http://20.210.36.32:8080/prediction/knn,,
http_req_sending,1678217716,0.345502,,,,true,,POST,http://20.210.36.32:8080/prediction/knn,HTTP/1.1,contacts,,200,,,http://20.210.36.32:8080/prediction/knn,,
http_req_waiting,1678217716,1162.683412,,,,true,,POST,http://20.210.36.32:8080/prediction/knn,HTTP/1.1,contacts,,200,,,http://20.210.36.32:8080/prediction/knn,,
http_req_receiving,1678217716,0.059500,,,,true,,POST,http://20.210.36.32:8080/prediction/knn,HTTP/1.1,contacts,,200,,,http://20.210.36.32:8080/prediction/knn,,
http_req_failed,1678217716,0.000000,,,,true,,POST,http://20.210.36.32:8080/prediction/knn,HTTP/1.1,contacts,,200,,,http://20.210.36.32:8080/prediction/knn,,
responseTime,1678217716,1163.088414,,,,,,,,,contacts,,,,,,,
data_sent,1678217716,2088.000000,,,,,,,,,contacts,,,,,,,
data_received,1678217716,199.000000,,,,,,,,,contacts,,,,,,,
iteration_duration,1678217716,1168.525336,,,,,,,,,contacts,,,,,,,
iterations,1678217716,1.000000,,,,,,,,,contacts,,,,,,,
http_reqs,1678217716,1.000000,,,,true,,POST,http://20.210.36.32:8080/prediction/knn,HTTP/1.1,contacts,,200,,,http://20.210.36.32:8080/prediction/knn,,
http_req_duration,1678217716,1045.193515,,,,true,,POST,http://20.210.36.32:8080/prediction/knn,HTTP/1.1,contacts,,200,,,http://20.210.36.32:8080/prediction/knn,,
http_req_blocked,1678217716,2.412410,,,,true,,POST,http://20.210.36.32:8080/prediction/knn,HTTP/1.1,contacts,,200,,,http://20.210.36.32:8080/prediction/knn,,
http_req_connecting,1678217716,2.317910,,,,true,,POST,http://20.210.36.32:8080/prediction/knn,HTTP/1.1,contacts,,200,,,http://20.210.36.32:8080/prediction/knn,,
http_req_tls_handshaking,1678217716,0.000000,,,,true,,POST,http://20.210.36.32:8080/prediction/knn,HTTP/1.1,contacts,,200,,,http://20.210.36.32:8080/prediction/knn,,
http_req_sending,1678217716,0.110600,,,,true,,POST,http://20.210.36.32:8080/prediction/knn,HTTP/1.1,contacts,,200,,,http://20.210.36.32:8080/prediction/knn,,
http_req_waiting,1678217716,1045.020015,,,,true,,POST,http://20.210.36.32:8080/prediction/knn,HTTP/1.1,contacts,,200,,,http://20.210.36.32:8080/prediction/knn,,
http_req_receiving,1678217716,0.062900,,,,true,,POST,http://20.210.36.32:8080/prediction/knn,HTTP/1.1,contacts,,200,,,http://20.210.36.32:8080/prediction/knn,,
http_req_failed,1678217716,0.000000,,,,true,,POST,http://20.210.36.32:8080/prediction/knn,HTTP/1.1,contacts,,200,,,http://20.210.36.32:8080/prediction/knn,,
responseTime,1678217716,1045.193515,,,,,,,,,contacts,,,,,,,
data_sent,1678217716,2088.000000,,,,,,,,,contacts,,,,,,,
data_received,1678217716,199.000000,,,,,,,,,contacts,,,,,,,
iteration_duration,1678217716,1048.041728,,,,,,,,,contacts,,,,,,,
iterations,1678217716,1.000000,,,,,,,,,contacts,,,,,,,
http_reqs,1678217716,1.000000,,,,true,,POST,http://20.210.36.32:8080/prediction/knn,HTTP/1.1,contacts,,200,,,http://20.210.36.32:8080/prediction/knn,,
http_req_duration,1678217716,1057.348967,,,,true,,POST,http://20.210.36.32:8080/prediction/knn,HTTP/1.1,contacts,,200,,,http://20.210.36.32:8080/prediction/knn,,
http_req_blocked,1678217716,2.140009,,,,true,,POST,http://20.210.36.32:8080/prediction/knn,HTTP/1.1,contacts,,200,,,http://20.210.36.32:8080/prediction/knn,,
http_req_connecting,1678217716,2.073509,,,,true,,POST,http://20.210.36.32:8080/prediction/knn,HTTP/1.1,contacts,,200,,,http://20.210.36.32:8080/prediction/knn,,
http_req_tls_handshaking,1678217716,0.000000,,,,true,,POST,http://20.210.36.32:8080/prediction/knn,HTTP/1.1,contacts,,200,,,http://20.210.36.32:8080/prediction/knn,,
http_req_sending,1678217716,0.065400,,,,true,,POST,http://20.210.36.32:8080/prediction/knn,HTTP/1.1,contacts,,200,,,http://20.210.36.32:8080/prediction/knn,,
http_req_waiting,1678217716,1056.779665,,,,true,,POST,http://20.210.36.32:8080/prediction/knn,HTTP/1.1,contacts,,200,,,http://20.210.36.32:8080/prediction/knn,,
http_req_receiving,1678217716,0.503902,,,,true,,POST,http://20.210.36.32:8080/prediction/knn,HTTP/1.1,contacts,,200,,,http://20.210.36.32:8080/prediction/knn,,
http_req_failed,1678217716,0.000000,,,,true,,POST,http://20.210.36.32:8080/prediction/knn,HTTP/1.1,contacts,,200,,,http://20.210.36.32:8080/prediction/knn,,
responseTime,1678217716,1057.348967,,,,,,,,,contacts,,,,,,,
data_sent,1678217716,2088.000000,,,,,,,,,contacts,,,,,,,
data_received,1678217716,199.000000,,,,,,,,,contacts,,,,,,,
iteration_duration,1678217716,1059.852377,,,,,,,,,contacts,,,,,,,
iterations,1678217716,1.000000,,,,,,,,,contacts,,,,,,,
http_reqs,1678217717,1.000000,,,,true,,POST,http://20.210.36.32:8080/prediction/knn,HTTP/1.1,contacts,,200,,,http://20.210.36.32:8080/prediction/knn,,
http_req_duration,1678217717,1085.909288,,,,true,,POST,http://20.210.36.32:8080/prediction/knn,HTTP/1.1,contacts,,200,,,http://20.210.36.32:8080/prediction/knn,,
http_req_blocked,1678217717,1.976908,,,,true,,POST,http://20.210.36.32:8080/prediction/knn,HTTP/1.1,contacts,,200,,,http://20.210.36.32:8080/prediction/knn,,
http_req_connecting,1678217717,1.884108,,,,true,,POST,http://20.210.36.32:8080/prediction/knn,HTTP/1.1,contacts,,200,,,http://20.210.36.32:8080/prediction/knn,,
http_req_tls_handshaking,1678217717,0.000000,,,,true,,POST,http://20.210.36.32:8080/prediction/knn,HTTP/1.1,contacts,,200,,,http://20.210.36.32:8080/prediction/knn,,
http_req_sending,1678217717,0.108601,,,,true,,POST,http://20.210.36.32:8080/prediction/knn,HTTP/1.1,contacts,,200,,,http://20.210.36.32:8080/prediction/knn,,
http_req_waiting,1678217717,1081.151267,,,,true,,POST,http://20.210.36.32:8080/prediction/knn,HTTP/1.1,contacts,,200,,,http://20.210.36.32:8080/prediction/knn,,
http_req_receiving,1678217717,4.649420,,,,true,,POST,http://20.210.36.32:8080/prediction/knn,HTTP/1.1,contacts,,200,,,http://20.210.36.32:8080/prediction/knn,,
http_req_failed,1678217717,0.000000,,,,true,,POST,http://20.210.36.32:8080/prediction/knn,HTTP/1.1,contacts,,200,,,http://20.210.36.32:8080/prediction/knn,,
responseTime,1678217717,1085.909288,,,,,,,,,contacts,,,,,,,
data_sent,1678217717,2088.000000,,,,,,,,,contacts,,,,,,,
data_received,1678217717,199.000000,,,,,,,,,contacts,,,,,,,
iteration_duration,1678217717,1088.447698,,,,,,,,,contacts,,,,,,,
iterations,1678217717,1.000000,,,,,,,,,contacts,,,,,,,
http_reqs,1678217717,1.000000,,,,true,,POST,http://20.210.36.32:8080/prediction/knn,HTTP/1.1,contacts,,200,,,http://20.210.36.32:8080/prediction/knn,,
http_req_duration,1678217717,1219.817854,,,,true,,POST,http://20.210.36.32:8080/prediction/knn,HTTP/1.1,contacts,,200,,,http://20.210.36.32:8080/prediction/knn,,
http_req_blocked,1678217717,4.617519,,,,true,,POST,http://20.210.36.32:8080/prediction/knn,HTTP/1.1,contacts,,200,,,http://20.210.36.32:8080/prediction/knn,,
http_req_connecting,1678217717,4.534919,,,,true,,POST,http://20.210.36.32:8080/prediction/knn,HTTP/1.1,contacts,,200,,,http://20.210.36.32:8080/prediction/knn,,
http_req_tls_handshaking,1678217717,0.000000,,,,true,,POST,http://20.210.36.32:8080/prediction/knn,HTTP/1.1,contacts,,200,,,http://20.210.36.32:8080/prediction/knn,,
http_req_sending,1678217717,0.152001,,,,true,,POST,http://20.210.36.32:8080/prediction/knn,HTTP/1.1,contacts,,200,,,http://20.210.36.32:8080/prediction/knn,,
http_req_waiting,1678217717,1214.687032,,,,true,,POST,http://20.210.36.32:8080/prediction/knn,HTTP/1.1,contacts,,200,,,http://20.210.36.32:8080/prediction/knn,,
http_req_receiving,1678217717,4.978821,,,,true,,POST,http://20.210.36.32:8080/prediction/knn,HTTP/1.1,contacts,,200,,,http://20.210.36.32:8080/prediction/knn,,
http_req_failed,1678217717,0.000000,,,,true,,POST,http://20.210.36.32:8080/prediction/knn,HTTP/1.1,contacts,,200,,,http://20.210.36.32:8080/prediction/knn,,
responseTime,1678217717,1219.817854,,,,,,,,,contacts,,,,,,,
data_sent,1678217717,2088.000000,,,,,,,,,contacts,,,,,,,
data_received,1678217717,199.000000,,,,,,,,,contacts,,,,,,,
iteration_duration,1678217717,1224.883374,,,,,,,,,contacts,,,,,,,
iterations,1678217717,1.000000,,,,,,,,,contacts,,,,,,,
http_reqs,1678217717,1.000000,,,,true,,POST,http://20.210.36.32:8080/prediction/knn,HTTP/1.1,contacts,,200,,,http://20.210.36.32:8080/prediction/knn,,
http_req_duration,1678217717,1095.239127,,,,true,,POST,http://20.210.36.32:8080/prediction/knn,HTTP/1.1,contacts,,200,,,http://20.210.36.32:8080/prediction/knn,,
http_req_blocked,1678217717,2.122209,,,,true,,POST,http://20.210.36.32:8080/prediction/knn,HTTP/1.1,contacts,,200,,,http://20.210.36.32:8080/prediction/knn,,
http_req_connecting,1678217717,2.058709,,,,true,,POST,http://20.210.36.32:8080/prediction/knn,HTTP/1.1,contacts,,200,,,http://20.210.36.32:8080/prediction/knn,,
http_req_tls_handshaking,1678217717,0.000000,,,,true,,POST,http://20.210.36.32:8080/prediction/knn,HTTP/1.1,contacts,,200,,,http://20.210.36.32:8080/prediction/knn,,
http_req_sending,1678217717,0.071600,,,,true,,POST,http://20.210.36.32:8080/prediction/knn,HTTP/1.1,contacts,,200,,,http://20.210.36.32:8080/prediction/knn,,
http_req_waiting,1678217717,1090.707108,,,,true,,POST,http://20.210.36.32:8080/prediction/knn,HTTP/1.1,contacts,,200,,,http://20.210.36.32:8080/prediction/knn,,
http_req_receiving,1678217717,4.460419,,,,true,,POST,http://20.210.36.32:8080/prediction/knn,HTTP/1.1,contacts,,200,,,http://20.210.36.32:8080/prediction/knn,,
http_req_failed,1678217717,0.000000,,,,true,,POST,http://20.210.36.32:8080/prediction/knn,HTTP/1.1,contacts,,200,,,http://20.210.36.32:8080/prediction/knn,,
responseTime,1678217717,1095.239127,,,,,,,,,contacts,,,,,,,
data_sent,1678217717,2088.000000,,,,,,,,,contacts,,,,,,,
data_received,1678217717,199.000000,,,,,,,,,contacts,,,,,,,
iteration_duration,1678217717,1098.418241,,,,,,,,,contacts,,,,,,,
iterations,1678217717,1.000000,,,,,,,,,contacts,,,,,,,
http_reqs,1678217717,1.000000,,,,true,,POST,http://20.210.36.32:8080/prediction/knn,HTTP/1.1,contacts,,200,,,http://20.210.36.32:8080/prediction/knn,,
http_req_duration,1678217717,1103.096760,,,,true,,POST,http://20.210.36.32:8080/prediction/knn,HTTP/1.1,contacts,,200,,,http://20.210.36.32:8080/prediction/knn,,
http_req_blocked,1678217717,2.348610,,,,true,,POST,http://20.210.36.32:8080/prediction/knn,HTTP/1.1,contacts,,200,,,http://20.210.36.32:8080/prediction/knn,,
http_req_connecting,1678217717,2.187309,,,,true,,POST,http://20.210.36.32:8080/prediction/knn,HTTP/1.1,contacts,,200,,,http://20.210.36.32:8080/prediction/knn,,
http_req_tls_handshaking,1678217717,0.000000,,,,true,,POST,http://20.210.36.32:8080/prediction/knn,HTTP/1.1,contacts,,200,,,http://20.210.36.32:8080/prediction/knn,,
http_req_sending,1678217717,0.160900,,,,true,,POST,http://20.210.36.32:8080/prediction/knn,HTTP/1.1,contacts,,200,,,http://20.210.36.32:8080/prediction/knn,,
http_req_waiting,1678217717,1101.289753,,,,true,,POST,http://20.210.36.32:8080/prediction/knn,HTTP/1.1,contacts,,200,,,http://20.210.36.32:8080/prediction/knn,,
http_req_receiving,1678217717,1.646107,,,,true,,POST,http://20.210.36.32:8080/prediction/knn,HTTP/1.1,contacts,,200,,,http://20.210.36.32:8080/prediction/knn,,
http_req_failed,1678217717,0.000000,,,,true,,POST,http://20.210.36.32:8080/prediction/knn,HTTP/1.1,contacts,,200,,,http://20.210.36.32:8080/prediction/knn,,
responseTime,1678217717,1103.096760,,,,,,,,,contacts,,,,,,,
data_sent,1678217717,2088.000000,,,,,,,,,contacts,,,,,,,
data_received,1678217717,199.000000,,,,,,,,,contacts,,,,,,,
iteration_duration,1678217717,1106.191874,,,,,,,,,contacts,,,,,,,
iterations,1678217717,1.000000,,,,,,,,,contacts,,,,,,,
http_reqs,1678217717,1.000000,,,,true,,POST,http://20.210.36.32:8080/prediction/knn,HTTP/1.1,contacts,,200,,,http://20.210.36.32:8080/prediction/knn,,
http_req_duration,1678217717,1093.477719,,,,true,,POST,http://20.210.36.32:8080/prediction/knn,HTTP/1.1,contacts,,200,,,http://20.210.36.32:8080/prediction/knn,,
http_req_blocked,1678217717,2.440911,,,,true,,POST,http://20.210.36.32:8080/prediction/knn,HTTP/1.1,contacts,,200,,,http://20.210.36.32:8080/prediction/knn,,
http_req_connecting,1678217717,2.272710,,,,true,,POST,http://20.210.36.32:8080/prediction/knn,HTTP/1.1,contacts,,200,,,http://20.210.36.32:8080/prediction/knn,,
http_req_tls_handshaking,1678217717,0.000000,,,,true,,POST,http://20.210.36.32:8080/prediction/knn,HTTP/1.1,contacts,,200,,,http://20.210.36.32:8080/prediction/knn,,
http_req_sending,1678217717,0.103000,,,,true,,POST,http://20.210.36.32:8080/prediction/knn,HTTP/1.1,contacts,,200,,,http://20.210.36.32:8080/prediction/knn,,
http_req_waiting,1678217717,1093.017618,,,,true,,POST,http://20.210.36.32:8080/prediction/knn,HTTP/1.1,contacts,,200,,,http://20.210.36.32:8080/prediction/knn,,
http_req_receiving,1678217717,0.357101,,,,true,,POST,http://20.210.36.32:8080/prediction/knn,HTTP/1.1,contacts,,200,,,http://20.210.36.32:8080/prediction/knn,,
http_req_failed,1678217717,0.000000,,,,true,,POST,http://20.210.36.32:8080/prediction/knn,HTTP/1.1,contacts,,200,,,http://20.210.36.32:8080/prediction/knn,,
responseTime,1678217717,1093.477719,,,,,,,,,contacts,,,,,,,
data_sent,1678217717,2088.000000,,,,,,,,,contacts,,,,,,,
data_received,1678217717,199.000000,,,,,,,,,contacts,,,,,,,
iteration_duration,1678217717,1096.788733,,,,,,,,,contacts,,,,,,,
iterations,1678217717,1.000000,,,,,,,,,contacts,,,,,,,
http_reqs,1678217717,1.000000,,,,true,,POST,http://20.210.36.32:8080/prediction/knn,HTTP/1.1,contacts,,200,,,http://20.210.36.32:8080/prediction/knn,,
http_req_duration,1678217717,1101.296752,,,,true,,POST,http://20.210.36.32:8080/prediction/knn,HTTP/1.1,contacts,,200,,,http://20.210.36.32:8080/prediction/knn,,
http_req_blocked,1678217717,2.177309,,,,true,,POST,http://20.210.36.32:8080/prediction/knn,HTTP/1.1,contacts,,200,,,http://20.210.36.32:8080/prediction/knn,,
http_req_connecting,1678217717,2.053709,,,,true,,POST,http://20.210.36.32:8080/prediction/knn,HTTP/1.1,contacts,,200,,,http://20.210.36.32:8080/prediction/knn,,
http_req_tls_handshaking,1678217717,0.000000,,,,true,,POST,http://20.210.36.32:8080/prediction/knn,HTTP/1.1,contacts,,200,,,http://20.210.36.32:8080/prediction/knn,,
http_req_sending,1678217717,0.151200,,,,true,,POST,http://20.210.36.32:8080/prediction/knn,HTTP/1.1,contacts,,200,,,http://20.210.36.32:8080/prediction/knn,,
http_req_waiting,1678217717,1094.849626,,,,true,,POST,http://20.210.36.32:8080/prediction/knn,HTTP/1.1,contacts,,200,,,http://20.210.36.32:8080/prediction/knn,,
http_req_receiving,1678217717,6.295926,,,,true,,POST,http://20.210.36.32:8080/prediction/knn,HTTP/1.1,contacts,,200,,,http://20.210.36.32:8080/prediction/knn,,
http_req_failed,1678217717,0.000000,,,,true,,POST,http://20.210.36.32:8080/prediction/knn,HTTP/1.1,contacts,,200,,,http://20.210.36.32:8080/prediction/knn,,
responseTime,1678217717,1101.296752,,,,,,,,,contacts,,,,,,,
data_sent,1678217717,2088.000000,,,,,,,,,contacts,,,,,,,
data_received,1678217717,199.000000,,,,,,,,,contacts,,,,,,,
iteration_duration,1678217717,1103.911764,,,,,,,,,contacts,,,,,,,
iterations,1678217717,1.000000,,,,,,,,,contacts,,,,,,,
http_reqs,1678217717,1.000000,,,,true,,POST,http://20.210.36.32:8080/prediction/knn,HTTP/1.1,contacts,,200,,,http://20.210.36.32:8080/prediction/knn,,
http_req_duration,1678217717,1172.266953,,,,true,,POST,http://20.210.36.32:8080/prediction/knn,HTTP/1.1,contacts,,200,,,http://20.210.36.32:8080/prediction/knn,,
http_req_blocked,1678217717,2.052808,,,,true,,POST,http://20.210.36.32:8080/prediction/knn,HTTP/1.1,contacts,,200,,,http://20.210.36.32:8080/prediction/knn,,
http_req_connecting,1678217717,1.999508,,,,true,,POST,http://20.210.36.32:8080/prediction/knn,HTTP/1.1,contacts,,200,,,http://20.210.36.32:8080/prediction/knn,,
http_req_tls_handshaking,1678217717,0.000000,,,,true,,POST,http://20.210.36.32:8080/prediction/knn,HTTP/1.1,contacts,,200,,,http://20.210.36.32:8080/prediction/knn,,
http_req_sending,1678217717,0.067101,,,,true,,POST,http://20.210.36.32:8080/prediction/knn,HTTP/1.1,contacts,,200,,,http://20.210.36.32:8080/prediction/knn,,
http_req_waiting,1678217717,1155.636282,,,,true,,POST,http://20.210.36.32:8080/prediction/knn,HTTP/1.1,contacts,,200,,,http://20.210.36.32:8080/prediction/knn,,
http_req_receiving,1678217717,16.563570,,,,true,,POST,http://20.210.36.32:8080/prediction/knn,HTTP/1.1,contacts,,200,,,http://20.210.36.32:8080/prediction/knn,,
http_req_failed,1678217717,0.000000,,,,true,,POST,http://20.210.36.32:8080/prediction/knn,HTTP/1.1,contacts,,200,,,http://20.210.36.32:8080/prediction/knn,,
responseTime,1678217717,1172.266953,,,,,,,,,contacts,,,,,,,
data_sent,1678217717,2088.000000,,,,,,,,,contacts,,,,,,,
data_received,1678217717,199.000000,,,,,,,,,contacts,,,,,,,
iteration_duration,1678217717,1175.038765,,,,,,,,,contacts,,,,,,,
iterations,1678217717,1.000000,,,,,,,,,contacts,,,,,,,
http_reqs,1678217717,1.000000,,,,true,,POST,http://20.210.36.32:8080/prediction/knn,HTTP/1.1,contacts,,200,,,http://20.210.36.32:8080/prediction/knn,,
http_req_duration,1678217717,1144.480435,,,,true,,POST,http://20.210.36.32:8080/prediction/knn,HTTP/1.1,contacts,,200,,,http://20.210.36.32:8080/prediction/knn,,
http_req_blocked,1678217717,2.238110,,,,true,,POST,http://20.210.36.32:8080/prediction/knn,HTTP/1.1,contacts,,200,,,http://20.210.36.32:8080/prediction/knn,,
http_req_connecting,1678217717,2.157709,,,,true,,POST,http://20.210.36.32:8080/prediction/knn,HTTP/1.1,contacts,,200,,,http://20.210.36.32:8080/prediction/knn,,
http_req_tls_handshaking,1678217717,0.000000,,,,true,,POST,http://20.210.36.32:8080/prediction/knn,HTTP/1.1,contacts,,200,,,http://20.210.36.32:8080/prediction/knn,,
http_req_sending,1678217717,0.113100,,,,true,,POST,http://20.210.36.32:8080/prediction/knn,HTTP/1.1,contacts,,200,,,http://20.210.36.32:8080/prediction/knn,,
http_req_waiting,1678217717,1144.244434,,,,true,,POST,http://20.210.36.32:8080/prediction/knn,HTTP/1.1,contacts,,200,,,http://20.210.36.32:8080/prediction/knn,,
http_req_receiving,1678217717,0.122901,,,,true,,POST,http://20.210.36.32:8080/prediction/knn,HTTP/1.1,contacts,,200,,,http://20.210.36.32:8080/prediction/knn,,
http_req_failed,1678217717,0.000000,,,,true,,POST,http://20.210.36.32:8080/prediction/knn,HTTP/1.1,contacts,,200,,,http://20.210.36.32:8080/prediction/knn,,
responseTime,1678217717,1144.480435,,,,,,,,,contacts,,,,,,,
data_sent,1678217717,2088.000000,,,,,,,,,contacts,,,,,,,
data_received,1678217717,199.000000,,,,,,,,,contacts,,,,,,,
iteration_duration,1678217717,1147.184747,,,,,,,,,contacts,,,,,,,
iterations,1678217717,1.000000,,,,,,,,,contacts,,,,,,,
http_reqs,1678217717,1.000000,,,,true,,POST,http://20.210.36.32:8080/prediction/knn,HTTP/1.1,contacts,,200,,,http://20.210.36.32:8080/prediction/knn,,
http_req_duration,1678217717,1001.139229,,,,true,,POST,http://20.210.36.32:8080/prediction/knn,HTTP/1.1,contacts,,200,,,http://20.210.36.32:8080/prediction/knn,,
http_req_blocked,1678217717,4.553819,,,,true,,POST,http://20.210.36.32:8080/prediction/knn,HTTP/1.1,contacts,,200,,,http://20.210.36.32:8080/prediction/knn,,
http_req_connecting,1678217717,4.427319,,,,true,,POST,http://20.210.36.32:8080/prediction/knn,HTTP/1.1,contacts,,200,,,http://20.210.36.32:8080/prediction/knn,,
http_req_tls_handshaking,1678217717,0.000000,,,,true,,POST,http://20.210.36.32:8080/prediction/knn,HTTP/1.1,contacts,,200,,,http://20.210.36.32:8080/prediction/knn,,
http_req_sending,1678217717,0.100900,,,,true,,POST,http://20.210.36.32:8080/prediction/knn,HTTP/1.1,contacts,,200,,,http://20.210.36.32:8080/prediction/knn,,
http_req_waiting,1678217717,998.261118,,,,true,,POST,http://20.210.36.32:8080/prediction/knn,HTTP/1.1,contacts,,200,,,http://20.210.36.32:8080/prediction/knn,,
http_req_receiving,1678217717,2.777211,,,,true,,POST,http://20.210.36.32:8080/prediction/knn,HTTP/1.1,contacts,,200,,,http://20.210.36.32:8080/prediction/knn,,
http_req_failed,1678217717,0.000000,,,,true,,POST,http://20.210.36.32:8080/prediction/knn,HTTP/1.1,contacts,,200,,,http://20.210.36.32:8080/prediction/knn,,
responseTime,1678217717,1001.139229,,,,,,,,,contacts,,,,,,,
data_sent,1678217717,2088.000000,,,,,,,,,contacts,,,,,,,
data_received,1678217717,199.000000,,,,,,,,,contacts,,,,,,,
iteration_duration,1678217717,1006.673253,,,,,,,,,contacts,,,,,,,
iterations,1678217717,1.000000,,,,,,,,,contacts,,,,,,,
http_reqs,1678217717,1.000000,,,,true,,POST,http://20.210.36.32:8080/prediction/knn,HTTP/1.1,contacts,,200,,,http://20.210.36.32:8080/prediction/knn,,
http_req_duration,1678217717,1124.375450,,,,true,,POST,http://20.210.36.32:8080/prediction/knn,HTTP/1.1,contacts,,200,,,http://20.210.36.32:8080/prediction/knn,,
http_req_blocked,1678217717,2.869212,,,,true,,POST,http://20.210.36.32:8080/prediction/knn,HTTP/1.1,contacts,,200,,,http://20.210.36.32:8080/prediction/knn,,
http_req_connecting,1678217717,2.780812,,,,true,,POST,http://20.210.36.32:8080/prediction/knn,HTTP/1.1,contacts,,200,,,http://20.210.36.32:8080/prediction/knn,,
http_req_tls_handshaking,1678217717,0.000000,,,,true,,POST,http://20.210.36.32:8080/prediction/knn,HTTP/1.1,contacts,,200,,,http://20.210.36.32:8080/prediction/knn,,
http_req_sending,1678217717,0.090501,,,,true,,POST,http://20.210.36.32:8080/prediction/knn,HTTP/1.1,contacts,,200,,,http://20.210.36.32:8080/prediction/knn,,
http_req_waiting,1678217717,1124.191149,,,,true,,POST,http://20.210.36.32:8080/prediction/knn,HTTP/1.1,contacts,,200,,,http://20.210.36.32:8080/prediction/knn,,
http_req_receiving,1678217717,0.093800,,,,true,,POST,http://20.210.36.32:8080/prediction/knn,HTTP/1.1,contacts,,200,,,http://20.210.36.32:8080/prediction/knn,,
http_req_failed,1678217717,0.000000,,,,true,,POST,http://20.210.36.32:8080/prediction/knn,HTTP/1.1,contacts,,200,,,http://20.210.36.32:8080/prediction/knn,,
responseTime,1678217717,1124.375450,,,,,,,,,contacts,,,,,,,
data_sent,1678217717,2088.000000,,,,,,,,,contacts,,,,,,,
data_received,1678217717,199.000000,,,,,,,,,contacts,,,,,,,
iteration_duration,1678217717,1128.125566,,,,,,,,,contacts,,,,,,,
iterations,1678217717,1.000000,,,,,,,,,contacts,,,,,,,
http_reqs,1678217717,1.000000,,,,true,,POST,http://20.210.36.32:8080/prediction/knn,HTTP/1.1,contacts,,200,,,http://20.210.36.32:8080/prediction/knn,,
http_req_duration,1678217717,1031.019555,,,,true,,POST,http://20.210.36.32:8080/prediction/knn,HTTP/1.1,contacts,,200,,,http://20.210.36.32:8080/prediction/knn,,
http_req_blocked,1678217717,2.112809,,,,true,,POST,http://20.210.36.32:8080/prediction/knn,HTTP/1.1,contacts,,200,,,http://20.210.36.32:8080/prediction/knn,,
http_req_connecting,1678217717,1.826708,,,,true,,POST,http://20.210.36.32:8080/prediction/knn,HTTP/1.1,contacts,,200,,,http://20.210.36.32:8080/prediction/knn,,
http_req_tls_handshaking,1678217717,0.000000,,,,true,,POST,http://20.210.36.32:8080/prediction/knn,HTTP/1.1,contacts,,200,,,http://20.210.36.32:8080/prediction/knn,,
http_req_sending,1678217717,0.061900,,,,true,,POST,http://20.210.36.32:8080/prediction/knn,HTTP/1.1,contacts,,200,,,http://20.210.36.32:8080/prediction/knn,,
http_req_waiting,1678217717,1030.843755,,,,true,,POST,http://20.210.36.32:8080/prediction/knn,HTTP/1.1,contacts,,200,,,http://20.210.36.32:8080/prediction/knn,,
http_req_receiving,1678217717,0.113900,,,,true,,POST,http://20.210.36.32:8080/prediction/knn,HTTP/1.1,contacts,,200,,,http://20.210.36.32:8080/prediction/knn,,
http_req_failed,1678217717,0.000000,,,,true,,POST,http://20.210.36.32:8080/prediction/knn,HTTP/1.1,contacts,,200,,,http://20.210.36.32:8080/prediction/knn,,
responseTime,1678217717,1031.019555,,,,,,,,,contacts,,,,,,,
data_sent,1678217717,2088.000000,,,,,,,,,contacts,,,,,,,
data_received,1678217717,199.000000,,,,,,,,,contacts,,,,,,,
iteration_duration,1678217717,1033.750167,,,,,,,,,contacts,,,,,,,
iterations,1678217717,1.000000,,,,,,,,,contacts,,,,,,,
http_reqs,1678217717,1.000000,,,,true,,POST,http://20.210.36.32:8080/prediction/knn,HTTP/1.1,contacts,,200,,,http://20.210.36.32:8080/prediction/knn,,
http_req_duration,1678217717,1174.501962,,,,true,,POST,http://20.210.36.32:8080/prediction/knn,HTTP/1.1,contacts,,200,,,http://20.210.36.32:8080/prediction/knn,,
http_req_blocked,1678217717,2.045208,,,,true,,POST,http://20.210.36.32:8080/prediction/knn,HTTP/1.1,contacts,,200,,,http://20.210.36.32:8080/prediction/knn,,
http_req_connecting,1678217717,1.951608,,,,true,,POST,http://20.210.36.32:8080/prediction/knn,HTTP/1.1,contacts,,200,,,http://20.210.36.32:8080/prediction/knn,,
http_req_tls_handshaking,1678217717,0.000000,,,,true,,POST,http://20.210.36.32:8080/prediction/knn,HTTP/1.1,contacts,,200,,,http://20.210.36.32:8080/prediction/knn,,
http_req_sending,1678217717,0.091601,,,,true,,POST,http://20.210.36.32:8080/prediction/knn,HTTP/1.1,contacts,,200,,,http://20.210.36.32:8080/prediction/knn,,
http_req_waiting,1678217717,1174.284461,,,,true,,POST,http://20.210.36.32:8080/prediction/knn,HTTP/1.1,contacts,,200,,,http://20.210.36.32:8080/prediction/knn,,
http_req_receiving,1678217717,0.125900,,,,true,,POST,http://20.210.36.32:8080/prediction/knn,HTTP/1.1,contacts,,200,,,http://20.210.36.32:8080/prediction/knn,,
http_req_failed,1678217717,0.000000,,,,true,,POST,http://20.210.36.32:8080/prediction/knn,HTTP/1.1,contacts,,200,,,http://20.210.36.32:8080/prediction/knn,,
responseTime,1678217717,1174.501962,,,,,,,,,contacts,,,,,,,
data_sent,1678217717,2088.000000,,,,,,,,,contacts,,,,,,,
data_received,1678217717,199.000000,,,,,,,,,contacts,,,,,,,
iteration_duration,1678217717,1177.831676,,,,,,,,,contacts,,,,,,,
iterations,1678217717,1.000000,,,,,,,,,contacts,,,,,,,
http_reqs,1678217717,1.000000,,,,true,,POST,http://20.210.36.32:8080/prediction/knn,HTTP/1.1,contacts,,200,,,http://20.210.36.32:8080/prediction/knn,,
http_req_duration,1678217717,1175.940268,,,,true,,POST,http://20.210.36.32:8080/prediction/knn,HTTP/1.1,contacts,,200,,,http://20.210.36.32:8080/prediction/knn,,
http_req_blocked,1678217717,2.271409,,,,true,,POST,http://20.210.36.32:8080/prediction/knn,HTTP/1.1,contacts,,200,,,http://20.210.36.32:8080/prediction/knn,,
http_req_connecting,1678217717,2.175109,,,,true,,POST,http://20.210.36.32:8080/prediction/knn,HTTP/1.1,contacts,,200,,,http://20.210.36.32:8080/prediction/knn,,
http_req_tls_handshaking,1678217717,0.000000,,,,true,,POST,http://20.210.36.32:8080/prediction/knn,HTTP/1.1,contacts,,200,,,http://20.210.36.32:8080/prediction/knn,,
http_req_sending,1678217717,0.079000,,,,true,,POST,http://20.210.36.32:8080/prediction/knn,HTTP/1.1,contacts,,200,,,http://20.210.36.32:8080/prediction/knn,,
http_req_waiting,1678217717,1175.716767,,,,true,,POST,http://20.210.36.32:8080/prediction/knn,HTTP/1.1,contacts,,200,,,http://20.210.36.32:8080/prediction/knn,,
http_req_receiving,1678217717,0.144501,,,,true,,POST,http://20.210.36.32:8080/prediction/knn,HTTP/1.1,contacts,,200,,,http://20.210.36.32:8080/prediction/knn,,
http_req_failed,1678217717,0.000000,,,,true,,POST,http://20.210.36.32:8080/prediction/knn,HTTP/1.1,contacts,,200,,,http://20.210.36.32:8080/prediction/knn,,
responseTime,1678217717,1175.940268,,,,,,,,,contacts,,,,,,,
data_sent,1678217717,2088.000000,,,,,,,,,contacts,,,,,,,
data_received,1678217717,199.000000,,,,,,,,,contacts,,,,,,,
iteration_duration,1678217717,1179.058781,,,,,,,,,contacts,,,,,,,
iterations,1678217717,1.000000,,,,,,,,,contacts,,,,,,,
http_reqs,1678217717,1.000000,,,,true,,POST,http://20.210.36.32:8080/prediction/knn,HTTP/1.1,contacts,,200,,,http://20.210.36.32:8080/prediction/knn,,
http_req_duration,1678217717,1091.959213,,,,true,,POST,http://20.210.36.32:8080/prediction/knn,HTTP/1.1,contacts,,200,,,http://20.210.36.32:8080/prediction/knn,,
http_req_blocked,1678217717,2.234809,,,,true,,POST,http://20.210.36.32:8080/prediction/knn,HTTP/1.1,contacts,,200,,,http://20.210.36.32:8080/prediction/knn,,
http_req_connecting,1678217717,2.125109,,,,true,,POST,http://20.210.36.32:8080/prediction/knn,HTTP/1.1,contacts,,200,,,http://20.210.36.32:8080/prediction/knn,,
http_req_tls_handshaking,1678217717,0.000000,,,,true,,POST,http://20.210.36.32:8080/prediction/knn,HTTP/1.1,contacts,,200,,,http://20.210.36.32:8080/prediction/knn,,
http_req_sending,1678217717,0.152101,,,,true,,POST,http://20.210.36.32:8080/prediction/knn,HTTP/1.1,contacts,,200,,,http://20.210.36.32:8080/prediction/knn,,
http_req_waiting,1678217717,1091.726512,,,,true,,POST,http://20.210.36.32:8080/prediction/knn,HTTP/1.1,contacts,,200,,,http://20.210.36.32:8080/prediction/knn,,
http_req_receiving,1678217717,0.080600,,,,true,,POST,http://20.210.36.32:8080/prediction/knn,HTTP/1.1,contacts,,200,,,http://20.210.36.32:8080/prediction/knn,,
http_req_failed,1678217717,0.000000,,,,true,,POST,http://20.210.36.32:8080/prediction/knn,HTTP/1.1,contacts,,200,,,http://20.210.36.32:8080/prediction/knn,,
responseTime,1678217717,1091.959213,,,,,,,,,contacts,,,,,,,
data_sent,1678217717,2088.000000,,,,,,,,,contacts,,,,,,,
data_received,1678217717,199.000000,,,,,,,,,contacts,,,,,,,
iteration_duration,1678217717,1094.605724,,,,,,,,,contacts,,,,,,,
iterations,1678217717,1.000000,,,,,,,,,contacts,,,,,,,
http_reqs,1678217717,1.000000,,,,true,,POST,http://20.210.36.32:8080/prediction/knn,HTTP/1.1,contacts,,200,,,http://20.210.36.32:8080/prediction/knn,,
http_req_duration,1678217717,1082.422373,,,,true,,POST,http://20.210.36.32:8080/prediction/knn,HTTP/1.1,contacts,,200,,,http://20.210.36.32:8080/prediction/knn,,
http_req_blocked,1678217717,2.259909,,,,true,,POST,http://20.210.36.32:8080/prediction/knn,HTTP/1.1,contacts,,200,,,http://20.210.36.32:8080/prediction/knn,,
http_req_connecting,1678217717,2.182509,,,,true,,POST,http://20.210.36.32:8080/prediction/knn,HTTP/1.1,contacts,,200,,,http://20.210.36.32:8080/prediction/knn,,
http_req_tls_handshaking,1678217717,0.000000,,,,true,,POST,http://20.210.36.32:8080/prediction/knn,HTTP/1.1,contacts,,200,,,http://20.210.36.32:8080/prediction/knn,,
http_req_sending,1678217717,0.051600,,,,true,,POST,http://20.210.36.32:8080/prediction/knn,HTTP/1.1,contacts,,200,,,http://20.210.36.32:8080/prediction/knn,,
http_req_waiting,1678217717,1082.278573,,,,true,,POST,http://20.210.36.32:8080/prediction/knn,HTTP/1.1,contacts,,200,,,http://20.210.36.32:8080/prediction/knn,,
http_req_receiving,1678217717,0.092200,,,,true,,POST,http://20.210.36.32:8080/prediction/knn,HTTP/1.1,contacts,,200,,,http://20.210.36.32:8080/prediction/knn,,
http_req_failed,1678217717,0.000000,,,,true,,POST,http://20.210.36.32:8080/prediction/knn,HTTP/1.1,contacts,,200,,,http://20.210.36.32:8080/prediction/knn,,
responseTime,1678217717,1082.422373,,,,,,,,,contacts,,,,,,,
data_sent,1678217717,2088.000000,,,,,,,,,contacts,,,,,,,
data_received,1678217717,199.000000,,,,,,,,,contacts,,,,,,,
iteration_duration,1678217717,1085.113984,,,,,,,,,contacts,,,,,,,
iterations,1678217717,1.000000,,,,,,,,,contacts,,,,,,,
http_reqs,1678217717,1.000000,,,,true,,POST,http://20.210.36.32:8080/prediction/knn,HTTP/1.1,contacts,,200,,,http://20.210.36.32:8080/prediction/knn,,
http_req_duration,1678217717,1261.465729,,,,true,,POST,http://20.210.36.32:8080/prediction/knn,HTTP/1.1,contacts,,200,,,http://20.210.36.32:8080/prediction/knn,,
http_req_blocked,1678217717,2.417910,,,,true,,POST,http://20.210.36.32:8080/prediction/knn,HTTP/1.1,contacts,,200,,,http://20.210.36.32:8080/prediction/knn,,
http_req_connecting,1678217717,2.308410,,,,true,,POST,http://20.210.36.32:8080/prediction/knn,HTTP/1.1,contacts,,200,,,http://20.210.36.32:8080/prediction/knn,,
http_req_tls_handshaking,1678217717,0.000000,,,,true,,POST,http://20.210.36.32:8080/prediction/knn,HTTP/1.1,contacts,,200,,,http://20.210.36.32:8080/prediction/knn,,
http_req_sending,1678217717,0.121701,,,,true,,POST,http://20.210.36.32:8080/prediction/knn,HTTP/1.1,contacts,,200,,,http://20.210.36.32:8080/prediction/knn,,
http_req_waiting,1678217717,1261.045027,,,,true,,POST,http://20.210.36.32:8080/prediction/knn,HTTP/1.1,contacts,,200,,,http://20.210.36.32:8080/prediction/knn,,
http_req_receiving,1678217717,0.299001,,,,true,,POST,http://20.210.36.32:8080/prediction/knn,HTTP/1.1,contacts,,200,,,http://20.210.36.32:8080/prediction/knn,,
http_req_failed,1678217717,0.000000,,,,true,,POST,http://20.210.36.32:8080/prediction/knn,HTTP/1.1,contacts,,200,,,http://20.210.36.32:8080/prediction/knn,,
responseTime,1678217717,1261.465729,,,,,,,,,contacts,,,,,,,
data_sent,1678217717,2088.000000,,,,,,,,,contacts,,,,,,,
data_received,1678217717,199.000000,,,,,,,,,contacts,,,,,,,
iteration_duration,1678217717,1264.249041,,,,,,,,,contacts,,,,,,,
iterations,1678217717,1.000000,,,,,,,,,contacts,,,,,,,
http_reqs,1678217717,1.000000,,,,true,,POST,http://20.210.36.32:8080/prediction/knn,HTTP/1.1,contacts,,200,,,http://20.210.36.32:8080/prediction/knn,,
http_req_duration,1678217717,1267.989457,,,,true,,POST,http://20.210.36.32:8080/prediction/knn,HTTP/1.1,contacts,,200,,,http://20.210.36.32:8080/prediction/knn,,
http_req_blocked,1678217717,1.998909,,,,true,,POST,http://20.210.36.32:8080/prediction/knn,HTTP/1.1,contacts,,200,,,http://20.210.36.32:8080/prediction/knn,,
http_req_connecting,1678217717,1.926008,,,,true,,POST,http://20.210.36.32:8080/prediction/knn,HTTP/1.1,contacts,,200,,,http://20.210.36.32:8080/prediction/knn,,
http_req_tls_handshaking,1678217717,0.000000,,,,true,,POST,http://20.210.36.32:8080/prediction/knn,HTTP/1.1,contacts,,200,,,http://20.210.36.32:8080/prediction/knn,,
http_req_sending,1678217717,0.100300,,,,true,,POST,http://20.210.36.32:8080/prediction/knn,HTTP/1.1,contacts,,200,,,http://20.210.36.32:8080/prediction/knn,,
http_req_waiting,1678217717,1266.364250,,,,true,,POST,http://20.210.36.32:8080/prediction/knn,HTTP/1.1,contacts,,200,,,http://20.210.36.32:8080/prediction/knn,,
http_req_receiving,1678217717,1.524907,,,,true,,POST,http://20.210.36.32:8080/prediction/knn,HTTP/1.1,contacts,,200,,,http://20.210.36.32:8080/prediction/knn,,
http_req_failed,1678217717,0.000000,,,,true,,POST,http://20.210.36.32:8080/prediction/knn,HTTP/1.1,contacts,,200,,,http://20.210.36.32:8080/prediction/knn,,
responseTime,1678217717,1267.989457,,,,,,,,,contacts,,,,,,,
data_sent,1678217717,2088.000000,,,,,,,,,contacts,,,,,,,
data_received,1678217717,199.000000,,,,,,,,,contacts,,,,,,,
iteration_duration,1678217717,1270.392667,,,,,,,,,contacts,,,,,,,
iterations,1678217717,1.000000,,,,,,,,,contacts,,,,,,,
http_reqs,1678217717,1.000000,,,,true,,POST,http://20.210.36.32:8080/prediction/knn,HTTP/1.1,contacts,,200,,,http://20.210.36.32:8080/prediction/knn,,
http_req_duration,1678217717,1041.185198,,,,true,,POST,http://20.210.36.32:8080/prediction/knn,HTTP/1.1,contacts,,200,,,http://20.210.36.32:8080/prediction/knn,,
http_req_blocked,1678217717,2.880312,,,,true,,POST,http://20.210.36.32:8080/prediction/knn,HTTP/1.1,contacts,,200,,,http://20.210.36.32:8080/prediction/knn,,
http_req_connecting,1678217717,2.787412,,,,true,,POST,http://20.210.36.32:8080/prediction/knn,HTTP/1.1,contacts,,200,,,http://20.210.36.32:8080/prediction/knn,,
http_req_tls_handshaking,1678217717,0.000000,,,,true,,POST,http://20.210.36.32:8080/prediction/knn,HTTP/1.1,contacts,,200,,,http://20.210.36.32:8080/prediction/knn,,
http_req_sending,1678217717,0.065500,,,,true,,POST,http://20.210.36.32:8080/prediction/knn,HTTP/1.1,contacts,,200,,,http://20.210.36.32:8080/prediction/knn,,
http_req_waiting,1678217717,1041.017598,,,,true,,POST,http://20.210.36.32:8080/prediction/knn,HTTP/1.1,contacts,,200,,,http://20.210.36.32:8080/prediction/knn,,
http_req_receiving,1678217717,0.102100,,,,true,,POST,http://20.210.36.32:8080/prediction/knn,HTTP/1.1,contacts,,200,,,http://20.210.36.32:8080/prediction/knn,,
http_req_failed,1678217717,0.000000,,,,true,,POST,http://20.210.36.32:8080/prediction/knn,HTTP/1.1,contacts,,200,,,http://20.210.36.32:8080/prediction/knn,,
responseTime,1678217717,1041.185198,,,,,,,,,contacts,,,,,,,
data_sent,1678217717,2088.000000,,,,,,,,,contacts,,,,,,,
data_received,1678217717,199.000000,,,,,,,,,contacts,,,,,,,
iteration_duration,1678217717,1044.698713,,,,,,,,,contacts,,,,,,,
iterations,1678217717,1.000000,,,,,,,,,contacts,,,,,,,
http_reqs,1678217717,1.000000,,,,true,,POST,http://20.210.36.32:8080/prediction/knn,HTTP/1.1,contacts,,200,,,http://20.210.36.32:8080/prediction/knn,,
http_req_duration,1678217717,1097.722337,,,,true,,POST,http://20.210.36.32:8080/prediction/knn,HTTP/1.1,contacts,,200,,,http://20.210.36.32:8080/prediction/knn,,
http_req_blocked,1678217717,2.061609,,,,true,,POST,http://20.210.36.32:8080/prediction/knn,HTTP/1.1,contacts,,200,,,http://20.210.36.32:8080/prediction/knn,,
http_req_connecting,1678217717,1.988108,,,,true,,POST,http://20.210.36.32:8080/prediction/knn,HTTP/1.1,contacts,,200,,,http://20.210.36.32:8080/prediction/knn,,
http_req_tls_handshaking,1678217717,0.000000,,,,true,,POST,http://20.210.36.32:8080/prediction/knn,HTTP/1.1,contacts,,200,,,http://20.210.36.32:8080/prediction/knn,,
http_req_sending,1678217717,0.092600,,,,true,,POST,http://20.210.36.32:8080/prediction/knn,HTTP/1.1,contacts,,200,,,http://20.210.36.32:8080/prediction/knn,,
http_req_waiting,1678217717,1092.644016,,,,true,,POST,http://20.210.36.32:8080/prediction/knn,HTTP/1.1,contacts,,200,,,http://20.210.36.32:8080/prediction/knn,,
http_req_receiving,1678217717,4.985721,,,,true,,POST,http://20.210.36.32:8080/prediction/knn,HTTP/1.1,contacts,,200,,,http://20.210.36.32:8080/prediction/knn,,
http_req_failed,1678217717,0.000000,,,,true,,POST,http://20.210.36.32:8080/prediction/knn,HTTP/1.1,contacts,,200,,,http://20.210.36.32:8080/prediction/knn,,
responseTime,1678217717,1097.722337,,,,,,,,,contacts,,,,,,,
data_sent,1678217717,2088.000000,,,,,,,,,contacts,,,,,,,
data_received,1678217717,199.000000,,,,,,,,,contacts,,,,,,,
iteration_duration,1678217717,1100.156448,,,,,,,,,contacts,,,,,,,
iterations,1678217717,1.000000,,,,,,,,,contacts,,,,,,,
http_reqs,1678217717,1.000000,,,,true,,POST,http://20.210.36.32:8080/prediction/knn,HTTP/1.1,contacts,,200,,,http://20.210.36.32:8080/prediction/knn,,
http_req_duration,1678217717,1098.827643,,,,true,,POST,http://20.210.36.32:8080/prediction/knn,HTTP/1.1,contacts,,200,,,http://20.210.36.32:8080/prediction/knn,,
http_req_blocked,1678217717,2.317809,,,,true,,POST,http://20.210.36.32:8080/prediction/knn,HTTP/1.1,contacts,,200,,,http://20.210.36.32:8080/prediction/knn,,
http_req_connecting,1678217717,2.276309,,,,true,,POST,http://20.210.36.32:8080/prediction/knn,HTTP/1.1,contacts,,200,,,http://20.210.36.32:8080/prediction/knn,,
http_req_tls_handshaking,1678217717,0.000000,,,,true,,POST,http://20.210.36.32:8080/prediction/knn,HTTP/1.1,contacts,,200,,,http://20.210.36.32:8080/prediction/knn,,
http_req_sending,1678217717,0.042901,,,,true,,POST,http://20.210.36.32:8080/prediction/knn,HTTP/1.1,contacts,,200,,,http://20.210.36.32:8080/prediction/knn,,
http_req_waiting,1678217717,1097.346335,,,,true,,POST,http://20.210.36.32:8080/prediction/knn,HTTP/1.1,contacts,,200,,,http://20.210.36.32:8080/prediction/knn,,
http_req_receiving,1678217717,1.438407,,,,true,,POST,http://20.210.36.32:8080/prediction/knn,HTTP/1.1,contacts,,200,,,http://20.210.36.32:8080/prediction/knn,,
http_req_failed,1678217717,0.000000,,,,true,,POST,http://20.210.36.32:8080/prediction/knn,HTTP/1.1,contacts,,200,,,http://20.210.36.32:8080/prediction/knn,,
responseTime,1678217717,1098.827643,,,,,,,,,contacts,,,,,,,
data_sent,1678217717,2088.000000,,,,,,,,,contacts,,,,,,,
data_received,1678217717,199.000000,,,,,,,,,contacts,,,,,,,
iteration_duration,1678217717,1101.765454,,,,,,,,,contacts,,,,,,,
iterations,1678217717,1.000000,,,,,,,,,contacts,,,,,,,
http_reqs,1678217717,1.000000,,,,true,,POST,http://20.210.36.32:8080/prediction/knn,HTTP/1.1,contacts,,200,,,http://20.210.36.32:8080/prediction/knn,,
http_req_duration,1678217717,1103.298661,,,,true,,POST,http://20.210.36.32:8080/prediction/knn,HTTP/1.1,contacts,,200,,,http://20.210.36.32:8080/prediction/knn,,
http_req_blocked,1678217717,2.124809,,,,true,,POST,http://20.210.36.32:8080/prediction/knn,HTTP/1.1,contacts,,200,,,http://20.210.36.32:8080/prediction/knn,,
http_req_connecting,1678217717,2.056209,,,,true,,POST,http://20.210.36.32:8080/prediction/knn,HTTP/1.1,contacts,,200,,,http://20.210.36.32:8080/prediction/knn,,
http_req_tls_handshaking,1678217717,0.000000,,,,true,,POST,http://20.210.36.32:8080/prediction/knn,HTTP/1.1,contacts,,200,,,http://20.210.36.32:8080/prediction/knn,,
http_req_sending,1678217717,0.054700,,,,true,,POST,http://20.210.36.32:8080/prediction/knn,HTTP/1.1,contacts,,200,,,http://20.210.36.32:8080/prediction/knn,,
http_req_waiting,1678217717,1101.486053,,,,true,,POST,http://20.210.36.32:8080/prediction/knn,HTTP/1.1,contacts,,200,,,http://20.210.36.32:8080/prediction/knn,,
http_req_receiving,1678217717,1.757908,,,,true,,POST,http://20.210.36.32:8080/prediction/knn,HTTP/1.1,contacts,,200,,,http://20.210.36.32:8080/prediction/knn,,
http_req_failed,1678217717,0.000000,,,,true,,POST,http://20.210.36.32:8080/prediction/knn,HTTP/1.1,contacts,,200,,,http://20.210.36.32:8080/prediction/knn,,
responseTime,1678217717,1103.298661,,,,,,,,,contacts,,,,,,,
data_sent,1678217717,2088.000000,,,,,,,,,contacts,,,,,,,
data_received,1678217717,199.000000,,,,,,,,,contacts,,,,,,,
iteration_duration,1678217717,1105.905972,,,,,,,,,contacts,,,,,,,
iterations,1678217717,1.000000,,,,,,,,,contacts,,,,,,,
http_reqs,1678217717,1.000000,,,,true,,POST,http://20.210.36.32:8080/prediction/knn,HTTP/1.1,contacts,,200,,,http://20.210.36.32:8080/prediction/knn,,
http_req_duration,1678217717,1064.532897,,,,true,,POST,http://20.210.36.32:8080/prediction/knn,HTTP/1.1,contacts,,200,,,http://20.210.36.32:8080/prediction/knn,,
http_req_blocked,1678217717,4.033217,,,,true,,POST,http://20.210.36.32:8080/prediction/knn,HTTP/1.1,contacts,,200,,,http://20.210.36.32:8080/prediction/knn,,
http_req_connecting,1678217717,3.974817,,,,true,,POST,http://20.210.36.32:8080/prediction/knn,HTTP/1.1,contacts,,200,,,http://20.210.36.32:8080/prediction/knn,,
http_req_tls_handshaking,1678217717,0.000000,,,,true,,POST,http://20.210.36.32:8080/prediction/knn,HTTP/1.1,contacts,,200,,,http://20.210.36.32:8080/prediction/knn,,
http_req_sending,1678217717,0.070600,,,,true,,POST,http://20.210.36.32:8080/prediction/knn,HTTP/1.1,contacts,,200,,,http://20.210.36.32:8080/prediction/knn,,
http_req_waiting,1678217717,1058.208171,,,,true,,POST,http://20.210.36.32:8080/prediction/knn,HTTP/1.1,contacts,,200,,,http://20.210.36.32:8080/prediction/knn,,
http_req_receiving,1678217717,6.254126,,,,true,,POST,http://20.210.36.32:8080/prediction/knn,HTTP/1.1,contacts,,200,,,http://20.210.36.32:8080/prediction/knn,,
http_req_failed,1678217717,0.000000,,,,true,,POST,http://20.210.36.32:8080/prediction/knn,HTTP/1.1,contacts,,200,,,http://20.210.36.32:8080/prediction/knn,,
responseTime,1678217717,1064.532897,,,,,,,,,contacts,,,,,,,
data_sent,1678217717,2088.000000,,,,,,,,,contacts,,,,,,,
data_received,1678217717,199.000000,,,,,,,,,contacts,,,,,,,
iteration_duration,1678217717,1069.112417,,,,,,,,,contacts,,,,,,,
iterations,1678217717,1.000000,,,,,,,,,contacts,,,,,,,
http_reqs,1678217717,1.000000,,,,true,,POST,http://20.210.36.32:8080/prediction/knn,HTTP/1.1,contacts,,200,,,http://20.210.36.32:8080/prediction/knn,,
http_req_duration,1678217717,1118.834627,,,,true,,POST,http://20.210.36.32:8080/prediction/knn,HTTP/1.1,contacts,,200,,,http://20.210.36.32:8080/prediction/knn,,
http_req_blocked,1678217717,3.938717,,,,true,,POST,http://20.210.36.32:8080/prediction/knn,HTTP/1.1,contacts,,200,,,http://20.210.36.32:8080/prediction/knn,,
http_req_connecting,1678217717,3.880916,,,,true,,POST,http://20.210.36.32:8080/prediction/knn,HTTP/1.1,contacts,,200,,,http://20.210.36.32:8080/prediction/knn,,
http_req_tls_handshaking,1678217717,0.000000,,,,true,,POST,http://20.210.36.32:8080/prediction/knn,HTTP/1.1,contacts,,200,,,http://20.210.36.32:8080/prediction/knn,,
http_req_sending,1678217717,0.056300,,,,true,,POST,http://20.210.36.32:8080/prediction/knn,HTTP/1.1,contacts,,200,,,http://20.210.36.32:8080/prediction/knn,,
http_req_waiting,1678217717,1118.647826,,,,true,,POST,http://20.210.36.32:8080/prediction/knn,HTTP/1.1,contacts,,200,,,http://20.210.36.32:8080/prediction/knn,,
http_req_receiving,1678217717,0.130501,,,,true,,POST,http://20.210.36.32:8080/prediction/knn,HTTP/1.1,contacts,,200,,,http://20.210.36.32:8080/prediction/knn,,
http_req_failed,1678217717,0.000000,,,,true,,POST,http://20.210.36.32:8080/prediction/knn,HTTP/1.1,contacts,,200,,,http://20.210.36.32:8080/prediction/knn,,
responseTime,1678217717,1118.834627,,,,,,,,,contacts,,,,,,,
data_sent,1678217717,2088.000000,,,,,,,,,contacts,,,,,,,
data_received,1678217717,199.000000,,,,,,,,,contacts,,,,,,,
iteration_duration,1678217717,1123.220545,,,,,,,,,contacts,,,,,,,
iterations,1678217717,1.000000,,,,,,,,,contacts,,,,,,,
vus,1678217717,64.000000,,,,,,,,,,,,,,,,
vus_max,1678217717,100.000000,,,,,,,,,,,,,,,,
http_reqs,1678217717,1.000000,,,,true,,POST,http://20.210.36.32:8080/prediction/knn,HTTP/1.1,contacts,,200,,,http://20.210.36.32:8080/prediction/knn,,
http_req_duration,1678217717,1166.971531,,,,true,,POST,http://20.210.36.32:8080/prediction/knn,HTTP/1.1,contacts,,200,,,http://20.210.36.32:8080/prediction/knn,,
http_req_blocked,1678217717,2.239810,,,,true,,POST,http://20.210.36.32:8080/prediction/knn,HTTP/1.1,contacts,,200,,,http://20.210.36.32:8080/prediction/knn,,
http_req_connecting,1678217717,2.134909,,,,true,,POST,http://20.210.36.32:8080/prediction/knn,HTTP/1.1,contacts,,200,,,http://20.210.36.32:8080/prediction/knn,,
http_req_tls_handshaking,1678217717,0.000000,,,,true,,POST,http://20.210.36.32:8080/prediction/knn,HTTP/1.1,contacts,,200,,,http://20.210.36.32:8080/prediction/knn,,
http_req_sending,1678217717,0.101601,,,,true,,POST,http://20.210.36.32:8080/prediction/knn,HTTP/1.1,contacts,,200,,,http://20.210.36.32:8080/prediction/knn,,
http_req_waiting,1678217717,1166.733229,,,,true,,POST,http://20.210.36.32:8080/prediction/knn,HTTP/1.1,contacts,,200,,,http://20.210.36.32:8080/prediction/knn,,
http_req_receiving,1678217717,0.136701,,,,true,,POST,http://20.210.36.32:8080/prediction/knn,HTTP/1.1,contacts,,200,,,http://20.210.36.32:8080/prediction/knn,,
http_req_failed,1678217717,0.000000,,,,true,,POST,http://20.210.36.32:8080/prediction/knn,HTTP/1.1,contacts,,200,,,http://20.210.36.32:8080/prediction/knn,,
responseTime,1678217717,1166.971531,,,,,,,,,contacts,,,,,,,
data_sent,1678217717,2088.000000,,,,,,,,,contacts,,,,,,,
data_received,1678217717,199.000000,,,,,,,,,contacts,,,,,,,
iteration_duration,1678217717,1170.080843,,,,,,,,,contacts,,,,,,,
iterations,1678217717,1.000000,,,,,,,,,contacts,,,,,,,
http_reqs,1678217717,1.000000,,,,true,,POST,http://20.210.36.32:8080/prediction/knn,HTTP/1.1,contacts,,200,,,http://20.210.36.32:8080/prediction/knn,,
http_req_duration,1678217717,1118.978327,,,,true,,POST,http://20.210.36.32:8080/prediction/knn,HTTP/1.1,contacts,,200,,,http://20.210.36.32:8080/prediction/knn,,
http_req_blocked,1678217717,4.054117,,,,true,,POST,http://20.210.36.32:8080/prediction/knn,HTTP/1.1,contacts,,200,,,http://20.210.36.32:8080/prediction/knn,,
http_req_connecting,1678217717,3.952517,,,,true,,POST,http://20.210.36.32:8080/prediction/knn,HTTP/1.1,contacts,,200,,,http://20.210.36.32:8080/prediction/knn,,
http_req_tls_handshaking,1678217717,0.000000,,,,true,,POST,http://20.210.36.32:8080/prediction/knn,HTTP/1.1,contacts,,200,,,http://20.210.36.32:8080/prediction/knn,,
http_req_sending,1678217717,0.059300,,,,true,,POST,http://20.210.36.32:8080/prediction/knn,HTTP/1.1,contacts,,200,,,http://20.210.36.32:8080/prediction/knn,,
http_req_waiting,1678217717,1118.824527,,,,true,,POST,http://20.210.36.32:8080/prediction/knn,HTTP/1.1,contacts,,200,,,http://20.210.36.32:8080/prediction/knn,,
http_req_receiving,1678217717,0.094500,,,,true,,POST,http://20.210.36.32:8080/prediction/knn,HTTP/1.1,contacts,,200,,,http://20.210.36.32:8080/prediction/knn,,
http_req_failed,1678217717,0.000000,,,,true,,POST,http://20.210.36.32:8080/prediction/knn,HTTP/1.1,contacts,,200,,,http://20.210.36.32:8080/prediction/knn,,
responseTime,1678217717,1118.978327,,,,,,,,,contacts,,,,,,,
data_sent,1678217717,2088.000000,,,,,,,,,contacts,,,,,,,
data_received,1678217717,199.000000,,,,,,,,,contacts,,,,,,,
iteration_duration,1678217717,1124.043049,,,,,,,,,contacts,,,,,,,
iterations,1678217717,1.000000,,,,,,,,,contacts,,,,,,,
http_reqs,1678217717,1.000000,,,,true,,POST,http://20.210.36.32:8080/prediction/knn,HTTP/1.1,contacts,,200,,,http://20.210.36.32:8080/prediction/knn,,
http_req_duration,1678217717,1009.335264,,,,true,,POST,http://20.210.36.32:8080/prediction/knn,HTTP/1.1,contacts,,200,,,http://20.210.36.32:8080/prediction/knn,,
http_req_blocked,1678217717,4.203218,,,,true,,POST,http://20.210.36.32:8080/prediction/knn,HTTP/1.1,contacts,,200,,,http://20.210.36.32:8080/prediction/knn,,
http_req_connecting,1678217717,4.121817,,,,true,,POST,http://20.210.36.32:8080/prediction/knn,HTTP/1.1,contacts,,200,,,http://20.210.36.32:8080/prediction/knn,,
http_req_tls_handshaking,1678217717,0.000000,,,,true,,POST,http://20.210.36.32:8080/prediction/knn,HTTP/1.1,contacts,,200,,,http://20.210.36.32:8080/prediction/knn,,
http_req_sending,1678217717,0.130501,,,,true,,POST,http://20.210.36.32:8080/prediction/knn,HTTP/1.1,contacts,,200,,,http://20.210.36.32:8080/prediction/knn,,
http_req_waiting,1678217717,1009.118163,,,,true,,POST,http://20.210.36.32:8080/prediction/knn,HTTP/1.1,contacts,,200,,,http://20.210.36.32:8080/prediction/knn,,
http_req_receiving,1678217717,0.086600,,,,true,,POST,http://20.210.36.32:8080/prediction/knn,HTTP/1.1,contacts,,200,,,http://20.210.36.32:8080/prediction/knn,,
http_req_failed,1678217717,0.000000,,,,true,,POST,http://20.210.36.32:8080/prediction/knn,HTTP/1.1,contacts,,200,,,http://20.210.36.32:8080/prediction/knn,,
responseTime,1678217717,1009.335264,,,,,,,,,contacts,,,,,,,
data_sent,1678217717,2088.000000,,,,,,,,,contacts,,,,,,,
data_received,1678217717,199.000000,,,,,,,,,contacts,,,,,,,
iteration_duration,1678217717,1014.167085,,,,,,,,,contacts,,,,,,,
iterations,1678217717,1.000000,,,,,,,,,contacts,,,,,,,
http_reqs,1678217717,1.000000,,,,true,,POST,http://20.210.36.32:8080/prediction/knn,HTTP/1.1,contacts,,200,,,http://20.210.36.32:8080/prediction/knn,,
http_req_duration,1678217717,1051.676243,,,,true,,POST,http://20.210.36.32:8080/prediction/knn,HTTP/1.1,contacts,,200,,,http://20.210.36.32:8080/prediction/knn,,
http_req_blocked,1678217717,3.846917,,,,true,,POST,http://20.210.36.32:8080/prediction/knn,HTTP/1.1,contacts,,200,,,http://20.210.36.32:8080/prediction/knn,,
http_req_connecting,1678217717,3.774315,,,,true,,POST,http://20.210.36.32:8080/prediction/knn,HTTP/1.1,contacts,,200,,,http://20.210.36.32:8080/prediction/knn,,
http_req_tls_handshaking,1678217717,0.000000,,,,true,,POST,http://20.210.36.32:8080/prediction/knn,HTTP/1.1,contacts,,200,,,http://20.210.36.32:8080/prediction/knn,,
http_req_sending,1678217717,0.056801,,,,true,,POST,http://20.210.36.32:8080/prediction/knn,HTTP/1.1,contacts,,200,,,http://20.210.36.32:8080/prediction/knn,,
http_req_waiting,1678217717,1049.789835,,,,true,,POST,http://20.210.36.32:8080/prediction/knn,HTTP/1.1,contacts,,200,,,http://20.210.36.32:8080/prediction/knn,,
http_req_receiving,1678217717,1.829607,,,,true,,POST,http://20.210.36.32:8080/prediction/knn,HTTP/1.1,contacts,,200,,,http://20.210.36.32:8080/prediction/knn,,
http_req_failed,1678217717,0.000000,,,,true,,POST,http://20.210.36.32:8080/prediction/knn,HTTP/1.1,contacts,,200,,,http://20.210.36.32:8080/prediction/knn,,
responseTime,1678217717,1051.676243,,,,,,,,,contacts,,,,,,,
data_sent,1678217717,2088.000000,,,,,,,,,contacts,,,,,,,
data_received,1678217717,199.000000,,,,,,,,,contacts,,,,,,,
iteration_duration,1678217717,1056.207462,,,,,,,,,contacts,,,,,,,
iterations,1678217717,1.000000,,,,,,,,,contacts,,,,,,,
http_reqs,1678217717,1.000000,,,,true,,POST,http://20.210.36.32:8080/prediction/knn,HTTP/1.1,contacts,,200,,,http://20.210.36.32:8080/prediction/knn,,
http_req_duration,1678217717,1128.761468,,,,true,,POST,http://20.210.36.32:8080/prediction/knn,HTTP/1.1,contacts,,200,,,http://20.210.36.32:8080/prediction/knn,,
http_req_blocked,1678217717,3.917117,,,,true,,POST,http://20.210.36.32:8080/prediction/knn,HTTP/1.1,contacts,,200,,,http://20.210.36.32:8080/prediction/knn,,
http_req_connecting,1678217717,3.839416,,,,true,,POST,http://20.210.36.32:8080/prediction/knn,HTTP/1.1,contacts,,200,,,http://20.210.36.32:8080/prediction/knn,,
http_req_tls_handshaking,1678217717,0.000000,,,,true,,POST,http://20.210.36.32:8080/prediction/knn,HTTP/1.1,contacts,,200,,,http://20.210.36.32:8080/prediction/knn,,
http_req_sending,1678217717,0.068100,,,,true,,POST,http://20.210.36.32:8080/prediction/knn,HTTP/1.1,contacts,,200,,,http://20.210.36.32:8080/prediction/knn,,
http_req_waiting,1678217717,1128.579468,,,,true,,POST,http://20.210.36.32:8080/prediction/knn,HTTP/1.1,contacts,,200,,,http://20.210.36.32:8080/prediction/knn,,
http_req_receiving,1678217717,0.113900,,,,true,,POST,http://20.210.36.32:8080/prediction/knn,HTTP/1.1,contacts,,200,,,http://20.210.36.32:8080/prediction/knn,,
http_req_failed,1678217717,0.000000,,,,true,,POST,http://20.210.36.32:8080/prediction/knn,HTTP/1.1,contacts,,200,,,http://20.210.36.32:8080/prediction/knn,,
responseTime,1678217717,1128.761468,,,,,,,,,contacts,,,,,,,
data_sent,1678217717,2088.000000,,,,,,,,,contacts,,,,,,,
data_received,1678217717,199.000000,,,,,,,,,contacts,,,,,,,
iteration_duration,1678217717,1133.043587,,,,,,,,,contacts,,,,,,,
iterations,1678217717,1.000000,,,,,,,,,contacts,,,,,,,
http_reqs,1678217717,1.000000,,,,true,,POST,http://20.210.36.32:8080/prediction/knn,HTTP/1.1,contacts,,200,,,http://20.210.36.32:8080/prediction/knn,,
http_req_duration,1678217717,1068.363913,,,,true,,POST,http://20.210.36.32:8080/prediction/knn,HTTP/1.1,contacts,,200,,,http://20.210.36.32:8080/prediction/knn,,
http_req_blocked,1678217717,3.655016,,,,true,,POST,http://20.210.36.32:8080/prediction/knn,HTTP/1.1,contacts,,200,,,http://20.210.36.32:8080/prediction/knn,,
http_req_connecting,1678217717,3.527815,,,,true,,POST,http://20.210.36.32:8080/prediction/knn,HTTP/1.1,contacts,,200,,,http://20.210.36.32:8080/prediction/knn,,
http_req_tls_handshaking,1678217717,0.000000,,,,true,,POST,http://20.210.36.32:8080/prediction/knn,HTTP/1.1,contacts,,200,,,http://20.210.36.32:8080/prediction/knn,,
http_req_sending,1678217717,0.087800,,,,true,,POST,http://20.210.36.32:8080/prediction/knn,HTTP/1.1,contacts,,200,,,http://20.210.36.32:8080/prediction/knn,,
http_req_waiting,1678217717,1068.162513,,,,true,,POST,http://20.210.36.32:8080/prediction/knn,HTTP/1.1,contacts,,200,,,http://20.210.36.32:8080/prediction/knn,,
http_req_receiving,1678217717,0.113600,,,,true,,POST,http://20.210.36.32:8080/prediction/knn,HTTP/1.1,contacts,,200,,,http://20.210.36.32:8080/prediction/knn,,
http_req_failed,1678217717,0.000000,,,,true,,POST,http://20.210.36.32:8080/prediction/knn,HTTP/1.1,contacts,,200,,,http://20.210.36.32:8080/prediction/knn,,
responseTime,1678217717,1068.363913,,,,,,,,,contacts,,,,,,,
data_sent,1678217717,2088.000000,,,,,,,,,contacts,,,,,,,
data_received,1678217717,199.000000,,,,,,,,,contacts,,,,,,,
iteration_duration,1678217717,1072.566931,,,,,,,,,contacts,,,,,,,
iterations,1678217717,1.000000,,,,,,,,,contacts,,,,,,,
http_reqs,1678217717,1.000000,,,,true,,POST,http://20.210.36.32:8080/prediction/knn,HTTP/1.1,contacts,,200,,,http://20.210.36.32:8080/prediction/knn,,
http_req_duration,1678217717,1169.148939,,,,true,,POST,http://20.210.36.32:8080/prediction/knn,HTTP/1.1,contacts,,200,,,http://20.210.36.32:8080/prediction/knn,,
http_req_blocked,1678217717,4.206718,,,,true,,POST,http://20.210.36.32:8080/prediction/knn,HTTP/1.1,contacts,,200,,,http://20.210.36.32:8080/prediction/knn,,
http_req_connecting,1678217717,4.081917,,,,true,,POST,http://20.210.36.32:8080/prediction/knn,HTTP/1.1,contacts,,200,,,http://20.210.36.32:8080/prediction/knn,,
http_req_tls_handshaking,1678217717,0.000000,,,,true,,POST,http://20.210.36.32:8080/prediction/knn,HTTP/1.1,contacts,,200,,,http://20.210.36.32:8080/prediction/knn,,
http_req_sending,1678217717,0.114200,,,,true,,POST,http://20.210.36.32:8080/prediction/knn,HTTP/1.1,contacts,,200,,,http://20.210.36.32:8080/prediction/knn,,
http_req_waiting,1678217717,1168.596337,,,,true,,POST,http://20.210.36.32:8080/prediction/knn,HTTP/1.1,contacts,,200,,,http://20.210.36.32:8080/prediction/knn,,
http_req_receiving,1678217717,0.438402,,,,true,,POST,http://20.210.36.32:8080/prediction/knn,HTTP/1.1,contacts,,200,,,http://20.210.36.32:8080/prediction/knn,,
http_req_failed,1678217717,0.000000,,,,true,,POST,http://20.210.36.32:8080/prediction/knn,HTTP/1.1,contacts,,200,,,http://20.210.36.32:8080/prediction/knn,,
responseTime,1678217717,1169.148939,,,,,,,,,contacts,,,,,,,
data_sent,1678217717,2088.000000,,,,,,,,,contacts,,,,,,,
data_received,1678217717,199.000000,,,,,,,,,contacts,,,,,,,
iteration_duration,1678217717,1173.740059,,,,,,,,,contacts,,,,,,,
iterations,1678217717,1.000000,,,,,,,,,contacts,,,,,,,
http_reqs,1678217717,1.000000,,,,true,,POST,http://20.210.36.32:8080/prediction/knn,HTTP/1.1,contacts,,200,,,http://20.210.36.32:8080/prediction/knn,,
http_req_duration,1678217717,1083.486377,,,,true,,POST,http://20.210.36.32:8080/prediction/knn,HTTP/1.1,contacts,,200,,,http://20.210.36.32:8080/prediction/knn,,
http_req_blocked,1678217717,4.025217,,,,true,,POST,http://20.210.36.32:8080/prediction/knn,HTTP/1.1,contacts,,200,,,http://20.210.36.32:8080/prediction/knn,,
http_req_connecting,1678217717,3.960217,,,,true,,POST,http://20.210.36.32:8080/prediction/knn,HTTP/1.1,contacts,,200,,,http://20.210.36.32:8080/prediction/knn,,
http_req_tls_handshaking,1678217717,0.000000,,,,true,,POST,http://20.210.36.32:8080/prediction/knn,HTTP/1.1,contacts,,200,,,http://20.210.36.32:8080/prediction/knn,,
http_req_sending,1678217717,0.055900,,,,true,,POST,http://20.210.36.32:8080/prediction/knn,HTTP/1.1,contacts,,200,,,http://20.210.36.32:8080/prediction/knn,,
http_req_waiting,1678217717,1083.318876,,,,true,,POST,http://20.210.36.32:8080/prediction/knn,HTTP/1.1,contacts,,200,,,http://20.210.36.32:8080/prediction/knn,,
http_req_receiving,1678217717,0.111601,,,,true,,POST,http://20.210.36.32:8080/prediction/knn,HTTP/1.1,contacts,,200,,,http://20.210.36.32:8080/prediction/knn,,
http_req_failed,1678217717,0.000000,,,,true,,POST,http://20.210.36.32:8080/prediction/knn,HTTP/1.1,contacts,,200,,,http://20.210.36.32:8080/prediction/knn,,
responseTime,1678217717,1083.486377,,,,,,,,,contacts,,,,,,,
data_sent,1678217717,2088.000000,,,,,,,,,contacts,,,,,,,
data_received,1678217717,199.000000,,,,,,,,,contacts,,,,,,,
iteration_duration,1678217717,1088.026496,,,,,,,,,contacts,,,,,,,
iterations,1678217717,1.000000,,,,,,,,,contacts,,,,,,,
http_reqs,1678217717,1.000000,,,,true,,POST,http://20.210.36.32:8080/prediction/knn,HTTP/1.1,contacts,,200,,,http://20.210.36.32:8080/prediction/knn,,
http_req_duration,1678217717,1048.396829,,,,true,,POST,http://20.210.36.32:8080/prediction/knn,HTTP/1.1,contacts,,200,,,http://20.210.36.32:8080/prediction/knn,,
http_req_blocked,1678217717,3.522615,,,,true,,POST,http://20.210.36.32:8080/prediction/knn,HTTP/1.1,contacts,,200,,,http://20.210.36.32:8080/prediction/knn,,
http_req_connecting,1678217717,3.445215,,,,true,,POST,http://20.210.36.32:8080/prediction/knn,HTTP/1.1,contacts,,200,,,http://20.210.36.32:8080/prediction/knn,,
http_req_tls_handshaking,1678217717,0.000000,,,,true,,POST,http://20.210.36.32:8080/prediction/knn,HTTP/1.1,contacts,,200,,,http://20.210.36.32:8080/prediction/knn,,
http_req_sending,1678217717,0.075100,,,,true,,POST,http://20.210.36.32:8080/prediction/knn,HTTP/1.1,contacts,,200,,,http://20.210.36.32:8080/prediction/knn,,
http_req_waiting,1678217717,1048.253029,,,,true,,POST,http://20.210.36.32:8080/prediction/knn,HTTP/1.1,contacts,,200,,,http://20.210.36.32:8080/prediction/knn,,
http_req_receiving,1678217717,0.068700,,,,true,,POST,http://20.210.36.32:8080/prediction/knn,HTTP/1.1,contacts,,200,,,http://20.210.36.32:8080/prediction/knn,,
http_req_failed,1678217717,0.000000,,,,true,,POST,http://20.210.36.32:8080/prediction/knn,HTTP/1.1,contacts,,200,,,http://20.210.36.32:8080/prediction/knn,,
responseTime,1678217717,1048.396829,,,,,,,,,contacts,,,,,,,
data_sent,1678217717,2088.000000,,,,,,,,,contacts,,,,,,,
data_received,1678217717,199.000000,,,,,,,,,contacts,,,,,,,
iteration_duration,1678217717,1052.329446,,,,,,,,,contacts,,,,,,,
iterations,1678217717,1.000000,,,,,,,,,contacts,,,,,,,
http_reqs,1678217717,1.000000,,,,true,,POST,http://20.210.36.32:8080/prediction/knn,HTTP/1.1,contacts,,200,,,http://20.210.36.32:8080/prediction/knn,,
http_req_duration,1678217717,1051.493342,,,,true,,POST,http://20.210.36.32:8080/prediction/knn,HTTP/1.1,contacts,,200,,,http://20.210.36.32:8080/prediction/knn,,
http_req_blocked,1678217717,3.498615,,,,true,,POST,http://20.210.36.32:8080/prediction/knn,HTTP/1.1,contacts,,200,,,http://20.210.36.32:8080/prediction/knn,,
http_req_connecting,1678217717,3.431015,,,,true,,POST,http://20.210.36.32:8080/prediction/knn,HTTP/1.1,contacts,,200,,,http://20.210.36.32:8080/prediction/knn,,
http_req_tls_handshaking,1678217717,0.000000,,,,true,,POST,http://20.210.36.32:8080/prediction/knn,HTTP/1.1,contacts,,200,,,http://20.210.36.32:8080/prediction/knn,,
http_req_sending,1678217717,0.081400,,,,true,,POST,http://20.210.36.32:8080/prediction/knn,HTTP/1.1,contacts,,200,,,http://20.210.36.32:8080/prediction/knn,,
http_req_waiting,1678217717,1051.324641,,,,true,,POST,http://20.210.36.32:8080/prediction/knn,HTTP/1.1,contacts,,200,,,http://20.210.36.32:8080/prediction/knn,,
http_req_receiving,1678217717,0.087301,,,,true,,POST,http://20.210.36.32:8080/prediction/knn,HTTP/1.1,contacts,,200,,,http://20.210.36.32:8080/prediction/knn,,
http_req_failed,1678217717,0.000000,,,,true,,POST,http://20.210.36.32:8080/prediction/knn,HTTP/1.1,contacts,,200,,,http://20.210.36.32:8080/prediction/knn,,
responseTime,1678217717,1051.493342,,,,,,,,,contacts,,,,,,,
data_sent,1678217717,2088.000000,,,,,,,,,contacts,,,,,,,
data_received,1678217717,199.000000,,,,,,,,,contacts,,,,,,,
iteration_duration,1678217717,1055.419259,,,,,,,,,contacts,,,,,,,
iterations,1678217717,1.000000,,,,,,,,,contacts,,,,,,,
http_reqs,1678217717,1.000000,,,,true,,POST,http://20.210.36.32:8080/prediction/knn,HTTP/1.1,contacts,,200,,,http://20.210.36.32:8080/prediction/knn,,
http_req_duration,1678217717,1082.414873,,,,true,,POST,http://20.210.36.32:8080/prediction/knn,HTTP/1.1,contacts,,200,,,http://20.210.36.32:8080/prediction/knn,,
http_req_blocked,1678217717,4.427519,,,,true,,POST,http://20.210.36.32:8080/prediction/knn,HTTP/1.1,contacts,,200,,,http://20.210.36.32:8080/prediction/knn,,
http_req_connecting,1678217717,4.344518,,,,true,,POST,http://20.210.36.32:8080/prediction/knn,HTTP/1.1,contacts,,200,,,http://20.210.36.32:8080/prediction/knn,,
http_req_tls_handshaking,1678217717,0.000000,,,,true,,POST,http://20.210.36.32:8080/prediction/knn,HTTP/1.1,contacts,,200,,,http://20.210.36.32:8080/prediction/knn,,
http_req_sending,1678217717,0.072500,,,,true,,POST,http://20.210.36.32:8080/prediction/knn,HTTP/1.1,contacts,,200,,,http://20.210.36.32:8080/prediction/knn,,
http_req_waiting,1678217717,1082.096172,,,,true,,POST,http://20.210.36.32:8080/prediction/knn,HTTP/1.1,contacts,,200,,,http://20.210.36.32:8080/prediction/knn,,
http_req_receiving,1678217717,0.246201,,,,true,,POST,http://20.210.36.32:8080/prediction/knn,HTTP/1.1,contacts,,200,,,http://20.210.36.32:8080/prediction/knn,,
http_req_failed,1678217717,0.000000,,,,true,,POST,http://20.210.36.32:8080/prediction/knn,HTTP/1.1,contacts,,200,,,http://20.210.36.32:8080/prediction/knn,,
responseTime,1678217717,1082.414873,,,,,,,,,contacts,,,,,,,
data_sent,1678217717,2088.000000,,,,,,,,,contacts,,,,,,,
data_received,1678217717,199.000000,,,,,,,,,contacts,,,,,,,
iteration_duration,1678217717,1087.540295,,,,,,,,,contacts,,,,,,,
iterations,1678217717,1.000000,,,,,,,,,contacts,,,,,,,
http_reqs,1678217717,1.000000,,,,true,,POST,http://20.210.36.32:8080/prediction/knn,HTTP/1.1,contacts,,200,,,http://20.210.36.32:8080/prediction/knn,,
http_req_duration,1678217717,1117.147620,,,,true,,POST,http://20.210.36.32:8080/prediction/knn,HTTP/1.1,contacts,,200,,,http://20.210.36.32:8080/prediction/knn,,
http_req_blocked,1678217717,4.550920,,,,true,,POST,http://20.210.36.32:8080/prediction/knn,HTTP/1.1,contacts,,200,,,http://20.210.36.32:8080/prediction/knn,,
http_req_connecting,1678217717,4.451618,,,,true,,POST,http://20.210.36.32:8080/prediction/knn,HTTP/1.1,contacts,,200,,,http://20.210.36.32:8080/prediction/knn,,
http_req_tls_handshaking,1678217717,0.000000,,,,true,,POST,http://20.210.36.32:8080/prediction/knn,HTTP/1.1,contacts,,200,,,http://20.210.36.32:8080/prediction/knn,,
http_req_sending,1678217717,0.221001,,,,true,,POST,http://20.210.36.32:8080/prediction/knn,HTTP/1.1,contacts,,200,,,http://20.210.36.32:8080/prediction/knn,,
http_req_waiting,1678217717,1107.996481,,,,true,,POST,http://20.210.36.32:8080/prediction/knn,HTTP/1.1,contacts,,200,,,http://20.210.36.32:8080/prediction/knn,,
http_req_receiving,1678217717,8.930138,,,,true,,POST,http://20.210.36.32:8080/prediction/knn,HTTP/1.1,contacts,,200,,,http://20.210.36.32:8080/prediction/knn,,
http_req_failed,1678217717,0.000000,,,,true,,POST,http://20.210.36.32:8080/prediction/knn,HTTP/1.1,contacts,,200,,,http://20.210.36.32:8080/prediction/knn,,
responseTime,1678217717,1117.147620,,,,,,,,,contacts,,,,,,,
data_sent,1678217717,2088.000000,,,,,,,,,contacts,,,,,,,
data_received,1678217717,199.000000,,,,,,,,,contacts,,,,,,,
iteration_duration,1678217717,1122.206441,,,,,,,,,contacts,,,,,,,
iterations,1678217717,1.000000,,,,,,,,,contacts,,,,,,,
http_reqs,1678217717,1.000000,,,,true,,POST,http://20.210.36.32:8080/prediction/knn,HTTP/1.1,contacts,,200,,,http://20.210.36.32:8080/prediction/knn,,
http_req_duration,1678217717,1156.143984,,,,true,,POST,http://20.210.36.32:8080/prediction/knn,HTTP/1.1,contacts,,200,,,http://20.210.36.32:8080/prediction/knn,,
http_req_blocked,1678217717,4.186018,,,,true,,POST,http://20.210.36.32:8080/prediction/knn,HTTP/1.1,contacts,,200,,,http://20.210.36.32:8080/prediction/knn,,
http_req_connecting,1678217717,3.952817,,,,true,,POST,http://20.210.36.32:8080/prediction/knn,HTTP/1.1,contacts,,200,,,http://20.210.36.32:8080/prediction/knn,,
http_req_tls_handshaking,1678217717,0.000000,,,,true,,POST,http://20.210.36.32:8080/prediction/knn,HTTP/1.1,contacts,,200,,,http://20.210.36.32:8080/prediction/knn,,
http_req_sending,1678217717,0.141300,,,,true,,POST,http://20.210.36.32:8080/prediction/knn,HTTP/1.1,contacts,,200,,,http://20.210.36.32:8080/prediction/knn,,
http_req_waiting,1678217717,1152.538969,,,,true,,POST,http://20.210.36.32:8080/prediction/knn,HTTP/1.1,contacts,,200,,,http://20.210.36.32:8080/prediction/knn,,
http_req_receiving,1678217717,3.463715,,,,true,,POST,http://20.210.36.32:8080/prediction/knn,HTTP/1.1,contacts,,200,,,http://20.210.36.32:8080/prediction/knn,,
http_req_failed,1678217717,0.000000,,,,true,,POST,http://20.210.36.32:8080/prediction/knn,HTTP/1.1,contacts,,200,,,http://20.210.36.32:8080/prediction/knn,,
responseTime,1678217717,1156.143984,,,,,,,,,contacts,,,,,,,
data_sent,1678217717,2088.000000,,,,,,,,,contacts,,,,,,,
data_received,1678217717,199.000000,,,,,,,,,contacts,,,,,,,
iteration_duration,1678217717,1160.763204,,,,,,,,,contacts,,,,,,,
iterations,1678217717,1.000000,,,,,,,,,contacts,,,,,,,
http_reqs,1678217717,1.000000,,,,true,,POST,http://20.210.36.32:8080/prediction/knn,HTTP/1.1,contacts,,200,,,http://20.210.36.32:8080/prediction/knn,,
http_req_duration,1678217717,1193.805743,,,,true,,POST,http://20.210.36.32:8080/prediction/knn,HTTP/1.1,contacts,,200,,,http://20.210.36.32:8080/prediction/knn,,
http_req_blocked,1678217717,3.757116,,,,true,,POST,http://20.210.36.32:8080/prediction/knn,HTTP/1.1,contacts,,200,,,http://20.210.36.32:8080/prediction/knn,,
http_req_connecting,1678217717,3.640816,,,,true,,POST,http://20.210.36.32:8080/prediction/knn,HTTP/1.1,contacts,,200,,,http://20.210.36.32:8080/prediction/knn,,
http_req_tls_handshaking,1678217717,0.000000,,,,true,,POST,http://20.210.36.32:8080/prediction/knn,HTTP/1.1,contacts,,200,,,http://20.210.36.32:8080/prediction/knn,,
http_req_sending,1678217717,0.048200,,,,true,,POST,http://20.210.36.32:8080/prediction/knn,HTTP/1.1,contacts,,200,,,http://20.210.36.32:8080/prediction/knn,,
http_req_waiting,1678217717,1193.650843,,,,true,,POST,http://20.210.36.32:8080/prediction/knn,HTTP/1.1,contacts,,200,,,http://20.210.36.32:8080/prediction/knn,,
http_req_receiving,1678217717,0.106700,,,,true,,POST,http://20.210.36.32:8080/prediction/knn,HTTP/1.1,contacts,,200,,,http://20.210.36.32:8080/prediction/knn,,
http_req_failed,1678217717,0.000000,,,,true,,POST,http://20.210.36.32:8080/prediction/knn,HTTP/1.1,contacts,,200,,,http://20.210.36.32:8080/prediction/knn,,
responseTime,1678217717,1193.805743,,,,,,,,,contacts,,,,,,,
data_sent,1678217717,2088.000000,,,,,,,,,contacts,,,,,,,
data_received,1678217717,199.000000,,,,,,,,,contacts,,,,,,,
iteration_duration,1678217717,1197.851061,,,,,,,,,contacts,,,,,,,
iterations,1678217717,1.000000,,,,,,,,,contacts,,,,,,,
http_reqs,1678217717,1.000000,,,,true,,POST,http://20.210.36.32:8080/prediction/knn,HTTP/1.1,contacts,,200,,,http://20.210.36.32:8080/prediction/knn,,
http_req_duration,1678217717,1183.415400,,,,true,,POST,http://20.210.36.32:8080/prediction/knn,HTTP/1.1,contacts,,200,,,http://20.210.36.32:8080/prediction/knn,,
http_req_blocked,1678217717,3.578315,,,,true,,POST,http://20.210.36.32:8080/prediction/knn,HTTP/1.1,contacts,,200,,,http://20.210.36.32:8080/prediction/knn,,
http_req_connecting,1678217717,3.478814,,,,true,,POST,http://20.210.36.32:8080/prediction/knn,HTTP/1.1,contacts,,200,,,http://20.210.36.32:8080/prediction/knn,,
http_req_tls_handshaking,1678217717,0.000000,,,,true,,POST,http://20.210.36.32:8080/prediction/knn,HTTP/1.1,contacts,,200,,,http://20.210.36.32:8080/prediction/knn,,
http_req_sending,1678217717,0.098301,,,,true,,POST,http://20.210.36.32:8080/prediction/knn,HTTP/1.1,contacts,,200,,,http://20.210.36.32:8080/prediction/knn,,
http_req_waiting,1678217717,1183.199298,,,,true,,POST,http://20.210.36.32:8080/prediction/knn,HTTP/1.1,contacts,,200,,,http://20.210.36.32:8080/prediction/knn,,
http_req_receiving,1678217717,0.117801,,,,true,,POST,http://20.210.36.32:8080/prediction/knn,HTTP/1.1,contacts,,200,,,http://20.210.36.32:8080/prediction/knn,,
http_req_failed,1678217717,0.000000,,,,true,,POST,http://20.210.36.32:8080/prediction/knn,HTTP/1.1,contacts,,200,,,http://20.210.36.32:8080/prediction/knn,,
responseTime,1678217717,1183.415400,,,,,,,,,contacts,,,,,,,
data_sent,1678217717,2088.000000,,,,,,,,,contacts,,,,,,,
data_received,1678217717,199.000000,,,,,,,,,contacts,,,,,,,
iteration_duration,1678217717,1187.342416,,,,,,,,,contacts,,,,,,,
iterations,1678217717,1.000000,,,,,,,,,contacts,,,,,,,
http_reqs,1678217717,1.000000,,,,true,,POST,http://20.210.36.32:8080/prediction/knn,HTTP/1.1,contacts,,200,,,http://20.210.36.32:8080/prediction/knn,,
http_req_duration,1678217717,1169.180340,,,,true,,POST,http://20.210.36.32:8080/prediction/knn,HTTP/1.1,contacts,,200,,,http://20.210.36.32:8080/prediction/knn,,
http_req_blocked,1678217717,3.995217,,,,true,,POST,http://20.210.36.32:8080/prediction/knn,HTTP/1.1,contacts,,200,,,http://20.210.36.32:8080/prediction/knn,,
http_req_connecting,1678217717,3.924616,,,,true,,POST,http://20.210.36.32:8080/prediction/knn,HTTP/1.1,contacts,,200,,,http://20.210.36.32:8080/prediction/knn,,
http_req_tls_handshaking,1678217717,0.000000,,,,true,,POST,http://20.210.36.32:8080/prediction/knn,HTTP/1.1,contacts,,200,,,http://20.210.36.32:8080/prediction/knn,,
http_req_sending,1678217717,0.040501,,,,true,,POST,http://20.210.36.32:8080/prediction/knn,HTTP/1.1,contacts,,200,,,http://20.210.36.32:8080/prediction/knn,,
http_req_waiting,1678217717,1168.984938,,,,true,,POST,http://20.210.36.32:8080/prediction/knn,HTTP/1.1,contacts,,200,,,http://20.210.36.32:8080/prediction/knn,,
http_req_receiving,1678217717,0.154901,,,,true,,POST,http://20.210.36.32:8080/prediction/knn,HTTP/1.1,contacts,,200,,,http://20.210.36.32:8080/prediction/knn,,
http_req_failed,1678217717,0.000000,,,,true,,POST,http://20.210.36.32:8080/prediction/knn,HTTP/1.1,contacts,,200,,,http://20.210.36.32:8080/prediction/knn,,
responseTime,1678217717,1169.180340,,,,,,,,,contacts,,,,,,,
data_sent,1678217717,2088.000000,,,,,,,,,contacts,,,,,,,
data_received,1678217717,199.000000,,,,,,,,,contacts,,,,,,,
iteration_duration,1678217717,1173.737158,,,,,,,,,contacts,,,,,,,
iterations,1678217717,1.000000,,,,,,,,,contacts,,,,,,,
http_reqs,1678217717,1.000000,,,,true,,POST,http://20.210.36.32:8080/prediction/knn,HTTP/1.1,contacts,,200,,,http://20.210.36.32:8080/prediction/knn,,
http_req_duration,1678217717,1172.038851,,,,true,,POST,http://20.210.36.32:8080/prediction/knn,HTTP/1.1,contacts,,200,,,http://20.210.36.32:8080/prediction/knn,,
http_req_blocked,1678217717,3.889616,,,,true,,POST,http://20.210.36.32:8080/prediction/knn,HTTP/1.1,contacts,,200,,,http://20.210.36.32:8080/prediction/knn,,
http_req_connecting,1678217717,3.796016,,,,true,,POST,http://20.210.36.32:8080/prediction/knn,HTTP/1.1,contacts,,200,,,http://20.210.36.32:8080/prediction/knn,,
http_req_tls_handshaking,1678217717,0.000000,,,,true,,POST,http://20.210.36.32:8080/prediction/knn,HTTP/1.1,contacts,,200,,,http://20.210.36.32:8080/prediction/knn,,
http_req_sending,1678217717,0.069100,,,,true,,POST,http://20.210.36.32:8080/prediction/knn,HTTP/1.1,contacts,,200,,,http://20.210.36.32:8080/prediction/knn,,
http_req_waiting,1678217717,1171.836451,,,,true,,POST,http://20.210.36.32:8080/prediction/knn,HTTP/1.1,contacts,,200,,,http://20.210.36.32:8080/prediction/knn,,
http_req_receiving,1678217717,0.133300,,,,true,,POST,http://20.210.36.32:8080/prediction/knn,HTTP/1.1,contacts,,200,,,http://20.210.36.32:8080/prediction/knn,,
http_req_failed,1678217717,0.000000,,,,true,,POST,http://20.210.36.32:8080/prediction/knn,HTTP/1.1,contacts,,200,,,http://20.210.36.32:8080/prediction/knn,,
responseTime,1678217717,1172.038851,,,,,,,,,contacts,,,,,,,
data_sent,1678217717,2088.000000,,,,,,,,,contacts,,,,,,,
data_received,1678217717,199.000000,,,,,,,,,contacts,,,,,,,
iteration_duration,1678217717,1176.290869,,,,,,,,,contacts,,,,,,,
iterations,1678217717,1.000000,,,,,,,,,contacts,,,,,,,
http_reqs,1678217717,1.000000,,,,true,,POST,http://20.210.36.32:8080/prediction/knn,HTTP/1.1,contacts,,200,,,http://20.210.36.32:8080/prediction/knn,,
http_req_duration,1678217717,1203.523984,,,,true,,POST,http://20.210.36.32:8080/prediction/knn,HTTP/1.1,contacts,,200,,,http://20.210.36.32:8080/prediction/knn,,
http_req_blocked,1678217717,3.569815,,,,true,,POST,http://20.210.36.32:8080/prediction/knn,HTTP/1.1,contacts,,200,,,http://20.210.36.32:8080/prediction/knn,,
http_req_connecting,1678217717,3.485015,,,,true,,POST,http://20.210.36.32:8080/prediction/knn,HTTP/1.1,contacts,,200,,,http://20.210.36.32:8080/prediction/knn,,
http_req_tls_handshaking,1678217717,0.000000,,,,true,,POST,http://20.210.36.32:8080/prediction/knn,HTTP/1.1,contacts,,200,,,http://20.210.36.32:8080/prediction/knn,,
http_req_sending,1678217717,0.080000,,,,true,,POST,http://20.210.36.32:8080/prediction/knn,HTTP/1.1,contacts,,200,,,http://20.210.36.32:8080/prediction/knn,,
http_req_waiting,1678217717,1198.421263,,,,true,,POST,http://20.210.36.32:8080/prediction/knn,HTTP/1.1,contacts,,200,,,http://20.210.36.32:8080/prediction/knn,,
http_req_receiving,1678217717,5.022721,,,,true,,POST,http://20.210.36.32:8080/prediction/knn,HTTP/1.1,contacts,,200,,,http://20.210.36.32:8080/prediction/knn,,
http_req_failed,1678217717,0.000000,,,,true,,POST,http://20.210.36.32:8080/prediction/knn,HTTP/1.1,contacts,,200,,,http://20.210.36.32:8080/prediction/knn,,
responseTime,1678217717,1203.523984,,,,,,,,,contacts,,,,,,,
data_sent,1678217717,2088.000000,,,,,,,,,contacts,,,,,,,
data_received,1678217717,199.000000,,,,,,,,,contacts,,,,,,,
iteration_duration,1678217717,1207.576101,,,,,,,,,contacts,,,,,,,
iterations,1678217717,1.000000,,,,,,,,,contacts,,,,,,,
http_reqs,1678217717,1.000000,,,,true,,POST,http://20.210.36.32:8080/prediction/knn,HTTP/1.1,contacts,,200,,,http://20.210.36.32:8080/prediction/knn,,
http_req_duration,1678217717,1265.181145,,,,true,,POST,http://20.210.36.32:8080/prediction/knn,HTTP/1.1,contacts,,200,,,http://20.210.36.32:8080/prediction/knn,,
http_req_blocked,1678217717,4.470119,,,,true,,POST,http://20.210.36.32:8080/prediction/knn,HTTP/1.1,contacts,,200,,,http://20.210.36.32:8080/prediction/knn,,
http_req_connecting,1678217717,4.281218,,,,true,,POST,http://20.210.36.32:8080/prediction/knn,HTTP/1.1,contacts,,200,,,http://20.210.36.32:8080/prediction/knn,,
http_req_tls_handshaking,1678217717,0.000000,,,,true,,POST,http://20.210.36.32:8080/prediction/knn,HTTP/1.1,contacts,,200,,,http://20.210.36.32:8080/prediction/knn,,
http_req_sending,1678217717,0.068301,,,,true,,POST,http://20.210.36.32:8080/prediction/knn,HTTP/1.1,contacts,,200,,,http://20.210.36.32:8080/prediction/knn,,
http_req_waiting,1678217717,1251.818788,,,,true,,POST,http://20.210.36.32:8080/prediction/knn,HTTP/1.1,contacts,,200,,,http://20.210.36.32:8080/prediction/knn,,
http_req_receiving,1678217717,13.294056,,,,true,,POST,http://20.210.36.32:8080/prediction/knn,HTTP/1.1,contacts,,200,,,http://20.210.36.32:8080/prediction/knn,,
http_req_failed,1678217717,0.000000,,,,true,,POST,http://20.210.36.32:8080/prediction/knn,HTTP/1.1,contacts,,200,,,http://20.210.36.32:8080/prediction/knn,,
responseTime,1678217717,1265.181145,,,,,,,,,contacts,,,,,,,
data_sent,1678217717,2088.000000,,,,,,,,,contacts,,,,,,,
data_received,1678217717,199.000000,,,,,,,,,contacts,,,,,,,
iteration_duration,1678217717,1270.207266,,,,,,,,,contacts,,,,,,,
iterations,1678217717,1.000000,,,,,,,,,contacts,,,,,,,
http_reqs,1678217717,1.000000,,,,true,,POST,http://20.210.36.32:8080/prediction/knn,HTTP/1.1,contacts,,200,,,http://20.210.36.32:8080/prediction/knn,,
http_req_duration,1678217717,1191.195632,,,,true,,POST,http://20.210.36.32:8080/prediction/knn,HTTP/1.1,contacts,,200,,,http://20.210.36.32:8080/prediction/knn,,
http_req_blocked,1678217717,4.074617,,,,true,,POST,http://20.210.36.32:8080/prediction/knn,HTTP/1.1,contacts,,200,,,http://20.210.36.32:8080/prediction/knn,,
http_req_connecting,1678217717,3.993217,,,,true,,POST,http://20.210.36.32:8080/prediction/knn,HTTP/1.1,contacts,,200,,,http://20.210.36.32:8080/prediction/knn,,
http_req_tls_handshaking,1678217717,0.000000,,,,true,,POST,http://20.210.36.32:8080/prediction/knn,HTTP/1.1,contacts,,200,,,http://20.210.36.32:8080/prediction/knn,,
http_req_sending,1678217717,0.068700,,,,true,,POST,http://20.210.36.32:8080/prediction/knn,HTTP/1.1,contacts,,200,,,http://20.210.36.32:8080/prediction/knn,,
http_req_waiting,1678217717,1191.027932,,,,true,,POST,http://20.210.36.32:8080/prediction/knn,HTTP/1.1,contacts,,200,,,http://20.210.36.32:8080/prediction/knn,,
http_req_receiving,1678217717,0.099000,,,,true,,POST,http://20.210.36.32:8080/prediction/knn,HTTP/1.1,contacts,,200,,,http://20.210.36.32:8080/prediction/knn,,
http_req_failed,1678217717,0.000000,,,,true,,POST,http://20.210.36.32:8080/prediction/knn,HTTP/1.1,contacts,,200,,,http://20.210.36.32:8080/prediction/knn,,
responseTime,1678217717,1191.195632,,,,,,,,,contacts,,,,,,,
data_sent,1678217717,2088.000000,,,,,,,,,contacts,,,,,,,
data_received,1678217717,199.000000,,,,,,,,,contacts,,,,,,,
iteration_duration,1678217717,1195.759852,,,,,,,,,contacts,,,,,,,
iterations,1678217717,1.000000,,,,,,,,,contacts,,,,,,,
http_reqs,1678217717,1.000000,,,,true,,POST,http://20.210.36.32:8080/prediction/knn,HTTP/1.1,contacts,,200,,,http://20.210.36.32:8080/prediction/knn,,
http_req_duration,1678217717,1304.447011,,,,true,,POST,http://20.210.36.32:8080/prediction/knn,HTTP/1.1,contacts,,200,,,http://20.210.36.32:8080/prediction/knn,,
http_req_blocked,1678217717,3.850616,,,,true,,POST,http://20.210.36.32:8080/prediction/knn,HTTP/1.1,contacts,,200,,,http://20.210.36.32:8080/prediction/knn,,
http_req_connecting,1678217717,3.785516,,,,true,,POST,http://20.210.36.32:8080/prediction/knn,HTTP/1.1,contacts,,200,,,http://20.210.36.32:8080/prediction/knn,,
http_req_tls_handshaking,1678217717,0.000000,,,,true,,POST,http://20.210.36.32:8080/prediction/knn,HTTP/1.1,contacts,,200,,,http://20.210.36.32:8080/prediction/knn,,
http_req_sending,1678217717,0.059201,,,,true,,POST,http://20.210.36.32:8080/prediction/knn,HTTP/1.1,contacts,,200,,,http://20.210.36.32:8080/prediction/knn,,
http_req_waiting,1678217717,1304.311910,,,,true,,POST,http://20.210.36.32:8080/prediction/knn,HTTP/1.1,contacts,,200,,,http://20.210.36.32:8080/prediction/knn,,
http_req_receiving,1678217717,0.075900,,,,true,,POST,http://20.210.36.32:8080/prediction/knn,HTTP/1.1,contacts,,200,,,http://20.210.36.32:8080/prediction/knn,,
http_req_failed,1678217717,0.000000,,,,true,,POST,http://20.210.36.32:8080/prediction/knn,HTTP/1.1,contacts,,200,,,http://20.210.36.32:8080/prediction/knn,,
responseTime,1678217717,1304.447011,,,,,,,,,contacts,,,,,,,
data_sent,1678217717,2088.000000,,,,,,,,,contacts,,,,,,,
data_received,1678217717,199.000000,,,,,,,,,contacts,,,,,,,
iteration_duration,1678217717,1308.899430,,,,,,,,,contacts,,,,,,,
iterations,1678217717,1.000000,,,,,,,,,contacts,,,,,,,
http_reqs,1678217717,1.000000,,,,true,,POST,http://20.210.36.32:8080/prediction/knn,HTTP/1.1,contacts,,200,,,http://20.210.36.32:8080/prediction/knn,,
http_req_duration,1678217717,1270.745769,,,,true,,POST,http://20.210.36.32:8080/prediction/knn,HTTP/1.1,contacts,,200,,,http://20.210.36.32:8080/prediction/knn,,
http_req_blocked,1678217717,4.774520,,,,true,,POST,http://20.210.36.32:8080/prediction/knn,HTTP/1.1,contacts,,200,,,http://20.210.36.32:8080/prediction/knn,,
http_req_connecting,1678217717,3.917616,,,,true,,POST,http://20.210.36.32:8080/prediction/knn,HTTP/1.1,contacts,,200,,,http://20.210.36.32:8080/prediction/knn,,
http_req_tls_handshaking,1678217717,0.000000,,,,true,,POST,http://20.210.36.32:8080/prediction/knn,HTTP/1.1,contacts,,200,,,http://20.210.36.32:8080/prediction/knn,,
http_req_sending,1678217717,0.113501,,,,true,,POST,http://20.210.36.32:8080/prediction/knn,HTTP/1.1,contacts,,200,,,http://20.210.36.32:8080/prediction/knn,,
http_req_waiting,1678217717,1270.501167,,,,true,,POST,http://20.210.36.32:8080/prediction/knn,HTTP/1.1,contacts,,200,,,http://20.210.36.32:8080/prediction/knn,,
http_req_receiving,1678217717,0.131101,,,,true,,POST,http://20.210.36.32:8080/prediction/knn,HTTP/1.1,contacts,,200,,,http://20.210.36.32:8080/prediction/knn,,
http_req_failed,1678217717,0.000000,,,,true,,POST,http://20.210.36.32:8080/prediction/knn,HTTP/1.1,contacts,,200,,,http://20.210.36.32:8080/prediction/knn,,
responseTime,1678217717,1270.745769,,,,,,,,,contacts,,,,,,,
data_sent,1678217717,2088.000000,,,,,,,,,contacts,,,,,,,
data_received,1678217717,199.000000,,,,,,,,,contacts,,,,,,,
iteration_duration,1678217717,1275.852590,,,,,,,,,contacts,,,,,,,
iterations,1678217717,1.000000,,,,,,,,,contacts,,,,,,,
http_reqs,1678217717,1.000000,,,,true,,POST,http://20.210.36.32:8080/prediction/knn,HTTP/1.1,contacts,,200,,,http://20.210.36.32:8080/prediction/knn,,
http_req_duration,1678217717,1305.078813,,,,true,,POST,http://20.210.36.32:8080/prediction/knn,HTTP/1.1,contacts,,200,,,http://20.210.36.32:8080/prediction/knn,,
http_req_blocked,1678217717,3.705216,,,,true,,POST,http://20.210.36.32:8080/prediction/knn,HTTP/1.1,contacts,,200,,,http://20.210.36.32:8080/prediction/knn,,
http_req_connecting,1678217717,3.556015,,,,true,,POST,http://20.210.36.32:8080/prediction/knn,HTTP/1.1,contacts,,200,,,http://20.210.36.32:8080/prediction/knn,,
http_req_tls_handshaking,1678217717,0.000000,,,,true,,POST,http://20.210.36.32:8080/prediction/knn,HTTP/1.1,contacts,,200,,,http://20.210.36.32:8080/prediction/knn,,
http_req_sending,1678217717,0.057300,,,,true,,POST,http://20.210.36.32:8080/prediction/knn,HTTP/1.1,contacts,,200,,,http://20.210.36.32:8080/prediction/knn,,
http_req_waiting,1678217717,1304.882513,,,,true,,POST,http://20.210.36.32:8080/prediction/knn,HTTP/1.1,contacts,,200,,,http://20.210.36.32:8080/prediction/knn,,
http_req_receiving,1678217717,0.139000,,,,true,,POST,http://20.210.36.32:8080/prediction/knn,HTTP/1.1,contacts,,200,,,http://20.210.36.32:8080/prediction/knn,,
http_req_failed,1678217717,0.000000,,,,true,,POST,http://20.210.36.32:8080/prediction/knn,HTTP/1.1,contacts,,200,,,http://20.210.36.32:8080/prediction/knn,,
responseTime,1678217717,1305.078813,,,,,,,,,contacts,,,,,,,
data_sent,1678217717,2088.000000,,,,,,,,,contacts,,,,,,,
data_received,1678217717,199.000000,,,,,,,,,contacts,,,,,,,
iteration_duration,1678217717,1309.089831,,,,,,,,,contacts,,,,,,,
iterations,1678217717,1.000000,,,,,,,,,contacts,,,,,,,
http_reqs,1678217718,1.000000,,,,true,,POST,http://20.210.36.32:8080/prediction/knn,HTTP/1.1,contacts,,200,,,http://20.210.36.32:8080/prediction/knn,,
http_req_duration,1678217718,1210.914616,,,,true,,POST,http://20.210.36.32:8080/prediction/knn,HTTP/1.1,contacts,,200,,,http://20.210.36.32:8080/prediction/knn,,
http_req_blocked,1678217718,3.828317,,,,true,,POST,http://20.210.36.32:8080/prediction/knn,HTTP/1.1,contacts,,200,,,http://20.210.36.32:8080/prediction/knn,,
http_req_connecting,1678217718,3.749315,,,,true,,POST,http://20.210.36.32:8080/prediction/knn,HTTP/1.1,contacts,,200,,,http://20.210.36.32:8080/prediction/knn,,
http_req_tls_handshaking,1678217718,0.000000,,,,true,,POST,http://20.210.36.32:8080/prediction/knn,HTTP/1.1,contacts,,200,,,http://20.210.36.32:8080/prediction/knn,,
http_req_sending,1678217718,0.063201,,,,true,,POST,http://20.210.36.32:8080/prediction/knn,HTTP/1.1,contacts,,200,,,http://20.210.36.32:8080/prediction/knn,,
http_req_waiting,1678217718,1208.832307,,,,true,,POST,http://20.210.36.32:8080/prediction/knn,HTTP/1.1,contacts,,200,,,http://20.210.36.32:8080/prediction/knn,,
http_req_receiving,1678217718,2.019108,,,,true,,POST,http://20.210.36.32:8080/prediction/knn,HTTP/1.1,contacts,,200,,,http://20.210.36.32:8080/prediction/knn,,
http_req_failed,1678217718,0.000000,,,,true,,POST,http://20.210.36.32:8080/prediction/knn,HTTP/1.1,contacts,,200,,,http://20.210.36.32:8080/prediction/knn,,
responseTime,1678217718,1210.914616,,,,,,,,,contacts,,,,,,,
data_sent,1678217718,2088.000000,,,,,,,,,contacts,,,,,,,
data_received,1678217718,199.000000,,,,,,,,,contacts,,,,,,,
iteration_duration,1678217718,1215.313734,,,,,,,,,contacts,,,,,,,
iterations,1678217718,1.000000,,,,,,,,,contacts,,,,,,,
http_reqs,1678217718,1.000000,,,,true,,POST,http://20.210.36.32:8080/prediction/knn,HTTP/1.1,contacts,,200,,,http://20.210.36.32:8080/prediction/knn,,
http_req_duration,1678217718,1228.338989,,,,true,,POST,http://20.210.36.32:8080/prediction/knn,HTTP/1.1,contacts,,200,,,http://20.210.36.32:8080/prediction/knn,,
http_req_blocked,1678217718,4.378418,,,,true,,POST,http://20.210.36.32:8080/prediction/knn,HTTP/1.1,contacts,,200,,,http://20.210.36.32:8080/prediction/knn,,
http_req_connecting,1678217718,4.273618,,,,true,,POST,http://20.210.36.32:8080/prediction/knn,HTTP/1.1,contacts,,200,,,http://20.210.36.32:8080/prediction/knn,,
http_req_tls_handshaking,1678217718,0.000000,,,,true,,POST,http://20.210.36.32:8080/prediction/knn,HTTP/1.1,contacts,,200,,,http://20.210.36.32:8080/prediction/knn,,
http_req_sending,1678217718,0.065400,,,,true,,POST,http://20.210.36.32:8080/prediction/knn,HTTP/1.1,contacts,,200,,,http://20.210.36.32:8080/prediction/knn,,
http_req_waiting,1678217718,1225.226276,,,,true,,POST,http://20.210.36.32:8080/prediction/knn,HTTP/1.1,contacts,,200,,,http://20.210.36.32:8080/prediction/knn,,
http_req_receiving,1678217718,3.047313,,,,true,,POST,http://20.210.36.32:8080/prediction/knn,HTTP/1.1,contacts,,200,,,http://20.210.36.32:8080/prediction/knn,,
http_req_failed,1678217718,0.000000,,,,true,,POST,http://20.210.36.32:8080/prediction/knn,HTTP/1.1,contacts,,200,,,http://20.210.36.32:8080/prediction/knn,,
responseTime,1678217718,1228.338989,,,,,,,,,contacts,,,,,,,
data_sent,1678217718,2088.000000,,,,,,,,,contacts,,,,,,,
data_received,1678217718,199.000000,,,,,,,,,contacts,,,,,,,
iteration_duration,1678217718,1233.164810,,,,,,,,,contacts,,,,,,,
iterations,1678217718,1.000000,,,,,,,,,contacts,,,,,,,
http_reqs,1678217718,1.000000,,,,true,,POST,http://20.210.36.32:8080/prediction/knn,HTTP/1.1,contacts,,200,,,http://20.210.36.32:8080/prediction/knn,,
http_req_duration,1678217718,1196.583255,,,,true,,POST,http://20.210.36.32:8080/prediction/knn,HTTP/1.1,contacts,,200,,,http://20.210.36.32:8080/prediction/knn,,
http_req_blocked,1678217718,2.007609,,,,true,,POST,http://20.210.36.32:8080/prediction/knn,HTTP/1.1,contacts,,200,,,http://20.210.36.32:8080/prediction/knn,,
http_req_connecting,1678217718,1.941908,,,,true,,POST,http://20.210.36.32:8080/prediction/knn,HTTP/1.1,contacts,,200,,,http://20.210.36.32:8080/prediction/knn,,
http_req_tls_handshaking,1678217718,0.000000,,,,true,,POST,http://20.210.36.32:8080/prediction/knn,HTTP/1.1,contacts,,200,,,http://20.210.36.32:8080/prediction/knn,,
http_req_sending,1678217718,0.056700,,,,true,,POST,http://20.210.36.32:8080/prediction/knn,HTTP/1.1,contacts,,200,,,http://20.210.36.32:8080/prediction/knn,,
http_req_waiting,1678217718,1191.811435,,,,true,,POST,http://20.210.36.32:8080/prediction/knn,HTTP/1.1,contacts,,200,,,http://20.210.36.32:8080/prediction/knn,,
http_req_receiving,1678217718,4.715120,,,,true,,POST,http://20.210.36.32:8080/prediction/knn,HTTP/1.1,contacts,,200,,,http://20.210.36.32:8080/prediction/knn,,
http_req_failed,1678217718,0.000000,,,,true,,POST,http://20.210.36.32:8080/prediction/knn,HTTP/1.1,contacts,,200,,,http://20.210.36.32:8080/prediction/knn,,
responseTime,1678217718,1196.583255,,,,,,,,,contacts,,,,,,,
data_sent,1678217718,2088.000000,,,,,,,,,contacts,,,,,,,
data_received,1678217718,199.000000,,,,,,,,,contacts,,,,,,,
iteration_duration,1678217718,1199.006866,,,,,,,,,contacts,,,,,,,
iterations,1678217718,1.000000,,,,,,,,,contacts,,,,,,,
http_reqs,1678217718,1.000000,,,,true,,POST,http://20.210.36.32:8080/prediction/knn,HTTP/1.1,contacts,,200,,,http://20.210.36.32:8080/prediction/knn,,
http_req_duration,1678217718,1114.982510,,,,true,,POST,http://20.210.36.32:8080/prediction/knn,HTTP/1.1,contacts,,200,,,http://20.210.36.32:8080/prediction/knn,,
http_req_blocked,1678217718,2.294010,,,,true,,POST,http://20.210.36.32:8080/prediction/knn,HTTP/1.1,contacts,,200,,,http://20.210.36.32:8080/prediction/knn,,
http_req_connecting,1678217718,2.195909,,,,true,,POST,http://20.210.36.32:8080/prediction/knn,HTTP/1.1,contacts,,200,,,http://20.210.36.32:8080/prediction/knn,,
http_req_tls_handshaking,1678217718,0.000000,,,,true,,POST,http://20.210.36.32:8080/prediction/knn,HTTP/1.1,contacts,,200,,,http://20.210.36.32:8080/prediction/knn,,
http_req_sending,1678217718,0.062100,,,,true,,POST,http://20.210.36.32:8080/prediction/knn,HTTP/1.1,contacts,,200,,,http://20.210.36.32:8080/prediction/knn,,
http_req_waiting,1678217718,1105.401670,,,,true,,POST,http://20.210.36.32:8080/prediction/knn,HTTP/1.1,contacts,,200,,,http://20.210.36.32:8080/prediction/knn,,
http_req_receiving,1678217718,9.518740,,,,true,,POST,http://20.210.36.32:8080/prediction/knn,HTTP/1.1,contacts,,200,,,http://20.210.36.32:8080/prediction/knn,,
http_req_failed,1678217718,0.000000,,,,true,,POST,http://20.210.36.32:8080/prediction/knn,HTTP/1.1,contacts,,200,,,http://20.210.36.32:8080/prediction/knn,,
responseTime,1678217718,1114.982510,,,,,,,,,contacts,,,,,,,
data_sent,1678217718,2088.000000,,,,,,,,,contacts,,,,,,,
data_received,1678217718,199.000000,,,,,,,,,contacts,,,,,,,
iteration_duration,1678217718,1117.803322,,,,,,,,,contacts,,,,,,,
iterations,1678217718,1.000000,,,,,,,,,contacts,,,,,,,
http_reqs,1678217718,1.000000,,,,true,,POST,http://20.210.36.32:8080/prediction/knn,HTTP/1.1,contacts,,200,,,http://20.210.36.32:8080/prediction/knn,,
http_req_duration,1678217718,1250.215782,,,,true,,POST,http://20.210.36.32:8080/prediction/knn,HTTP/1.1,contacts,,200,,,http://20.210.36.32:8080/prediction/knn,,
http_req_blocked,1678217718,4.188217,,,,true,,POST,http://20.210.36.32:8080/prediction/knn,HTTP/1.1,contacts,,200,,,http://20.210.36.32:8080/prediction/knn,,
http_req_connecting,1678217718,4.112917,,,,true,,POST,http://20.210.36.32:8080/prediction/knn,HTTP/1.1,contacts,,200,,,http://20.210.36.32:8080/prediction/knn,,
http_req_tls_handshaking,1678217718,0.000000,,,,true,,POST,http://20.210.36.32:8080/prediction/knn,HTTP/1.1,contacts,,200,,,http://20.210.36.32:8080/prediction/knn,,
http_req_sending,1678217718,0.063000,,,,true,,POST,http://20.210.36.32:8080/prediction/knn,HTTP/1.1,contacts,,200,,,http://20.210.36.32:8080/prediction/knn,,
http_req_waiting,1678217718,1250.027481,,,,true,,POST,http://20.210.36.32:8080/prediction/knn,HTTP/1.1,contacts,,200,,,http://20.210.36.32:8080/prediction/knn,,
http_req_receiving,1678217718,0.125301,,,,true,,POST,http://20.210.36.32:8080/prediction/knn,HTTP/1.1,contacts,,200,,,http://20.210.36.32:8080/prediction/knn,,
http_req_failed,1678217718,0.000000,,,,true,,POST,http://20.210.36.32:8080/prediction/knn,HTTP/1.1,contacts,,200,,,http://20.210.36.32:8080/prediction/knn,,
responseTime,1678217718,1250.215782,,,,,,,,,contacts,,,,,,,
data_sent,1678217718,2088.000000,,,,,,,,,contacts,,,,,,,
data_received,1678217718,199.000000,,,,,,,,,contacts,,,,,,,
iteration_duration,1678217718,1254.849202,,,,,,,,,contacts,,,,,,,
iterations,1678217718,1.000000,,,,,,,,,contacts,,,,,,,
http_reqs,1678217718,1.000000,,,,true,,POST,http://20.210.36.32:8080/prediction/knn,HTTP/1.1,contacts,,200,,,http://20.210.36.32:8080/prediction/knn,,
http_req_duration,1678217718,1251.572687,,,,true,,POST,http://20.210.36.32:8080/prediction/knn,HTTP/1.1,contacts,,200,,,http://20.210.36.32:8080/prediction/knn,,
http_req_blocked,1678217718,4.034417,,,,true,,POST,http://20.210.36.32:8080/prediction/knn,HTTP/1.1,contacts,,200,,,http://20.210.36.32:8080/prediction/knn,,
http_req_connecting,1678217718,3.983817,,,,true,,POST,http://20.210.36.32:8080/prediction/knn,HTTP/1.1,contacts,,200,,,http://20.210.36.32:8080/prediction/knn,,
http_req_tls_handshaking,1678217718,0.000000,,,,true,,POST,http://20.210.36.32:8080/prediction/knn,HTTP/1.1,contacts,,200,,,http://20.210.36.32:8080/prediction/knn,,
http_req_sending,1678217718,0.048500,,,,true,,POST,http://20.210.36.32:8080/prediction/knn,HTTP/1.1,contacts,,200,,,http://20.210.36.32:8080/prediction/knn,,
http_req_waiting,1678217718,1246.209865,,,,true,,POST,http://20.210.36.32:8080/prediction/knn,HTTP/1.1,contacts,,200,,,http://20.210.36.32:8080/prediction/knn,,
http_req_receiving,1678217718,5.314322,,,,true,,POST,http://20.210.36.32:8080/prediction/knn,HTTP/1.1,contacts,,200,,,http://20.210.36.32:8080/prediction/knn,,
http_req_failed,1678217718,0.000000,,,,true,,POST,http://20.210.36.32:8080/prediction/knn,HTTP/1.1,contacts,,200,,,http://20.210.36.32:8080/prediction/knn,,
responseTime,1678217718,1251.572687,,,,,,,,,contacts,,,,,,,
data_sent,1678217718,2088.000000,,,,,,,,,contacts,,,,,,,
data_received,1678217718,199.000000,,,,,,,,,contacts,,,,,,,
iteration_duration,1678217718,1256.008106,,,,,,,,,contacts,,,,,,,
iterations,1678217718,1.000000,,,,,,,,,contacts,,,,,,,
http_reqs,1678217718,1.000000,,,,true,,POST,http://20.210.36.32:8080/prediction/knn,HTTP/1.1,contacts,,200,,,http://20.210.36.32:8080/prediction/knn,,
http_req_duration,1678217718,1217.417743,,,,true,,POST,http://20.210.36.32:8080/prediction/knn,HTTP/1.1,contacts,,200,,,http://20.210.36.32:8080/prediction/knn,,
http_req_blocked,1678217718,2.075809,,,,true,,POST,http://20.210.36.32:8080/prediction/knn,HTTP/1.1,contacts,,200,,,http://20.210.36.32:8080/prediction/knn,,
http_req_connecting,1678217718,2.021609,,,,true,,POST,http://20.210.36.32:8080/prediction/knn,HTTP/1.1,contacts,,200,,,http://20.210.36.32:8080/prediction/knn,,
http_req_tls_handshaking,1678217718,0.000000,,,,true,,POST,http://20.210.36.32:8080/prediction/knn,HTTP/1.1,contacts,,200,,,http://20.210.36.32:8080/prediction/knn,,
http_req_sending,1678217718,0.062400,,,,true,,POST,http://20.210.36.32:8080/prediction/knn,HTTP/1.1,contacts,,200,,,http://20.210.36.32:8080/prediction/knn,,
http_req_waiting,1678217718,1214.416031,,,,true,,POST,http://20.210.36.32:8080/prediction/knn,HTTP/1.1,contacts,,200,,,http://20.210.36.32:8080/prediction/knn,,
http_req_receiving,1678217718,2.939312,,,,true,,POST,http://20.210.36.32:8080/prediction/knn,HTTP/1.1,contacts,,200,,,http://20.210.36.32:8080/prediction/knn,,
http_req_failed,1678217718,0.000000,,,,true,,POST,http://20.210.36.32:8080/prediction/knn,HTTP/1.1,contacts,,200,,,http://20.210.36.32:8080/prediction/knn,,
responseTime,1678217718,1217.417743,,,,,,,,,contacts,,,,,,,
data_sent,1678217718,2088.000000,,,,,,,,,contacts,,,,,,,
data_received,1678217718,199.000000,,,,,,,,,contacts,,,,,,,
iteration_duration,1678217718,1220.623557,,,,,,,,,contacts,,,,,,,
iterations,1678217718,1.000000,,,,,,,,,contacts,,,,,,,
http_reqs,1678217718,1.000000,,,,true,,POST,http://20.210.36.32:8080/prediction/knn,HTTP/1.1,contacts,,200,,,http://20.210.36.32:8080/prediction/knn,,
http_req_duration,1678217718,1147.525047,,,,true,,POST,http://20.210.36.32:8080/prediction/knn,HTTP/1.1,contacts,,200,,,http://20.210.36.32:8080/prediction/knn,,
http_req_blocked,1678217718,3.599716,,,,true,,POST,http://20.210.36.32:8080/prediction/knn,HTTP/1.1,contacts,,200,,,http://20.210.36.32:8080/prediction/knn,,
http_req_connecting,1678217718,3.547515,,,,true,,POST,http://20.210.36.32:8080/prediction/knn,HTTP/1.1,contacts,,200,,,http://20.210.36.32:8080/prediction/knn,,
http_req_tls_handshaking,1678217718,0.000000,,,,true,,POST,http://20.210.36.32:8080/prediction/knn,HTTP/1.1,contacts,,200,,,http://20.210.36.32:8080/prediction/knn,,
http_req_sending,1678217718,0.062200,,,,true,,POST,http://20.210.36.32:8080/prediction/knn,HTTP/1.1,contacts,,200,,,http://20.210.36.32:8080/prediction/knn,,
http_req_waiting,1678217718,1142.310726,,,,true,,POST,http://20.210.36.32:8080/prediction/knn,HTTP/1.1,contacts,,200,,,http://20.210.36.32:8080/prediction/knn,,
http_req_receiving,1678217718,5.152121,,,,true,,POST,http://20.210.36.32:8080/prediction/knn,HTTP/1.1,contacts,,200,,,http://20.210.36.32:8080/prediction/knn,,
http_req_failed,1678217718,0.000000,,,,true,,POST,http://20.210.36.32:8080/prediction/knn,HTTP/1.1,contacts,,200,,,http://20.210.36.32:8080/prediction/knn,,
responseTime,1678217718,1147.525047,,,,,,,,,contacts,,,,,,,
data_sent,1678217718,2088.000000,,,,,,,,,contacts,,,,,,,
data_received,1678217718,199.000000,,,,,,,,,contacts,,,,,,,
iteration_duration,1678217718,1151.518664,,,,,,,,,contacts,,,,,,,
iterations,1678217718,1.000000,,,,,,,,,contacts,,,,,,,
http_reqs,1678217718,1.000000,,,,true,,POST,http://20.210.36.32:8080/prediction/knn,HTTP/1.1,contacts,,200,,,http://20.210.36.32:8080/prediction/knn,,
http_req_duration,1678217718,1263.272337,,,,true,,POST,http://20.210.36.32:8080/prediction/knn,HTTP/1.1,contacts,,200,,,http://20.210.36.32:8080/prediction/knn,,
http_req_blocked,1678217718,2.494211,,,,true,,POST,http://20.210.36.32:8080/prediction/knn,HTTP/1.1,contacts,,200,,,http://20.210.36.32:8080/prediction/knn,,
http_req_connecting,1678217718,2.410011,,,,true,,POST,http://20.210.36.32:8080/prediction/knn,HTTP/1.1,contacts,,200,,,http://20.210.36.32:8080/prediction/knn,,
http_req_tls_handshaking,1678217718,0.000000,,,,true,,POST,http://20.210.36.32:8080/prediction/knn,HTTP/1.1,contacts,,200,,,http://20.210.36.32:8080/prediction/knn,,
http_req_sending,1678217718,0.056600,,,,true,,POST,http://20.210.36.32:8080/prediction/knn,HTTP/1.1,contacts,,200,,,http://20.210.36.32:8080/prediction/knn,,
http_req_waiting,1678217718,1238.827134,,,,true,,POST,http://20.210.36.32:8080/prediction/knn,HTTP/1.1,contacts,,200,,,http://20.210.36.32:8080/prediction/knn,,
http_req_receiving,1678217718,24.388603,,,,true,,POST,http://20.210.36.32:8080/prediction/knn,HTTP/1.1,contacts,,200,,,http://20.210.36.32:8080/prediction/knn,,
http_req_failed,1678217718,0.000000,,,,true,,POST,http://20.210.36.32:8080/prediction/knn,HTTP/1.1,contacts,,200,,,http://20.210.36.32:8080/prediction/knn,,
responseTime,1678217718,1263.272337,,,,,,,,,contacts,,,,,,,
data_sent,1678217718,2088.000000,,,,,,,,,contacts,,,,,,,
data_received,1678217718,199.000000,,,,,,,,,contacts,,,,,,,
iteration_duration,1678217718,1266.424050,,,,,,,,,contacts,,,,,,,
iterations,1678217718,1.000000,,,,,,,,,contacts,,,,,,,
http_reqs,1678217718,1.000000,,,,true,,POST,http://20.210.36.32:8080/prediction/knn,HTTP/1.1,contacts,,200,,,http://20.210.36.32:8080/prediction/knn,,
http_req_duration,1678217718,1214.127529,,,,true,,POST,http://20.210.36.32:8080/prediction/knn,HTTP/1.1,contacts,,200,,,http://20.210.36.32:8080/prediction/knn,,
http_req_blocked,1678217718,3.015913,,,,true,,POST,http://20.210.36.32:8080/prediction/knn,HTTP/1.1,contacts,,200,,,http://20.210.36.32:8080/prediction/knn,,
http_req_connecting,1678217718,2.968413,,,,true,,POST,http://20.210.36.32:8080/prediction/knn,HTTP/1.1,contacts,,200,,,http://20.210.36.32:8080/prediction/knn,,
http_req_tls_handshaking,1678217718,0.000000,,,,true,,POST,http://20.210.36.32:8080/prediction/knn,HTTP/1.1,contacts,,200,,,http://20.210.36.32:8080/prediction/knn,,
http_req_sending,1678217718,0.203001,,,,true,,POST,http://20.210.36.32:8080/prediction/knn,HTTP/1.1,contacts,,200,,,http://20.210.36.32:8080/prediction/knn,,
http_req_waiting,1678217718,1213.258225,,,,true,,POST,http://20.210.36.32:8080/prediction/knn,HTTP/1.1,contacts,,200,,,http://20.210.36.32:8080/prediction/knn,,
http_req_receiving,1678217718,0.666303,,,,true,,POST,http://20.210.36.32:8080/prediction/knn,HTTP/1.1,contacts,,200,,,http://20.210.36.32:8080/prediction/knn,,
http_req_failed,1678217718,0.000000,,,,true,,POST,http://20.210.36.32:8080/prediction/knn,HTTP/1.1,contacts,,200,,,http://20.210.36.32:8080/prediction/knn,,
responseTime,1678217718,1214.127529,,,,,,,,,contacts,,,,,,,
data_sent,1678217718,2088.000000,,,,,,,,,contacts,,,,,,,
data_received,1678217718,199.000000,,,,,,,,,contacts,,,,,,,
iteration_duration,1678217718,1217.591744,,,,,,,,,contacts,,,,,,,
iterations,1678217718,1.000000,,,,,,,,,contacts,,,,,,,
http_reqs,1678217718,1.000000,,,,true,,POST,http://20.210.36.32:8080/prediction/knn,HTTP/1.1,contacts,,200,,,http://20.210.36.32:8080/prediction/knn,,
http_req_duration,1678217718,1384.585250,,,,true,,POST,http://20.210.36.32:8080/prediction/knn,HTTP/1.1,contacts,,200,,,http://20.210.36.32:8080/prediction/knn,,
http_req_blocked,1678217718,1.930508,,,,true,,POST,http://20.210.36.32:8080/prediction/knn,HTTP/1.1,contacts,,200,,,http://20.210.36.32:8080/prediction/knn,,
http_req_connecting,1678217718,1.880908,,,,true,,POST,http://20.210.36.32:8080/prediction/knn,HTTP/1.1,contacts,,200,,,http://20.210.36.32:8080/prediction/knn,,
http_req_tls_handshaking,1678217718,0.000000,,,,true,,POST,http://20.210.36.32:8080/prediction/knn,HTTP/1.1,contacts,,200,,,http://20.210.36.32:8080/prediction/knn,,
http_req_sending,1678217718,0.037101,,,,true,,POST,http://20.210.36.32:8080/prediction/knn,HTTP/1.1,contacts,,200,,,http://20.210.36.32:8080/prediction/knn,,
http_req_waiting,1678217718,1384.146647,,,,true,,POST,http://20.210.36.32:8080/prediction/knn,HTTP/1.1,contacts,,200,,,http://20.210.36.32:8080/prediction/knn,,
http_req_receiving,1678217718,0.401502,,,,true,,POST,http://20.210.36.32:8080/prediction/knn,HTTP/1.1,contacts,,200,,,http://20.210.36.32:8080/prediction/knn,,
http_req_failed,1678217718,0.000000,,,,true,,POST,http://20.210.36.32:8080/prediction/knn,HTTP/1.1,contacts,,200,,,http://20.210.36.32:8080/prediction/knn,,
http_reqs,1678217718,1.000000,,,,true,,POST,http://20.210.36.32:8080/prediction/knn,HTTP/1.1,contacts,,200,,,http://20.210.36.32:8080/prediction/knn,,
http_req_duration,1678217718,1383.396644,,,,true,,POST,http://20.210.36.32:8080/prediction/knn,HTTP/1.1,contacts,,200,,,http://20.210.36.32:8080/prediction/knn,,
http_req_blocked,1678217718,2.603611,,,,true,,POST,http://20.210.36.32:8080/prediction/knn,HTTP/1.1,contacts,,200,,,http://20.210.36.32:8080/prediction/knn,,
http_req_connecting,1678217718,2.544011,,,,true,,POST,http://20.210.36.32:8080/prediction/knn,HTTP/1.1,contacts,,200,,,http://20.210.36.32:8080/prediction/knn,,
http_req_tls_handshaking,1678217718,0.000000,,,,true,,POST,http://20.210.36.32:8080/prediction/knn,HTTP/1.1,contacts,,200,,,http://20.210.36.32:8080/prediction/knn,,
http_req_sending,1678217718,0.039900,,,,true,,POST,http://20.210.36.32:8080/prediction/knn,HTTP/1.1,contacts,,200,,,http://20.210.36.32:8080/prediction/knn,,
http_req_waiting,1678217718,1383.120143,,,,true,,POST,http://20.210.36.32:8080/prediction/knn,HTTP/1.1,contacts,,200,,,http://20.210.36.32:8080/prediction/knn,,
http_req_receiving,1678217718,0.236601,,,,true,,POST,http://20.210.36.32:8080/prediction/knn,HTTP/1.1,contacts,,200,,,http://20.210.36.32:8080/prediction/knn,,
http_req_failed,1678217718,0.000000,,,,true,,POST,http://20.210.36.32:8080/prediction/knn,HTTP/1.1,contacts,,200,,,http://20.210.36.32:8080/prediction/knn,,
responseTime,1678217718,1384.585250,,,,,,,,,contacts,,,,,,,
data_sent,1678217718,2088.000000,,,,,,,,,contacts,,,,,,,
data_received,1678217718,199.000000,,,,,,,,,contacts,,,,,,,
iteration_duration,1678217718,1387.239061,,,,,,,,,contacts,,,,,,,
iterations,1678217718,1.000000,,,,,,,,,contacts,,,,,,,
responseTime,1678217718,1383.396644,,,,,,,,,contacts,,,,,,,
data_sent,1678217718,2088.000000,,,,,,,,,contacts,,,,,,,
data_received,1678217718,199.000000,,,,,,,,,contacts,,,,,,,
iteration_duration,1678217718,1387.614162,,,,,,,,,contacts,,,,,,,
iterations,1678217718,1.000000,,,,,,,,,contacts,,,,,,,
http_reqs,1678217718,1.000000,,,,true,,POST,http://20.210.36.32:8080/prediction/knn,HTTP/1.1,contacts,,200,,,http://20.210.36.32:8080/prediction/knn,,
http_req_duration,1678217718,1360.749549,,,,true,,POST,http://20.210.36.32:8080/prediction/knn,HTTP/1.1,contacts,,200,,,http://20.210.36.32:8080/prediction/knn,,
http_req_blocked,1678217718,3.239214,,,,true,,POST,http://20.210.36.32:8080/prediction/knn,HTTP/1.1,contacts,,200,,,http://20.210.36.32:8080/prediction/knn,,
http_req_connecting,1678217718,3.011612,,,,true,,POST,http://20.210.36.32:8080/prediction/knn,HTTP/1.1,contacts,,200,,,http://20.210.36.32:8080/prediction/knn,,
http_req_tls_handshaking,1678217718,0.000000,,,,true,,POST,http://20.210.36.32:8080/prediction/knn,HTTP/1.1,contacts,,200,,,http://20.210.36.32:8080/prediction/knn,,
http_req_sending,1678217718,0.098101,,,,true,,POST,http://20.210.36.32:8080/prediction/knn,HTTP/1.1,contacts,,200,,,http://20.210.36.32:8080/prediction/knn,,
http_req_waiting,1678217718,1360.473447,,,,true,,POST,http://20.210.36.32:8080/prediction/knn,HTTP/1.1,contacts,,200,,,http://20.210.36.32:8080/prediction/knn,,
http_req_receiving,1678217718,0.178001,,,,true,,POST,http://20.210.36.32:8080/prediction/knn,HTTP/1.1,contacts,,200,,,http://20.210.36.32:8080/prediction/knn,,
http_req_failed,1678217718,0.000000,,,,true,,POST,http://20.210.36.32:8080/prediction/knn,HTTP/1.1,contacts,,200,,,http://20.210.36.32:8080/prediction/knn,,
http_reqs,1678217718,1.000000,,,,true,,POST,http://20.210.36.32:8080/prediction/knn,HTTP/1.1,contacts,,200,,,http://20.210.36.32:8080/prediction/knn,,
http_req_duration,1678217718,1383.661145,,,,true,,POST,http://20.210.36.32:8080/prediction/knn,HTTP/1.1,contacts,,200,,,http://20.210.36.32:8080/prediction/knn,,
http_req_blocked,1678217718,2.011909,,,,true,,POST,http://20.210.36.32:8080/prediction/knn,HTTP/1.1,contacts,,200,,,http://20.210.36.32:8080/prediction/knn,,
http_req_connecting,1678217718,1.969109,,,,true,,POST,http://20.210.36.32:8080/prediction/knn,HTTP/1.1,contacts,,200,,,http://20.210.36.32:8080/prediction/knn,,
http_req_tls_handshaking,1678217718,0.000000,,,,true,,POST,http://20.210.36.32:8080/prediction/knn,HTTP/1.1,contacts,,200,,,http://20.210.36.32:8080/prediction/knn,,
http_req_sending,1678217718,0.044300,,,,true,,POST,http://20.210.36.32:8080/prediction/knn,HTTP/1.1,contacts,,200,,,http://20.210.36.32:8080/prediction/knn,,
http_req_waiting,1678217718,1383.503145,,,,true,,POST,http://20.210.36.32:8080/prediction/knn,HTTP/1.1,contacts,,200,,,http://20.210.36.32:8080/prediction/knn,,
http_req_receiving,1678217718,0.113700,,,,true,,POST,http://20.210.36.32:8080/prediction/knn,HTTP/1.1,contacts,,200,,,http://20.210.36.32:8080/prediction/knn,,
http_req_failed,1678217718,0.000000,,,,true,,POST,http://20.210.36.32:8080/prediction/knn,HTTP/1.1,contacts,,200,,,http://20.210.36.32:8080/prediction/knn,,
responseTime,1678217718,1360.749549,,,,,,,,,contacts,,,,,,,
data_sent,1678217718,2088.000000,,,,,,,,,contacts,,,,,,,
data_received,1678217718,199.000000,,,,,,,,,contacts,,,,,,,
iteration_duration,1678217718,1365.107368,,,,,,,,,contacts,,,,,,,
iterations,1678217718,1.000000,,,,,,,,,contacts,,,,,,,
responseTime,1678217718,1383.661145,,,,,,,,,contacts,,,,,,,
data_sent,1678217718,2088.000000,,,,,,,,,contacts,,,,,,,
data_received,1678217718,199.000000,,,,,,,,,contacts,,,,,,,
iteration_duration,1678217718,1385.937755,,,,,,,,,contacts,,,,,,,
iterations,1678217718,1.000000,,,,,,,,,contacts,,,,,,,
http_reqs,1678217718,1.000000,,,,true,,POST,http://20.210.36.32:8080/prediction/knn,HTTP/1.1,contacts,,200,,,http://20.210.36.32:8080/prediction/knn,,
http_req_duration,1678217718,1385.222452,,,,true,,POST,http://20.210.36.32:8080/prediction/knn,HTTP/1.1,contacts,,200,,,http://20.210.36.32:8080/prediction/knn,,
http_req_blocked,1678217718,1.973608,,,,true,,POST,http://20.210.36.32:8080/prediction/knn,HTTP/1.1,contacts,,200,,,http://20.210.36.32:8080/prediction/knn,,
http_req_connecting,1678217718,1.930708,,,,true,,POST,http://20.210.36.32:8080/prediction/knn,HTTP/1.1,contacts,,200,,,http://20.210.36.32:8080/prediction/knn,,
http_req_tls_handshaking,1678217718,0.000000,,,,true,,POST,http://20.210.36.32:8080/prediction/knn,HTTP/1.1,contacts,,200,,,http://20.210.36.32:8080/prediction/knn,,
http_req_sending,1678217718,0.129700,,,,true,,POST,http://20.210.36.32:8080/prediction/knn,HTTP/1.1,contacts,,200,,,http://20.210.36.32:8080/prediction/knn,,
http_req_waiting,1678217718,1384.663650,,,,true,,POST,http://20.210.36.32:8080/prediction/knn,HTTP/1.1,contacts,,200,,,http://20.210.36.32:8080/prediction/knn,,
http_req_receiving,1678217718,0.429102,,,,true,,POST,http://20.210.36.32:8080/prediction/knn,HTTP/1.1,contacts,,200,,,http://20.210.36.32:8080/prediction/knn,,
http_req_failed,1678217718,0.000000,,,,true,,POST,http://20.210.36.32:8080/prediction/knn,HTTP/1.1,contacts,,200,,,http://20.210.36.32:8080/prediction/knn,,
responseTime,1678217718,1385.222452,,,,,,,,,contacts,,,,,,,
data_sent,1678217718,2088.000000,,,,,,,,,contacts,,,,,,,
data_received,1678217718,199.000000,,,,,,,,,contacts,,,,,,,
iteration_duration,1678217718,1387.576662,,,,,,,,,contacts,,,,,,,
iterations,1678217718,1.000000,,,,,,,,,contacts,,,,,,,
http_reqs,1678217718,1.000000,,,,true,,POST,http://20.210.36.32:8080/prediction/knn,HTTP/1.1,contacts,,200,,,http://20.210.36.32:8080/prediction/knn,,
http_req_duration,1678217718,1329.313215,,,,true,,POST,http://20.210.36.32:8080/prediction/knn,HTTP/1.1,contacts,,200,,,http://20.210.36.32:8080/prediction/knn,,
http_req_blocked,1678217718,1.898808,,,,true,,POST,http://20.210.36.32:8080/prediction/knn,HTTP/1.1,contacts,,200,,,http://20.210.36.32:8080/prediction/knn,,
http_req_connecting,1678217718,1.850008,,,,true,,POST,http://20.210.36.32:8080/prediction/knn,HTTP/1.1,contacts,,200,,,http://20.210.36.32:8080/prediction/knn,,
http_req_tls_handshaking,1678217718,0.000000,,,,true,,POST,http://20.210.36.32:8080/prediction/knn,HTTP/1.1,contacts,,200,,,http://20.210.36.32:8080/prediction/knn,,
http_req_sending,1678217718,0.065700,,,,true,,POST,http://20.210.36.32:8080/prediction/knn,HTTP/1.1,contacts,,200,,,http://20.210.36.32:8080/prediction/knn,,
http_req_waiting,1678217718,1329.163315,,,,true,,POST,http://20.210.36.32:8080/prediction/knn,HTTP/1.1,contacts,,200,,,http://20.210.36.32:8080/prediction/knn,,
http_req_receiving,1678217718,0.084200,,,,true,,POST,http://20.210.36.32:8080/prediction/knn,HTTP/1.1,contacts,,200,,,http://20.210.36.32:8080/prediction/knn,,
http_req_failed,1678217718,0.000000,,,,true,,POST,http://20.210.36.32:8080/prediction/knn,HTTP/1.1,contacts,,200,,,http://20.210.36.32:8080/prediction/knn,,
responseTime,1678217718,1329.313215,,,,,,,,,contacts,,,,,,,
data_sent,1678217718,2088.000000,,,,,,,,,contacts,,,,,,,
data_received,1678217718,199.000000,,,,,,,,,contacts,,,,,,,
iteration_duration,1678217718,1331.777827,,,,,,,,,contacts,,,,,,,
iterations,1678217718,1.000000,,,,,,,,,contacts,,,,,,,
http_reqs,1678217718,1.000000,,,,true,,POST,http://20.210.36.32:8080/prediction/knn,HTTP/1.1,contacts,,200,,,http://20.210.36.32:8080/prediction/knn,,
http_req_duration,1678217718,1343.652676,,,,true,,POST,http://20.210.36.32:8080/prediction/knn,HTTP/1.1,contacts,,200,,,http://20.210.36.32:8080/prediction/knn,,
http_req_blocked,1678217718,3.254914,,,,true,,POST,http://20.210.36.32:8080/prediction/knn,HTTP/1.1,contacts,,200,,,http://20.210.36.32:8080/prediction/knn,,
http_req_connecting,1678217718,2.308910,,,,true,,POST,http://20.210.36.32:8080/prediction/knn,HTTP/1.1,contacts,,200,,,http://20.210.36.32:8080/prediction/knn,,
http_req_tls_handshaking,1678217718,0.000000,,,,true,,POST,http://20.210.36.32:8080/prediction/knn,HTTP/1.1,contacts,,200,,,http://20.210.36.32:8080/prediction/knn,,
http_req_sending,1678217718,0.069700,,,,true,,POST,http://20.210.36.32:8080/prediction/knn,HTTP/1.1,contacts,,200,,,http://20.210.36.32:8080/prediction/knn,,
http_req_waiting,1678217718,1343.502976,,,,true,,POST,http://20.210.36.32:8080/prediction/knn,HTTP/1.1,contacts,,200,,,http://20.210.36.32:8080/prediction/knn,,
http_req_receiving,1678217718,0.080000,,,,true,,POST,http://20.210.36.32:8080/prediction/knn,HTTP/1.1,contacts,,200,,,http://20.210.36.32:8080/prediction/knn,,
http_req_failed,1678217718,0.000000,,,,true,,POST,http://20.210.36.32:8080/prediction/knn,HTTP/1.1,contacts,,200,,,http://20.210.36.32:8080/prediction/knn,,
responseTime,1678217718,1343.652676,,,,,,,,,contacts,,,,,,,
data_sent,1678217718,2088.000000,,,,,,,,,contacts,,,,,,,
data_received,1678217718,199.000000,,,,,,,,,contacts,,,,,,,
iteration_duration,1678217718,1347.655493,,,,,,,,,contacts,,,,,,,
iterations,1678217718,1.000000,,,,,,,,,contacts,,,,,,,
http_reqs,1678217718,1.000000,,,,true,,POST,http://20.210.36.32:8080/prediction/knn,HTTP/1.1,contacts,,200,,,http://20.210.36.32:8080/prediction/knn,,
http_req_duration,1678217718,1273.658181,,,,true,,POST,http://20.210.36.32:8080/prediction/knn,HTTP/1.1,contacts,,200,,,http://20.210.36.32:8080/prediction/knn,,
http_req_blocked,1678217718,2.020208,,,,true,,POST,http://20.210.36.32:8080/prediction/knn,HTTP/1.1,contacts,,200,,,http://20.210.36.32:8080/prediction/knn,,
http_req_connecting,1678217718,1.963708,,,,true,,POST,http://20.210.36.32:8080/prediction/knn,HTTP/1.1,contacts,,200,,,http://20.210.36.32:8080/prediction/knn,,
http_req_tls_handshaking,1678217718,0.000000,,,,true,,POST,http://20.210.36.32:8080/prediction/knn,HTTP/1.1,contacts,,200,,,http://20.210.36.32:8080/prediction/knn,,
http_req_sending,1678217718,0.038800,,,,true,,POST,http://20.210.36.32:8080/prediction/knn,HTTP/1.1,contacts,,200,,,http://20.210.36.32:8080/prediction/knn,,
http_req_waiting,1678217718,1273.538280,,,,true,,POST,http://20.210.36.32:8080/prediction/knn,HTTP/1.1,contacts,,200,,,http://20.210.36.32:8080/prediction/knn,,
http_req_receiving,1678217718,0.081101,,,,true,,POST,http://20.210.36.32:8080/prediction/knn,HTTP/1.1,contacts,,200,,,http://20.210.36.32:8080/prediction/knn,,
http_req_failed,1678217718,0.000000,,,,true,,POST,http://20.210.36.32:8080/prediction/knn,HTTP/1.1,contacts,,200,,,http://20.210.36.32:8080/prediction/knn,,
responseTime,1678217718,1273.658181,,,,,,,,,contacts,,,,,,,
data_sent,1678217718,2088.000000,,,,,,,,,contacts,,,,,,,
data_received,1678217718,199.000000,,,,,,,,,contacts,,,,,,,
iteration_duration,1678217718,1276.019190,,,,,,,,,contacts,,,,,,,
iterations,1678217718,1.000000,,,,,,,,,contacts,,,,,,,
http_reqs,1678217718,1.000000,,,,true,,POST,http://20.210.36.32:8080/prediction/knn,HTTP/1.1,contacts,,200,,,http://20.210.36.32:8080/prediction/knn,,
http_req_duration,1678217718,1200.660972,,,,true,,POST,http://20.210.36.32:8080/prediction/knn,HTTP/1.1,contacts,,200,,,http://20.210.36.32:8080/prediction/knn,,
http_req_blocked,1678217718,2.164409,,,,true,,POST,http://20.210.36.32:8080/prediction/knn,HTTP/1.1,contacts,,200,,,http://20.210.36.32:8080/prediction/knn,,
http_req_connecting,1678217718,2.108009,,,,true,,POST,http://20.210.36.32:8080/prediction/knn,HTTP/1.1,contacts,,200,,,http://20.210.36.32:8080/prediction/knn,,
http_req_tls_handshaking,1678217718,0.000000,,,,true,,POST,http://20.210.36.32:8080/prediction/knn,HTTP/1.1,contacts,,200,,,http://20.210.36.32:8080/prediction/knn,,
http_req_sending,1678217718,0.049200,,,,true,,POST,http://20.210.36.32:8080/prediction/knn,HTTP/1.1,contacts,,200,,,http://20.210.36.32:8080/prediction/knn,,
http_req_waiting,1678217718,1198.936865,,,,true,,POST,http://20.210.36.32:8080/prediction/knn,HTTP/1.1,contacts,,200,,,http://20.210.36.32:8080/prediction/knn,,
http_req_receiving,1678217718,1.674907,,,,true,,POST,http://20.210.36.32:8080/prediction/knn,HTTP/1.1,contacts,,200,,,http://20.210.36.32:8080/prediction/knn,,
http_req_failed,1678217718,0.000000,,,,true,,POST,http://20.210.36.32:8080/prediction/knn,HTTP/1.1,contacts,,200,,,http://20.210.36.32:8080/prediction/knn,,
responseTime,1678217718,1200.660972,,,,,,,,,contacts,,,,,,,
data_sent,1678217718,2088.000000,,,,,,,,,contacts,,,,,,,
data_received,1678217718,199.000000,,,,,,,,,contacts,,,,,,,
iteration_duration,1678217718,1203.183083,,,,,,,,,contacts,,,,,,,
iterations,1678217718,1.000000,,,,,,,,,contacts,,,,,,,
http_reqs,1678217718,1.000000,,,,true,,POST,http://20.210.36.32:8080/prediction/knn,HTTP/1.1,contacts,,200,,,http://20.210.36.32:8080/prediction/knn,,
http_req_duration,1678217718,1383.669246,,,,true,,POST,http://20.210.36.32:8080/prediction/knn,HTTP/1.1,contacts,,200,,,http://20.210.36.32:8080/prediction/knn,,
http_req_blocked,1678217718,2.049609,,,,true,,POST,http://20.210.36.32:8080/prediction/knn,HTTP/1.1,contacts,,200,,,http://20.210.36.32:8080/prediction/knn,,
http_req_connecting,1678217718,1.998108,,,,true,,POST,http://20.210.36.32:8080/prediction/knn,HTTP/1.1,contacts,,200,,,http://20.210.36.32:8080/prediction/knn,,
http_req_tls_handshaking,1678217718,0.000000,,,,true,,POST,http://20.210.36.32:8080/prediction/knn,HTTP/1.1,contacts,,200,,,http://20.210.36.32:8080/prediction/knn,,
http_req_sending,1678217718,0.056600,,,,true,,POST,http://20.210.36.32:8080/prediction/knn,HTTP/1.1,contacts,,200,,,http://20.210.36.32:8080/prediction/knn,,
http_req_waiting,1678217718,1382.625541,,,,true,,POST,http://20.210.36.32:8080/prediction/knn,HTTP/1.1,contacts,,200,,,http://20.210.36.32:8080/prediction/knn,,
http_req_receiving,1678217718,0.987105,,,,true,,POST,http://20.210.36.32:8080/prediction/knn,HTTP/1.1,contacts,,200,,,http://20.210.36.32:8080/prediction/knn,,
http_req_failed,1678217718,0.000000,,,,true,,POST,http://20.210.36.32:8080/prediction/knn,HTTP/1.1,contacts,,200,,,http://20.210.36.32:8080/prediction/knn,,
responseTime,1678217718,1383.669246,,,,,,,,,contacts,,,,,,,
data_sent,1678217718,2088.000000,,,,,,,,,contacts,,,,,,,
data_received,1678217718,199.000000,,,,,,,,,contacts,,,,,,,
iteration_duration,1678217718,1386.234957,,,,,,,,,contacts,,,,,,,
iterations,1678217718,1.000000,,,,,,,,,contacts,,,,,,,
http_reqs,1678217718,1.000000,,,,true,,POST,http://20.210.36.32:8080/prediction/knn,HTTP/1.1,contacts,,200,,,http://20.210.36.32:8080/prediction/knn,,
http_req_duration,1678217718,1219.917854,,,,true,,POST,http://20.210.36.32:8080/prediction/knn,HTTP/1.1,contacts,,200,,,http://20.210.36.32:8080/prediction/knn,,
http_req_blocked,1678217718,1.943509,,,,true,,POST,http://20.210.36.32:8080/prediction/knn,HTTP/1.1,contacts,,200,,,http://20.210.36.32:8080/prediction/knn,,
http_req_connecting,1678217718,1.867108,,,,true,,POST,http://20.210.36.32:8080/prediction/knn,HTTP/1.1,contacts,,200,,,http://20.210.36.32:8080/prediction/knn,,
http_req_tls_handshaking,1678217718,0.000000,,,,true,,POST,http://20.210.36.32:8080/prediction/knn,HTTP/1.1,contacts,,200,,,http://20.210.36.32:8080/prediction/knn,,
http_req_sending,1678217718,0.074101,,,,true,,POST,http://20.210.36.32:8080/prediction/knn,HTTP/1.1,contacts,,200,,,http://20.210.36.32:8080/prediction/knn,,
http_req_waiting,1678217718,1218.114646,,,,true,,POST,http://20.210.36.32:8080/prediction/knn,HTTP/1.1,contacts,,200,,,http://20.210.36.32:8080/prediction/knn,,
http_req_receiving,1678217718,1.729107,,,,true,,POST,http://20.210.36.32:8080/prediction/knn,HTTP/1.1,contacts,,200,,,http://20.210.36.32:8080/prediction/knn,,
http_req_failed,1678217718,0.000000,,,,true,,POST,http://20.210.36.32:8080/prediction/knn,HTTP/1.1,contacts,,200,,,http://20.210.36.32:8080/prediction/knn,,
responseTime,1678217718,1219.917854,,,,,,,,,contacts,,,,,,,
data_sent,1678217718,2088.000000,,,,,,,,,contacts,,,,,,,
data_received,1678217718,199.000000,,,,,,,,,contacts,,,,,,,
iteration_duration,1678217718,1222.378564,,,,,,,,,contacts,,,,,,,
iterations,1678217718,1.000000,,,,,,,,,contacts,,,,,,,
http_reqs,1678217718,1.000000,,,,true,,POST,http://20.210.36.32:8080/prediction/knn,HTTP/1.1,contacts,,200,,,http://20.210.36.32:8080/prediction/knn,,
http_req_duration,1678217718,1303.149005,,,,true,,POST,http://20.210.36.32:8080/prediction/knn,HTTP/1.1,contacts,,200,,,http://20.210.36.32:8080/prediction/knn,,
http_req_blocked,1678217718,2.157709,,,,true,,POST,http://20.210.36.32:8080/prediction/knn,HTTP/1.1,contacts,,200,,,http://20.210.36.32:8080/prediction/knn,,
http_req_connecting,1678217718,2.109609,,,,true,,POST,http://20.210.36.32:8080/prediction/knn,HTTP/1.1,contacts,,200,,,http://20.210.36.32:8080/prediction/knn,,
http_req_tls_handshaking,1678217718,0.000000,,,,true,,POST,http://20.210.36.32:8080/prediction/knn,HTTP/1.1,contacts,,200,,,http://20.210.36.32:8080/prediction/knn,,
http_req_sending,1678217718,0.053800,,,,true,,POST,http://20.210.36.32:8080/prediction/knn,HTTP/1.1,contacts,,200,,,http://20.210.36.32:8080/prediction/knn,,
http_req_waiting,1678217718,1297.034180,,,,true,,POST,http://20.210.36.32:8080/prediction/knn,HTTP/1.1,contacts,,200,,,http://20.210.36.32:8080/prediction/knn,,
http_req_receiving,1678217718,6.061025,,,,true,,POST,http://20.210.36.32:8080/prediction/knn,HTTP/1.1,contacts,,200,,,http://20.210.36.32:8080/prediction/knn,,
http_req_failed,1678217718,0.000000,,,,true,,POST,http://20.210.36.32:8080/prediction/knn,HTTP/1.1,contacts,,200,,,http://20.210.36.32:8080/prediction/knn,,
responseTime,1678217718,1303.149005,,,,,,,,,contacts,,,,,,,
data_sent,1678217718,2088.000000,,,,,,,,,contacts,,,,,,,
data_received,1678217718,199.000000,,,,,,,,,contacts,,,,,,,
iteration_duration,1678217718,1305.710416,,,,,,,,,contacts,,,,,,,
iterations,1678217718,1.000000,,,,,,,,,contacts,,,,,,,
http_reqs,1678217718,1.000000,,,,true,,POST,http://20.210.36.32:8080/prediction/knn,HTTP/1.1,contacts,,200,,,http://20.210.36.32:8080/prediction/knn,,
http_req_duration,1678217718,1396.843701,,,,true,,POST,http://20.210.36.32:8080/prediction/knn,HTTP/1.1,contacts,,200,,,http://20.210.36.32:8080/prediction/knn,,
http_req_blocked,1678217718,2.129509,,,,true,,POST,http://20.210.36.32:8080/prediction/knn,HTTP/1.1,contacts,,200,,,http://20.210.36.32:8080/prediction/knn,,
http_req_connecting,1678217718,2.080709,,,,true,,POST,http://20.210.36.32:8080/prediction/knn,HTTP/1.1,contacts,,200,,,http://20.210.36.32:8080/prediction/knn,,
http_req_tls_handshaking,1678217718,0.000000,,,,true,,POST,http://20.210.36.32:8080/prediction/knn,HTTP/1.1,contacts,,200,,,http://20.210.36.32:8080/prediction/knn,,
http_req_sending,1678217718,0.043500,,,,true,,POST,http://20.210.36.32:8080/prediction/knn,HTTP/1.1,contacts,,200,,,http://20.210.36.32:8080/prediction/knn,,
http_req_waiting,1678217718,1384.729250,,,,true,,POST,http://20.210.36.32:8080/prediction/knn,HTTP/1.1,contacts,,200,,,http://20.210.36.32:8080/prediction/knn,,
http_req_receiving,1678217718,12.070951,,,,true,,POST,http://20.210.36.32:8080/prediction/knn,HTTP/1.1,contacts,,200,,,http://20.210.36.32:8080/prediction/knn,,
http_req_failed,1678217718,0.000000,,,,true,,POST,http://20.210.36.32:8080/prediction/knn,HTTP/1.1,contacts,,200,,,http://20.210.36.32:8080/prediction/knn,,
responseTime,1678217718,1396.843701,,,,,,,,,contacts,,,,,,,
data_sent,1678217718,2088.000000,,,,,,,,,contacts,,,,,,,
data_received,1678217718,199.000000,,,,,,,,,contacts,,,,,,,
iteration_duration,1678217718,1399.319011,,,,,,,,,contacts,,,,,,,
iterations,1678217718,1.000000,,,,,,,,,contacts,,,,,,,
http_reqs,1678217718,1.000000,,,,true,,POST,http://20.210.36.32:8080/prediction/knn,HTTP/1.1,contacts,,200,,,http://20.210.36.32:8080/prediction/knn,,
http_req_duration,1678217718,1251.166186,,,,true,,POST,http://20.210.36.32:8080/prediction/knn,HTTP/1.1,contacts,,200,,,http://20.210.36.32:8080/prediction/knn,,
http_req_blocked,1678217718,3.217013,,,,true,,POST,http://20.210.36.32:8080/prediction/knn,HTTP/1.1,contacts,,200,,,http://20.210.36.32:8080/prediction/knn,,
http_req_connecting,1678217718,3.070913,,,,true,,POST,http://20.210.36.32:8080/prediction/knn,HTTP/1.1,contacts,,200,,,http://20.210.36.32:8080/prediction/knn,,
http_req_tls_handshaking,1678217718,0.000000,,,,true,,POST,http://20.210.36.32:8080/prediction/knn,HTTP/1.1,contacts,,200,,,http://20.210.36.32:8080/prediction/knn,,
http_req_sending,1678217718,0.086400,,,,true,,POST,http://20.210.36.32:8080/prediction/knn,HTTP/1.1,contacts,,200,,,http://20.210.36.32:8080/prediction/knn,,
http_req_waiting,1678217718,1250.984085,,,,true,,POST,http://20.210.36.32:8080/prediction/knn,HTTP/1.1,contacts,,200,,,http://20.210.36.32:8080/prediction/knn,,
http_req_receiving,1678217718,0.095701,,,,true,,POST,http://20.210.36.32:8080/prediction/knn,HTTP/1.1,contacts,,200,,,http://20.210.36.32:8080/prediction/knn,,
http_req_failed,1678217718,0.000000,,,,true,,POST,http://20.210.36.32:8080/prediction/knn,HTTP/1.1,contacts,,200,,,http://20.210.36.32:8080/prediction/knn,,
responseTime,1678217718,1251.166186,,,,,,,,,contacts,,,,,,,
data_sent,1678217718,2088.000000,,,,,,,,,contacts,,,,,,,
data_received,1678217718,199.000000,,,,,,,,,contacts,,,,,,,
iteration_duration,1678217718,1254.700000,,,,,,,,,contacts,,,,,,,
iterations,1678217718,1.000000,,,,,,,,,contacts,,,,,,,
http_reqs,1678217718,1.000000,,,,true,,POST,http://20.210.36.32:8080/prediction/knn,HTTP/1.1,contacts,,200,,,http://20.210.36.32:8080/prediction/knn,,
http_req_duration,1678217718,1431.173446,,,,true,,POST,http://20.210.36.32:8080/prediction/knn,HTTP/1.1,contacts,,200,,,http://20.210.36.32:8080/prediction/knn,,
http_req_blocked,1678217718,2.742911,,,,true,,POST,http://20.210.36.32:8080/prediction/knn,HTTP/1.1,contacts,,200,,,http://20.210.36.32:8080/prediction/knn,,
http_req_connecting,1678217718,2.341810,,,,true,,POST,http://20.210.36.32:8080/prediction/knn,HTTP/1.1,contacts,,200,,,http://20.210.36.32:8080/prediction/knn,,
http_req_tls_handshaking,1678217718,0.000000,,,,true,,POST,http://20.210.36.32:8080/prediction/knn,HTTP/1.1,contacts,,200,,,http://20.210.36.32:8080/prediction/knn,,
http_req_sending,1678217718,0.059700,,,,true,,POST,http://20.210.36.32:8080/prediction/knn,HTTP/1.1,contacts,,200,,,http://20.210.36.32:8080/prediction/knn,,
http_req_waiting,1678217718,1428.589236,,,,true,,POST,http://20.210.36.32:8080/prediction/knn,HTTP/1.1,contacts,,200,,,http://20.210.36.32:8080/prediction/knn,,
http_req_receiving,1678217718,2.524510,,,,true,,POST,http://20.210.36.32:8080/prediction/knn,HTTP/1.1,contacts,,200,,,http://20.210.36.32:8080/prediction/knn,,
http_req_failed,1678217718,0.000000,,,,true,,POST,http://20.210.36.32:8080/prediction/knn,HTTP/1.1,contacts,,200,,,http://20.210.36.32:8080/prediction/knn,,
responseTime,1678217718,1431.173446,,,,,,,,,contacts,,,,,,,
data_sent,1678217718,2088.000000,,,,,,,,,contacts,,,,,,,
data_received,1678217718,199.000000,,,,,,,,,contacts,,,,,,,
iteration_duration,1678217718,1434.371060,,,,,,,,,contacts,,,,,,,
iterations,1678217718,1.000000,,,,,,,,,contacts,,,,,,,
http_reqs,1678217718,1.000000,,,,true,,POST,http://20.210.36.32:8080/prediction/knn,HTTP/1.1,contacts,,200,,,http://20.210.36.32:8080/prediction/knn,,
http_req_duration,1678217718,1211.269117,,,,true,,POST,http://20.210.36.32:8080/prediction/knn,HTTP/1.1,contacts,,200,,,http://20.210.36.32:8080/prediction/knn,,
http_req_blocked,1678217718,2.283909,,,,true,,POST,http://20.210.36.32:8080/prediction/knn,HTTP/1.1,contacts,,200,,,http://20.210.36.32:8080/prediction/knn,,
http_req_connecting,1678217718,2.130509,,,,true,,POST,http://20.210.36.32:8080/prediction/knn,HTTP/1.1,contacts,,200,,,http://20.210.36.32:8080/prediction/knn,,
http_req_tls_handshaking,1678217718,0.000000,,,,true,,POST,http://20.210.36.32:8080/prediction/knn,HTTP/1.1,contacts,,200,,,http://20.210.36.32:8080/prediction/knn,,
http_req_sending,1678217718,0.104600,,,,true,,POST,http://20.210.36.32:8080/prediction/knn,HTTP/1.1,contacts,,200,,,http://20.210.36.32:8080/prediction/knn,,
http_req_waiting,1678217718,1209.667111,,,,true,,POST,http://20.210.36.32:8080/prediction/knn,HTTP/1.1,contacts,,200,,,http://20.210.36.32:8080/prediction/knn,,
http_req_receiving,1678217718,1.497406,,,,true,,POST,http://20.210.36.32:8080/prediction/knn,HTTP/1.1,contacts,,200,,,http://20.210.36.32:8080/prediction/knn,,
http_req_failed,1678217718,0.000000,,,,true,,POST,http://20.210.36.32:8080/prediction/knn,HTTP/1.1,contacts,,200,,,http://20.210.36.32:8080/prediction/knn,,
responseTime,1678217718,1211.269117,,,,,,,,,contacts,,,,,,,
data_sent,1678217718,2088.000000,,,,,,,,,contacts,,,,,,,
data_received,1678217718,199.000000,,,,,,,,,contacts,,,,,,,
iteration_duration,1678217718,1213.961929,,,,,,,,,contacts,,,,,,,
iterations,1678217718,1.000000,,,,,,,,,contacts,,,,,,,
http_reqs,1678217718,1.000000,,,,true,,POST,http://20.210.36.32:8080/prediction/knn,HTTP/1.1,contacts,,200,,,http://20.210.36.32:8080/prediction/knn,,
http_req_duration,1678217718,1303.767108,,,,true,,POST,http://20.210.36.32:8080/prediction/knn,HTTP/1.1,contacts,,200,,,http://20.210.36.32:8080/prediction/knn,,
http_req_blocked,1678217718,2.333510,,,,true,,POST,http://20.210.36.32:8080/prediction/knn,HTTP/1.1,contacts,,200,,,http://20.210.36.32:8080/prediction/knn,,
http_req_connecting,1678217718,2.253010,,,,true,,POST,http://20.210.36.32:8080/prediction/knn,HTTP/1.1,contacts,,200,,,http://20.210.36.32:8080/prediction/knn,,
http_req_tls_handshaking,1678217718,0.000000,,,,true,,POST,http://20.210.36.32:8080/prediction/knn,HTTP/1.1,contacts,,200,,,http://20.210.36.32:8080/prediction/knn,,
http_req_sending,1678217718,0.098300,,,,true,,POST,http://20.210.36.32:8080/prediction/knn,HTTP/1.1,contacts,,200,,,http://20.210.36.32:8080/prediction/knn,,
http_req_waiting,1678217718,1298.628787,,,,true,,POST,http://20.210.36.32:8080/prediction/knn,HTTP/1.1,contacts,,200,,,http://20.210.36.32:8080/prediction/knn,,
http_req_receiving,1678217718,5.040021,,,,true,,POST,http://20.210.36.32:8080/prediction/knn,HTTP/1.1,contacts,,200,,,http://20.210.36.32:8080/prediction/knn,,
http_req_failed,1678217718,0.000000,,,,true,,POST,http://20.210.36.32:8080/prediction/knn,HTTP/1.1,contacts,,200,,,http://20.210.36.32:8080/prediction/knn,,
responseTime,1678217718,1303.767108,,,,,,,,,contacts,,,,,,,
data_sent,1678217718,2088.000000,,,,,,,,,contacts,,,,,,,
data_received,1678217718,199.000000,,,,,,,,,contacts,,,,,,,
iteration_duration,1678217718,1306.546920,,,,,,,,,contacts,,,,,,,
iterations,1678217718,1.000000,,,,,,,,,contacts,,,,,,,
vus,1678217718,69.000000,,,,,,,,,,,,,,,,
vus_max,1678217718,100.000000,,,,,,,,,,,,,,,,
http_reqs,1678217718,1.000000,,,,true,,POST,http://20.210.36.32:8080/prediction/knn,HTTP/1.1,contacts,,200,,,http://20.210.36.32:8080/prediction/knn,,
http_req_duration,1678217718,1356.521831,,,,true,,POST,http://20.210.36.32:8080/prediction/knn,HTTP/1.1,contacts,,200,,,http://20.210.36.32:8080/prediction/knn,,
http_req_blocked,1678217718,2.386310,,,,true,,POST,http://20.210.36.32:8080/prediction/knn,HTTP/1.1,contacts,,200,,,http://20.210.36.32:8080/prediction/knn,,
http_req_connecting,1678217718,2.327110,,,,true,,POST,http://20.210.36.32:8080/prediction/knn,HTTP/1.1,contacts,,200,,,http://20.210.36.32:8080/prediction/knn,,
http_req_tls_handshaking,1678217718,0.000000,,,,true,,POST,http://20.210.36.32:8080/prediction/knn,HTTP/1.1,contacts,,200,,,http://20.210.36.32:8080/prediction/knn,,
http_req_sending,1678217718,0.069500,,,,true,,POST,http://20.210.36.32:8080/prediction/knn,HTTP/1.1,contacts,,200,,,http://20.210.36.32:8080/prediction/knn,,
http_req_waiting,1678217718,1331.295425,,,,true,,POST,http://20.210.36.32:8080/prediction/knn,HTTP/1.1,contacts,,200,,,http://20.210.36.32:8080/prediction/knn,,
http_req_receiving,1678217718,25.156906,,,,true,,POST,http://20.210.36.32:8080/prediction/knn,HTTP/1.1,contacts,,200,,,http://20.210.36.32:8080/prediction/knn,,
http_req_failed,1678217718,0.000000,,,,true,,POST,http://20.210.36.32:8080/prediction/knn,HTTP/1.1,contacts,,200,,,http://20.210.36.32:8080/prediction/knn,,
responseTime,1678217718,1356.521831,,,,,,,,,contacts,,,,,,,
data_sent,1678217718,2088.000000,,,,,,,,,contacts,,,,,,,
data_received,1678217718,199.000000,,,,,,,,,contacts,,,,,,,
iteration_duration,1678217718,1359.401143,,,,,,,,,contacts,,,,,,,
iterations,1678217718,1.000000,,,,,,,,,contacts,,,,,,,
http_reqs,1678217718,1.000000,,,,true,,POST,http://20.210.36.32:8080/prediction/knn,HTTP/1.1,contacts,,200,,,http://20.210.36.32:8080/prediction/knn,,
http_req_duration,1678217718,1310.992338,,,,true,,POST,http://20.210.36.32:8080/prediction/knn,HTTP/1.1,contacts,,200,,,http://20.210.36.32:8080/prediction/knn,,
http_req_blocked,1678217718,2.509410,,,,true,,POST,http://20.210.36.32:8080/prediction/knn,HTTP/1.1,contacts,,200,,,http://20.210.36.32:8080/prediction/knn,,
http_req_connecting,1678217718,2.265310,,,,true,,POST,http://20.210.36.32:8080/prediction/knn,HTTP/1.1,contacts,,200,,,http://20.210.36.32:8080/prediction/knn,,
http_req_tls_handshaking,1678217718,0.000000,,,,true,,POST,http://20.210.36.32:8080/prediction/knn,HTTP/1.1,contacts,,200,,,http://20.210.36.32:8080/prediction/knn,,
http_req_sending,1678217718,0.123000,,,,true,,POST,http://20.210.36.32:8080/prediction/knn,HTTP/1.1,contacts,,200,,,http://20.210.36.32:8080/prediction/knn,,
http_req_waiting,1678217718,1295.427273,,,,true,,POST,http://20.210.36.32:8080/prediction/knn,HTTP/1.1,contacts,,200,,,http://20.210.36.32:8080/prediction/knn,,
http_req_receiving,1678217718,15.442065,,,,true,,POST,http://20.210.36.32:8080/prediction/knn,HTTP/1.1,contacts,,200,,,http://20.210.36.32:8080/prediction/knn,,
http_req_failed,1678217718,0.000000,,,,true,,POST,http://20.210.36.32:8080/prediction/knn,HTTP/1.1,contacts,,200,,,http://20.210.36.32:8080/prediction/knn,,
responseTime,1678217718,1310.992338,,,,,,,,,contacts,,,,,,,
data_sent,1678217718,2088.000000,,,,,,,,,contacts,,,,,,,
data_received,1678217718,199.000000,,,,,,,,,contacts,,,,,,,
iteration_duration,1678217718,1314.133852,,,,,,,,,contacts,,,,,,,
iterations,1678217718,1.000000,,,,,,,,,contacts,,,,,,,
http_reqs,1678217718,1.000000,,,,true,,POST,http://20.210.36.32:8080/prediction/knn,HTTP/1.1,contacts,,200,,,http://20.210.36.32:8080/prediction/knn,,
http_req_duration,1678217718,1297.246780,,,,true,,POST,http://20.210.36.32:8080/prediction/knn,HTTP/1.1,contacts,,200,,,http://20.210.36.32:8080/prediction/knn,,
http_req_blocked,1678217718,4.909121,,,,true,,POST,http://20.210.36.32:8080/prediction/knn,HTTP/1.1,contacts,,200,,,http://20.210.36.32:8080/prediction/knn,,
http_req_connecting,1678217718,4.835620,,,,true,,POST,http://20.210.36.32:8080/prediction/knn,HTTP/1.1,contacts,,200,,,http://20.210.36.32:8080/prediction/knn,,
http_req_tls_handshaking,1678217718,0.000000,,,,true,,POST,http://20.210.36.32:8080/prediction/knn,HTTP/1.1,contacts,,200,,,http://20.210.36.32:8080/prediction/knn,,
http_req_sending,1678217718,0.048800,,,,true,,POST,http://20.210.36.32:8080/prediction/knn,HTTP/1.1,contacts,,200,,,http://20.210.36.32:8080/prediction/knn,,
http_req_waiting,1678217718,1297.047980,,,,true,,POST,http://20.210.36.32:8080/prediction/knn,HTTP/1.1,contacts,,200,,,http://20.210.36.32:8080/prediction/knn,,
http_req_receiving,1678217718,0.150000,,,,true,,POST,http://20.210.36.32:8080/prediction/knn,HTTP/1.1,contacts,,200,,,http://20.210.36.32:8080/prediction/knn,,
http_req_failed,1678217718,0.000000,,,,true,,POST,http://20.210.36.32:8080/prediction/knn,HTTP/1.1,contacts,,200,,,http://20.210.36.32:8080/prediction/knn,,
responseTime,1678217718,1297.246780,,,,,,,,,contacts,,,,,,,
data_sent,1678217718,2088.000000,,,,,,,,,contacts,,,,,,,
data_received,1678217718,199.000000,,,,,,,,,contacts,,,,,,,
iteration_duration,1678217718,1302.680104,,,,,,,,,contacts,,,,,,,
iterations,1678217718,1.000000,,,,,,,,,contacts,,,,,,,
http_reqs,1678217718,1.000000,,,,true,,POST,http://20.210.36.32:8080/prediction/knn,HTTP/1.1,contacts,,200,,,http://20.210.36.32:8080/prediction/knn,,
http_req_duration,1678217718,1308.358027,,,,true,,POST,http://20.210.36.32:8080/prediction/knn,HTTP/1.1,contacts,,200,,,http://20.210.36.32:8080/prediction/knn,,
http_req_blocked,1678217718,3.837016,,,,true,,POST,http://20.210.36.32:8080/prediction/knn,HTTP/1.1,contacts,,200,,,http://20.210.36.32:8080/prediction/knn,,
http_req_connecting,1678217718,3.770616,,,,true,,POST,http://20.210.36.32:8080/prediction/knn,HTTP/1.1,contacts,,200,,,http://20.210.36.32:8080/prediction/knn,,
http_req_tls_handshaking,1678217718,0.000000,,,,true,,POST,http://20.210.36.32:8080/prediction/knn,HTTP/1.1,contacts,,200,,,http://20.210.36.32:8080/prediction/knn,,
http_req_sending,1678217718,0.068400,,,,true,,POST,http://20.210.36.32:8080/prediction/knn,HTTP/1.1,contacts,,200,,,http://20.210.36.32:8080/prediction/knn,,
http_req_waiting,1678217718,1308.205827,,,,true,,POST,http://20.210.36.32:8080/prediction/knn,HTTP/1.1,contacts,,200,,,http://20.210.36.32:8080/prediction/knn,,
http_req_receiving,1678217718,0.083800,,,,true,,POST,http://20.210.36.32:8080/prediction/knn,HTTP/1.1,contacts,,200,,,http://20.210.36.32:8080/prediction/knn,,
http_req_failed,1678217718,0.000000,,,,true,,POST,http://20.210.36.32:8080/prediction/knn,HTTP/1.1,contacts,,200,,,http://20.210.36.32:8080/prediction/knn,,
responseTime,1678217718,1308.358027,,,,,,,,,contacts,,,,,,,
data_sent,1678217718,2088.000000,,,,,,,,,contacts,,,,,,,
data_received,1678217718,199.000000,,,,,,,,,contacts,,,,,,,
iteration_duration,1678217718,1312.595245,,,,,,,,,contacts,,,,,,,
iterations,1678217718,1.000000,,,,,,,,,contacts,,,,,,,
http_reqs,1678217718,1.000000,,,,true,,POST,http://20.210.36.32:8080/prediction/knn,HTTP/1.1,contacts,,200,,,http://20.210.36.32:8080/prediction/knn,,
http_req_duration,1678217718,1326.454304,,,,true,,POST,http://20.210.36.32:8080/prediction/knn,HTTP/1.1,contacts,,200,,,http://20.210.36.32:8080/prediction/knn,,
http_req_blocked,1678217718,4.777420,,,,true,,POST,http://20.210.36.32:8080/prediction/knn,HTTP/1.1,contacts,,200,,,http://20.210.36.32:8080/prediction/knn,,
http_req_connecting,1678217718,4.699720,,,,true,,POST,http://20.210.36.32:8080/prediction/knn,HTTP/1.1,contacts,,200,,,http://20.210.36.32:8080/prediction/knn,,
http_req_tls_handshaking,1678217718,0.000000,,,,true,,POST,http://20.210.36.32:8080/prediction/knn,HTTP/1.1,contacts,,200,,,http://20.210.36.32:8080/prediction/knn,,
http_req_sending,1678217718,0.066001,,,,true,,POST,http://20.210.36.32:8080/prediction/knn,HTTP/1.1,contacts,,200,,,http://20.210.36.32:8080/prediction/knn,,
http_req_waiting,1678217718,1326.268703,,,,true,,POST,http://20.210.36.32:8080/prediction/knn,HTTP/1.1,contacts,,200,,,http://20.210.36.32:8080/prediction/knn,,
http_req_receiving,1678217718,0.119600,,,,true,,POST,http://20.210.36.32:8080/prediction/knn,HTTP/1.1,contacts,,200,,,http://20.210.36.32:8080/prediction/knn,,
http_req_failed,1678217718,0.000000,,,,true,,POST,http://20.210.36.32:8080/prediction/knn,HTTP/1.1,contacts,,200,,,http://20.210.36.32:8080/prediction/knn,,
responseTime,1678217718,1326.454304,,,,,,,,,contacts,,,,,,,
data_sent,1678217718,2088.000000,,,,,,,,,contacts,,,,,,,
data_received,1678217718,199.000000,,,,,,,,,contacts,,,,,,,
iteration_duration,1678217718,1331.550726,,,,,,,,,contacts,,,,,,,
iterations,1678217718,1.000000,,,,,,,,,contacts,,,,,,,
http_reqs,1678217718,1.000000,,,,true,,POST,http://20.210.36.32:8080/prediction/knn,HTTP/1.1,contacts,,200,,,http://20.210.36.32:8080/prediction/knn,,
http_req_duration,1678217718,1287.215138,,,,true,,POST,http://20.210.36.32:8080/prediction/knn,HTTP/1.1,contacts,,200,,,http://20.210.36.32:8080/prediction/knn,,
http_req_blocked,1678217718,4.467819,,,,true,,POST,http://20.210.36.32:8080/prediction/knn,HTTP/1.1,contacts,,200,,,http://20.210.36.32:8080/prediction/knn,,
http_req_connecting,1678217718,4.385119,,,,true,,POST,http://20.210.36.32:8080/prediction/knn,HTTP/1.1,contacts,,200,,,http://20.210.36.32:8080/prediction/knn,,
http_req_tls_handshaking,1678217718,0.000000,,,,true,,POST,http://20.210.36.32:8080/prediction/knn,HTTP/1.1,contacts,,200,,,http://20.210.36.32:8080/prediction/knn,,
http_req_sending,1678217718,0.051400,,,,true,,POST,http://20.210.36.32:8080/prediction/knn,HTTP/1.1,contacts,,200,,,http://20.210.36.32:8080/prediction/knn,,
http_req_waiting,1678217718,1285.353230,,,,true,,POST,http://20.210.36.32:8080/prediction/knn,HTTP/1.1,contacts,,200,,,http://20.210.36.32:8080/prediction/knn,,
http_req_receiving,1678217718,1.810508,,,,true,,POST,http://20.210.36.32:8080/prediction/knn,HTTP/1.1,contacts,,200,,,http://20.210.36.32:8080/prediction/knn,,
http_req_failed,1678217718,0.000000,,,,true,,POST,http://20.210.36.32:8080/prediction/knn,HTTP/1.1,contacts,,200,,,http://20.210.36.32:8080/prediction/knn,,
responseTime,1678217718,1287.215138,,,,,,,,,contacts,,,,,,,
data_sent,1678217718,2088.000000,,,,,,,,,contacts,,,,,,,
data_received,1678217718,199.000000,,,,,,,,,contacts,,,,,,,
iteration_duration,1678217718,1292.149259,,,,,,,,,contacts,,,,,,,
iterations,1678217718,1.000000,,,,,,,,,contacts,,,,,,,
http_reqs,1678217718,1.000000,,,,true,,POST,http://20.210.36.32:8080/prediction/knn,HTTP/1.1,contacts,,200,,,http://20.210.36.32:8080/prediction/knn,,
http_req_duration,1678217718,1353.808720,,,,true,,POST,http://20.210.36.32:8080/prediction/knn,HTTP/1.1,contacts,,200,,,http://20.210.36.32:8080/prediction/knn,,
http_req_blocked,1678217718,3.923717,,,,true,,POST,http://20.210.36.32:8080/prediction/knn,HTTP/1.1,contacts,,200,,,http://20.210.36.32:8080/prediction/knn,,
http_req_connecting,1678217718,3.827516,,,,true,,POST,http://20.210.36.32:8080/prediction/knn,HTTP/1.1,contacts,,200,,,http://20.210.36.32:8080/prediction/knn,,
http_req_tls_handshaking,1678217718,0.000000,,,,true,,POST,http://20.210.36.32:8080/prediction/knn,HTTP/1.1,contacts,,200,,,http://20.210.36.32:8080/prediction/knn,,
http_req_sending,1678217718,0.086701,,,,true,,POST,http://20.210.36.32:8080/prediction/knn,HTTP/1.1,contacts,,200,,,http://20.210.36.32:8080/prediction/knn,,
http_req_waiting,1678217718,1343.441575,,,,true,,POST,http://20.210.36.32:8080/prediction/knn,HTTP/1.1,contacts,,200,,,http://20.210.36.32:8080/prediction/knn,,
http_req_receiving,1678217718,10.280444,,,,true,,POST,http://20.210.36.32:8080/prediction/knn,HTTP/1.1,contacts,,200,,,http://20.210.36.32:8080/prediction/knn,,
http_req_failed,1678217718,0.000000,,,,true,,POST,http://20.210.36.32:8080/prediction/knn,HTTP/1.1,contacts,,200,,,http://20.210.36.32:8080/prediction/knn,,
responseTime,1678217718,1353.808720,,,,,,,,,contacts,,,,,,,
data_sent,1678217718,2088.000000,,,,,,,,,contacts,,,,,,,
data_received,1678217718,199.000000,,,,,,,,,contacts,,,,,,,
iteration_duration,1678217718,1358.121638,,,,,,,,,contacts,,,,,,,
iterations,1678217718,1.000000,,,,,,,,,contacts,,,,,,,
http_reqs,1678217718,1.000000,,,,true,,POST,http://20.210.36.32:8080/prediction/knn,HTTP/1.1,contacts,,200,,,http://20.210.36.32:8080/prediction/knn,,
http_req_duration,1678217718,1336.779348,,,,true,,POST,http://20.210.36.32:8080/prediction/knn,HTTP/1.1,contacts,,200,,,http://20.210.36.32:8080/prediction/knn,,
http_req_blocked,1678217718,3.955416,,,,true,,POST,http://20.210.36.32:8080/prediction/knn,HTTP/1.1,contacts,,200,,,http://20.210.36.32:8080/prediction/knn,,
http_req_connecting,1678217718,3.900416,,,,true,,POST,http://20.210.36.32:8080/prediction/knn,HTTP/1.1,contacts,,200,,,http://20.210.36.32:8080/prediction/knn,,
http_req_tls_handshaking,1678217718,0.000000,,,,true,,POST,http://20.210.36.32:8080/prediction/knn,HTTP/1.1,contacts,,200,,,http://20.210.36.32:8080/prediction/knn,,
http_req_sending,1678217718,0.276101,,,,true,,POST,http://20.210.36.32:8080/prediction/knn,HTTP/1.1,contacts,,200,,,http://20.210.36.32:8080/prediction/knn,,
http_req_waiting,1678217718,1336.405246,,,,true,,POST,http://20.210.36.32:8080/prediction/knn,HTTP/1.1,contacts,,200,,,http://20.210.36.32:8080/prediction/knn,,
http_req_receiving,1678217718,0.098001,,,,true,,POST,http://20.210.36.32:8080/prediction/knn,HTTP/1.1,contacts,,200,,,http://20.210.36.32:8080/prediction/knn,,
http_req_failed,1678217718,0.000000,,,,true,,POST,http://20.210.36.32:8080/prediction/knn,HTTP/1.1,contacts,,200,,,http://20.210.36.32:8080/prediction/knn,,
responseTime,1678217718,1336.779348,,,,,,,,,contacts,,,,,,,
data_sent,1678217718,2088.000000,,,,,,,,,contacts,,,,,,,
data_received,1678217718,199.000000,,,,,,,,,contacts,,,,,,,
iteration_duration,1678217718,1341.510268,,,,,,,,,contacts,,,,,,,
iterations,1678217718,1.000000,,,,,,,,,contacts,,,,,,,
http_reqs,1678217718,1.000000,,,,true,,POST,http://20.210.36.32:8080/prediction/knn,HTTP/1.1,contacts,,200,,,http://20.210.36.32:8080/prediction/knn,,
http_req_duration,1678217718,1417.324387,,,,true,,POST,http://20.210.36.32:8080/prediction/knn,HTTP/1.1,contacts,,200,,,http://20.210.36.32:8080/prediction/knn,,
http_req_blocked,1678217718,4.095418,,,,true,,POST,http://20.210.36.32:8080/prediction/knn,HTTP/1.1,contacts,,200,,,http://20.210.36.32:8080/prediction/knn,,
http_req_connecting,1678217718,3.995617,,,,true,,POST,http://20.210.36.32:8080/prediction/knn,HTTP/1.1,contacts,,200,,,http://20.210.36.32:8080/prediction/knn,,
http_req_tls_handshaking,1678217718,0.000000,,,,true,,POST,http://20.210.36.32:8080/prediction/knn,HTTP/1.1,contacts,,200,,,http://20.210.36.32:8080/prediction/knn,,
http_req_sending,1678217718,0.084400,,,,true,,POST,http://20.210.36.32:8080/prediction/knn,HTTP/1.1,contacts,,200,,,http://20.210.36.32:8080/prediction/knn,,
http_req_waiting,1678217718,1417.161387,,,,true,,POST,http://20.210.36.32:8080/prediction/knn,HTTP/1.1,contacts,,200,,,http://20.210.36.32:8080/prediction/knn,,
http_req_receiving,1678217718,0.078600,,,,true,,POST,http://20.210.36.32:8080/prediction/knn,HTTP/1.1,contacts,,200,,,http://20.210.36.32:8080/prediction/knn,,
http_req_failed,1678217718,0.000000,,,,true,,POST,http://20.210.36.32:8080/prediction/knn,HTTP/1.1,contacts,,200,,,http://20.210.36.32:8080/prediction/knn,,
responseTime,1678217718,1417.324387,,,,,,,,,contacts,,,,,,,
data_sent,1678217718,2088.000000,,,,,,,,,contacts,,,,,,,
data_received,1678217718,199.000000,,,,,,,,,contacts,,,,,,,
iteration_duration,1678217718,1421.996507,,,,,,,,,contacts,,,,,,,
iterations,1678217718,1.000000,,,,,,,,,contacts,,,,,,,
http_reqs,1678217718,1.000000,,,,true,,POST,http://20.210.36.32:8080/prediction/knn,HTTP/1.1,contacts,,200,,,http://20.210.36.32:8080/prediction/knn,,
http_req_duration,1678217718,1421.363704,,,,true,,POST,http://20.210.36.32:8080/prediction/knn,HTTP/1.1,contacts,,200,,,http://20.210.36.32:8080/prediction/knn,,
http_req_blocked,1678217718,3.728216,,,,true,,POST,http://20.210.36.32:8080/prediction/knn,HTTP/1.1,contacts,,200,,,http://20.210.36.32:8080/prediction/knn,,
http_req_connecting,1678217718,3.675716,,,,true,,POST,http://20.210.36.32:8080/prediction/knn,HTTP/1.1,contacts,,200,,,http://20.210.36.32:8080/prediction/knn,,
http_req_tls_handshaking,1678217718,0.000000,,,,true,,POST,http://20.210.36.32:8080/prediction/knn,HTTP/1.1,contacts,,200,,,http://20.210.36.32:8080/prediction/knn,,
http_req_sending,1678217718,0.079200,,,,true,,POST,http://20.210.36.32:8080/prediction/knn,HTTP/1.1,contacts,,200,,,http://20.210.36.32:8080/prediction/knn,,
http_req_waiting,1678217718,1421.162004,,,,true,,POST,http://20.210.36.32:8080/prediction/knn,HTTP/1.1,contacts,,200,,,http://20.210.36.32:8080/prediction/knn,,
http_req_receiving,1678217718,0.122500,,,,true,,POST,http://20.210.36.32:8080/prediction/knn,HTTP/1.1,contacts,,200,,,http://20.210.36.32:8080/prediction/knn,,
http_req_failed,1678217718,0.000000,,,,true,,POST,http://20.210.36.32:8080/prediction/knn,HTTP/1.1,contacts,,200,,,http://20.210.36.32:8080/prediction/knn,,
http_reqs,1678217718,1.000000,,,,true,,POST,http://20.210.36.32:8080/prediction/knn,HTTP/1.1,contacts,,200,,,http://20.210.36.32:8080/prediction/knn,,
http_req_duration,1678217718,1271.526471,,,,true,,POST,http://20.210.36.32:8080/prediction/knn,HTTP/1.1,contacts,,200,,,http://20.210.36.32:8080/prediction/knn,,
http_req_blocked,1678217718,4.068717,,,,true,,POST,http://20.210.36.32:8080/prediction/knn,HTTP/1.1,contacts,,200,,,http://20.210.36.32:8080/prediction/knn,,
http_req_connecting,1678217718,3.989217,,,,true,,POST,http://20.210.36.32:8080/prediction/knn,HTTP/1.1,contacts,,200,,,http://20.210.36.32:8080/prediction/knn,,
http_req_tls_handshaking,1678217718,0.000000,,,,true,,POST,http://20.210.36.32:8080/prediction/knn,HTTP/1.1,contacts,,200,,,http://20.210.36.32:8080/prediction/knn,,
http_req_sending,1678217718,0.041700,,,,true,,POST,http://20.210.36.32:8080/prediction/knn,HTTP/1.1,contacts,,200,,,http://20.210.36.32:8080/prediction/knn,,
http_req_waiting,1678217718,1271.402171,,,,true,,POST,http://20.210.36.32:8080/prediction/knn,HTTP/1.1,contacts,,200,,,http://20.210.36.32:8080/prediction/knn,,
http_req_receiving,1678217718,0.082600,,,,true,,POST,http://20.210.36.32:8080/prediction/knn,HTTP/1.1,contacts,,200,,,http://20.210.36.32:8080/prediction/knn,,
http_req_failed,1678217718,0.000000,,,,true,,POST,http://20.210.36.32:8080/prediction/knn,HTTP/1.1,contacts,,200,,,http://20.210.36.32:8080/prediction/knn,,
responseTime,1678217718,1421.363704,,,,,,,,,contacts,,,,,,,
data_sent,1678217718,2088.000000,,,,,,,,,contacts,,,,,,,
data_received,1678217718,199.000000,,,,,,,,,contacts,,,,,,,
iteration_duration,1678217718,1426.073425,,,,,,,,,contacts,,,,,,,
iterations,1678217718,1.000000,,,,,,,,,contacts,,,,,,,
responseTime,1678217718,1271.526471,,,,,,,,,contacts,,,,,,,
data_sent,1678217718,2088.000000,,,,,,,,,contacts,,,,,,,
data_received,1678217718,199.000000,,,,,,,,,contacts,,,,,,,
iteration_duration,1678217718,1276.191891,,,,,,,,,contacts,,,,,,,
iterations,1678217718,1.000000,,,,,,,,,contacts,,,,,,,
http_reqs,1678217718,1.000000,,,,true,,POST,http://20.210.36.32:8080/prediction/knn,HTTP/1.1,contacts,,200,,,http://20.210.36.32:8080/prediction/knn,,
http_req_duration,1678217718,1413.375271,,,,true,,POST,http://20.210.36.32:8080/prediction/knn,HTTP/1.1,contacts,,200,,,http://20.210.36.32:8080/prediction/knn,,
http_req_blocked,1678217718,4.345119,,,,true,,POST,http://20.210.36.32:8080/prediction/knn,HTTP/1.1,contacts,,200,,,http://20.210.36.32:8080/prediction/knn,,
http_req_connecting,1678217718,4.255718,,,,true,,POST,http://20.210.36.32:8080/prediction/knn,HTTP/1.1,contacts,,200,,,http://20.210.36.32:8080/prediction/knn,,
http_req_tls_handshaking,1678217718,0.000000,,,,true,,POST,http://20.210.36.32:8080/prediction/knn,HTTP/1.1,contacts,,200,,,http://20.210.36.32:8080/prediction/knn,,
http_req_sending,1678217718,0.082601,,,,true,,POST,http://20.210.36.32:8080/prediction/knn,HTTP/1.1,contacts,,200,,,http://20.210.36.32:8080/prediction/knn,,
http_req_waiting,1678217718,1413.226870,,,,true,,POST,http://20.210.36.32:8080/prediction/knn,HTTP/1.1,contacts,,200,,,http://20.210.36.32:8080/prediction/knn,,
http_req_receiving,1678217718,0.065800,,,,true,,POST,http://20.210.36.32:8080/prediction/knn,HTTP/1.1,contacts,,200,,,http://20.210.36.32:8080/prediction/knn,,
http_req_failed,1678217718,0.000000,,,,true,,POST,http://20.210.36.32:8080/prediction/knn,HTTP/1.1,contacts,,200,,,http://20.210.36.32:8080/prediction/knn,,
http_reqs,1678217718,1.000000,,,,true,,POST,http://20.210.36.32:8080/prediction/knn,HTTP/1.1,contacts,,200,,,http://20.210.36.32:8080/prediction/knn,,
http_req_duration,1678217718,1393.964189,,,,true,,POST,http://20.210.36.32:8080/prediction/knn,HTTP/1.1,contacts,,200,,,http://20.210.36.32:8080/prediction/knn,,
http_req_blocked,1678217718,3.742716,,,,true,,POST,http://20.210.36.32:8080/prediction/knn,HTTP/1.1,contacts,,200,,,http://20.210.36.32:8080/prediction/knn,,
http_req_connecting,1678217718,3.682115,,,,true,,POST,http://20.210.36.32:8080/prediction/knn,HTTP/1.1,contacts,,200,,,http://20.210.36.32:8080/prediction/knn,,
http_req_tls_handshaking,1678217718,0.000000,,,,true,,POST,http://20.210.36.32:8080/prediction/knn,HTTP/1.1,contacts,,200,,,http://20.210.36.32:8080/prediction/knn,,
http_req_sending,1678217718,0.043400,,,,true,,POST,http://20.210.36.32:8080/prediction/knn,HTTP/1.1,contacts,,200,,,http://20.210.36.32:8080/prediction/knn,,
http_req_waiting,1678217718,1384.113948,,,,true,,POST,http://20.210.36.32:8080/prediction/knn,HTTP/1.1,contacts,,200,,,http://20.210.36.32:8080/prediction/knn,,
http_req_receiving,1678217718,9.806841,,,,true,,POST,http://20.210.36.32:8080/prediction/knn,HTTP/1.1,contacts,,200,,,http://20.210.36.32:8080/prediction/knn,,
http_req_failed,1678217718,0.000000,,,,true,,POST,http://20.210.36.32:8080/prediction/knn,HTTP/1.1,contacts,,200,,,http://20.210.36.32:8080/prediction/knn,,
responseTime,1678217718,1393.964189,,,,,,,,,contacts,,,,,,,
data_sent,1678217718,2088.000000,,,,,,,,,contacts,,,,,,,
data_received,1678217718,199.000000,,,,,,,,,contacts,,,,,,,
iteration_duration,1678217718,1398.245907,,,,,,,,,contacts,,,,,,,
iterations,1678217718,1.000000,,,,,,,,,contacts,,,,,,,
responseTime,1678217718,1413.375271,,,,,,,,,contacts,,,,,,,
data_sent,1678217718,2088.000000,,,,,,,,,contacts,,,,,,,
data_received,1678217718,199.000000,,,,,,,,,contacts,,,,,,,
iteration_duration,1678217718,1418.571193,,,,,,,,,contacts,,,,,,,
iterations,1678217718,1.000000,,,,,,,,,contacts,,,,,,,
http_reqs,1678217718,1.000000,,,,true,,POST,http://20.210.36.32:8080/prediction/knn,HTTP/1.1,contacts,,200,,,http://20.210.36.32:8080/prediction/knn,,
http_req_duration,1678217718,1307.004922,,,,true,,POST,http://20.210.36.32:8080/prediction/knn,HTTP/1.1,contacts,,200,,,http://20.210.36.32:8080/prediction/knn,,
http_req_blocked,1678217718,4.548619,,,,true,,POST,http://20.210.36.32:8080/prediction/knn,HTTP/1.1,contacts,,200,,,http://20.210.36.32:8080/prediction/knn,,
http_req_connecting,1678217718,4.457519,,,,true,,POST,http://20.210.36.32:8080/prediction/knn,HTTP/1.1,contacts,,200,,,http://20.210.36.32:8080/prediction/knn,,
http_req_tls_handshaking,1678217718,0.000000,,,,true,,POST,http://20.210.36.32:8080/prediction/knn,HTTP/1.1,contacts,,200,,,http://20.210.36.32:8080/prediction/knn,,
http_req_sending,1678217718,0.072201,,,,true,,POST,http://20.210.36.32:8080/prediction/knn,HTTP/1.1,contacts,,200,,,http://20.210.36.32:8080/prediction/knn,,
http_req_waiting,1678217718,1302.195201,,,,true,,POST,http://20.210.36.32:8080/prediction/knn,HTTP/1.1,contacts,,200,,,http://20.210.36.32:8080/prediction/knn,,
http_req_receiving,1678217718,4.737520,,,,true,,POST,http://20.210.36.32:8080/prediction/knn,HTTP/1.1,contacts,,200,,,http://20.210.36.32:8080/prediction/knn,,
http_req_failed,1678217718,0.000000,,,,true,,POST,http://20.210.36.32:8080/prediction/knn,HTTP/1.1,contacts,,200,,,http://20.210.36.32:8080/prediction/knn,,
responseTime,1678217718,1307.004922,,,,,,,,,contacts,,,,,,,
data_sent,1678217718,2088.000000,,,,,,,,,contacts,,,,,,,
data_received,1678217718,199.000000,,,,,,,,,contacts,,,,,,,
iteration_duration,1678217718,1312.526345,,,,,,,,,contacts,,,,,,,
iterations,1678217718,1.000000,,,,,,,,,contacts,,,,,,,
http_reqs,1678217718,1.000000,,,,true,,POST,http://20.210.36.32:8080/prediction/knn,HTTP/1.1,contacts,,200,,,http://20.210.36.32:8080/prediction/knn,,
http_req_duration,1678217718,1271.740273,,,,true,,POST,http://20.210.36.32:8080/prediction/knn,HTTP/1.1,contacts,,200,,,http://20.210.36.32:8080/prediction/knn,,
http_req_blocked,1678217718,4.308318,,,,true,,POST,http://20.210.36.32:8080/prediction/knn,HTTP/1.1,contacts,,200,,,http://20.210.36.32:8080/prediction/knn,,
http_req_connecting,1678217718,4.202517,,,,true,,POST,http://20.210.36.32:8080/prediction/knn,HTTP/1.1,contacts,,200,,,http://20.210.36.32:8080/prediction/knn,,
http_req_tls_handshaking,1678217718,0.000000,,,,true,,POST,http://20.210.36.32:8080/prediction/knn,HTTP/1.1,contacts,,200,,,http://20.210.36.32:8080/prediction/knn,,
http_req_sending,1678217718,0.069901,,,,true,,POST,http://20.210.36.32:8080/prediction/knn,HTTP/1.1,contacts,,200,,,http://20.210.36.32:8080/prediction/knn,,
http_req_waiting,1678217718,1264.596042,,,,true,,POST,http://20.210.36.32:8080/prediction/knn,HTTP/1.1,contacts,,200,,,http://20.210.36.32:8080/prediction/knn,,
http_req_receiving,1678217718,7.074330,,,,true,,POST,http://20.210.36.32:8080/prediction/knn,HTTP/1.1,contacts,,200,,,http://20.210.36.32:8080/prediction/knn,,
http_req_failed,1678217718,0.000000,,,,true,,POST,http://20.210.36.32:8080/prediction/knn,HTTP/1.1,contacts,,200,,,http://20.210.36.32:8080/prediction/knn,,
responseTime,1678217718,1271.740273,,,,,,,,,contacts,,,,,,,
data_sent,1678217718,2088.000000,,,,,,,,,contacts,,,,,,,
data_received,1678217718,199.000000,,,,,,,,,contacts,,,,,,,
iteration_duration,1678217718,1276.617593,,,,,,,,,contacts,,,,,,,
iterations,1678217718,1.000000,,,,,,,,,contacts,,,,,,,
http_reqs,1678217718,1.000000,,,,true,,POST,http://20.210.36.32:8080/prediction/knn,HTTP/1.1,contacts,,200,,,http://20.210.36.32:8080/prediction/knn,,
http_req_duration,1678217718,1267.520454,,,,true,,POST,http://20.210.36.32:8080/prediction/knn,HTTP/1.1,contacts,,200,,,http://20.210.36.32:8080/prediction/knn,,
http_req_blocked,1678217718,17.291073,,,,true,,POST,http://20.210.36.32:8080/prediction/knn,HTTP/1.1,contacts,,200,,,http://20.210.36.32:8080/prediction/knn,,
http_req_connecting,1678217718,17.199673,,,,true,,POST,http://20.210.36.32:8080/prediction/knn,HTTP/1.1,contacts,,200,,,http://20.210.36.32:8080/prediction/knn,,
http_req_tls_handshaking,1678217718,0.000000,,,,true,,POST,http://20.210.36.32:8080/prediction/knn,HTTP/1.1,contacts,,200,,,http://20.210.36.32:8080/prediction/knn,,
http_req_sending,1678217718,0.082500,,,,true,,POST,http://20.210.36.32:8080/prediction/knn,HTTP/1.1,contacts,,200,,,http://20.210.36.32:8080/prediction/knn,,
http_req_waiting,1678217718,1263.145736,,,,true,,POST,http://20.210.36.32:8080/prediction/knn,HTTP/1.1,contacts,,200,,,http://20.210.36.32:8080/prediction/knn,,
http_req_receiving,1678217718,4.292218,,,,true,,POST,http://20.210.36.32:8080/prediction/knn,HTTP/1.1,contacts,,200,,,http://20.210.36.32:8080/prediction/knn,,
http_req_failed,1678217718,0.000000,,,,true,,POST,http://20.210.36.32:8080/prediction/knn,HTTP/1.1,contacts,,200,,,http://20.210.36.32:8080/prediction/knn,,
responseTime,1678217718,1267.520454,,,,,,,,,contacts,,,,,,,
data_sent,1678217718,2088.000000,,,,,,,,,contacts,,,,,,,
data_received,1678217718,199.000000,,,,,,,,,contacts,,,,,,,
iteration_duration,1678217718,1285.266030,,,,,,,,,contacts,,,,,,,
iterations,1678217718,1.000000,,,,,,,,,contacts,,,,,,,
http_reqs,1678217718,1.000000,,,,true,,POST,http://20.210.36.32:8080/prediction/knn,HTTP/1.1,contacts,,200,,,http://20.210.36.32:8080/prediction/knn,,
http_req_duration,1678217718,1255.053202,,,,true,,POST,http://20.210.36.32:8080/prediction/knn,HTTP/1.1,contacts,,200,,,http://20.210.36.32:8080/prediction/knn,,
http_req_blocked,1678217718,4.216718,,,,true,,POST,http://20.210.36.32:8080/prediction/knn,HTTP/1.1,contacts,,200,,,http://20.210.36.32:8080/prediction/knn,,
http_req_connecting,1678217718,4.133318,,,,true,,POST,http://20.210.36.32:8080/prediction/knn,HTTP/1.1,contacts,,200,,,http://20.210.36.32:8080/prediction/knn,,
http_req_tls_handshaking,1678217718,0.000000,,,,true,,POST,http://20.210.36.32:8080/prediction/knn,HTTP/1.1,contacts,,200,,,http://20.210.36.32:8080/prediction/knn,,
http_req_sending,1678217718,0.051000,,,,true,,POST,http://20.210.36.32:8080/prediction/knn,HTTP/1.1,contacts,,200,,,http://20.210.36.32:8080/prediction/knn,,
http_req_waiting,1678217718,1254.938502,,,,true,,POST,http://20.210.36.32:8080/prediction/knn,HTTP/1.1,contacts,,200,,,http://20.210.36.32:8080/prediction/knn,,
http_req_receiving,1678217718,0.063700,,,,true,,POST,http://20.210.36.32:8080/prediction/knn,HTTP/1.1,contacts,,200,,,http://20.210.36.32:8080/prediction/knn,,
http_req_failed,1678217718,0.000000,,,,true,,POST,http://20.210.36.32:8080/prediction/knn,HTTP/1.1,contacts,,200,,,http://20.210.36.32:8080/prediction/knn,,
responseTime,1678217718,1255.053202,,,,,,,,,contacts,,,,,,,
data_sent,1678217718,2088.000000,,,,,,,,,contacts,,,,,,,
data_received,1678217718,199.000000,,,,,,,,,contacts,,,,,,,
iteration_duration,1678217718,1260.154324,,,,,,,,,contacts,,,,,,,
iterations,1678217718,1.000000,,,,,,,,,contacts,,,,,,,
http_reqs,1678217718,1.000000,,,,true,,POST,http://20.210.36.32:8080/prediction/knn,HTTP/1.1,contacts,,200,,,http://20.210.36.32:8080/prediction/knn,,
http_req_duration,1678217718,1281.095512,,,,true,,POST,http://20.210.36.32:8080/prediction/knn,HTTP/1.1,contacts,,200,,,http://20.210.36.32:8080/prediction/knn,,
http_req_blocked,1678217718,3.906416,,,,true,,POST,http://20.210.36.32:8080/prediction/knn,HTTP/1.1,contacts,,200,,,http://20.210.36.32:8080/prediction/knn,,
http_req_connecting,1678217718,3.844316,,,,true,,POST,http://20.210.36.32:8080/prediction/knn,HTTP/1.1,contacts,,200,,,http://20.210.36.32:8080/prediction/knn,,
http_req_tls_handshaking,1678217718,0.000000,,,,true,,POST,http://20.210.36.32:8080/prediction/knn,HTTP/1.1,contacts,,200,,,http://20.210.36.32:8080/prediction/knn,,
http_req_sending,1678217718,0.051500,,,,true,,POST,http://20.210.36.32:8080/prediction/knn,HTTP/1.1,contacts,,200,,,http://20.210.36.32:8080/prediction/knn,,
http_req_waiting,1678217718,1280.927512,,,,true,,POST,http://20.210.36.32:8080/prediction/knn,HTTP/1.1,contacts,,200,,,http://20.210.36.32:8080/prediction/knn,,
http_req_receiving,1678217718,0.116500,,,,true,,POST,http://20.210.36.32:8080/prediction/knn,HTTP/1.1,contacts,,200,,,http://20.210.36.32:8080/prediction/knn,,
http_req_failed,1678217718,0.000000,,,,true,,POST,http://20.210.36.32:8080/prediction/knn,HTTP/1.1,contacts,,200,,,http://20.210.36.32:8080/prediction/knn,,
responseTime,1678217718,1281.095512,,,,,,,,,contacts,,,,,,,
data_sent,1678217718,2088.000000,,,,,,,,,contacts,,,,,,,
data_received,1678217718,199.000000,,,,,,,,,contacts,,,,,,,
iteration_duration,1678217718,1285.503830,,,,,,,,,contacts,,,,,,,
iterations,1678217718,1.000000,,,,,,,,,contacts,,,,,,,
http_reqs,1678217718,1.000000,,,,true,,POST,http://20.210.36.32:8080/prediction/knn,HTTP/1.1,contacts,,200,,,http://20.210.36.32:8080/prediction/knn,,
http_req_duration,1678217718,1326.359703,,,,true,,POST,http://20.210.36.32:8080/prediction/knn,HTTP/1.1,contacts,,200,,,http://20.210.36.32:8080/prediction/knn,,
http_req_blocked,1678217718,3.068313,,,,true,,POST,http://20.210.36.32:8080/prediction/knn,HTTP/1.1,contacts,,200,,,http://20.210.36.32:8080/prediction/knn,,
http_req_connecting,1678217718,3.028413,,,,true,,POST,http://20.210.36.32:8080/prediction/knn,HTTP/1.1,contacts,,200,,,http://20.210.36.32:8080/prediction/knn,,
http_req_tls_handshaking,1678217718,0.000000,,,,true,,POST,http://20.210.36.32:8080/prediction/knn,HTTP/1.1,contacts,,200,,,http://20.210.36.32:8080/prediction/knn,,
http_req_sending,1678217718,0.049800,,,,true,,POST,http://20.210.36.32:8080/prediction/knn,HTTP/1.1,contacts,,200,,,http://20.210.36.32:8080/prediction/knn,,
http_req_waiting,1678217718,1320.823780,,,,true,,POST,http://20.210.36.32:8080/prediction/knn,HTTP/1.1,contacts,,200,,,http://20.210.36.32:8080/prediction/knn,,
http_req_receiving,1678217718,5.486123,,,,true,,POST,http://20.210.36.32:8080/prediction/knn,HTTP/1.1,contacts,,200,,,http://20.210.36.32:8080/prediction/knn,,
http_req_failed,1678217718,0.000000,,,,true,,POST,http://20.210.36.32:8080/prediction/knn,HTTP/1.1,contacts,,200,,,http://20.210.36.32:8080/prediction/knn,,
responseTime,1678217718,1326.359703,,,,,,,,,contacts,,,,,,,
data_sent,1678217718,2088.000000,,,,,,,,,contacts,,,,,,,
data_received,1678217718,199.000000,,,,,,,,,contacts,,,,,,,
iteration_duration,1678217718,1329.839118,,,,,,,,,contacts,,,,,,,
iterations,1678217718,1.000000,,,,,,,,,contacts,,,,,,,
http_reqs,1678217718,1.000000,,,,true,,POST,http://20.210.36.32:8080/prediction/knn,HTTP/1.1,contacts,,200,,,http://20.210.36.32:8080/prediction/knn,,
http_req_duration,1678217718,1340.298662,,,,true,,POST,http://20.210.36.32:8080/prediction/knn,HTTP/1.1,contacts,,200,,,http://20.210.36.32:8080/prediction/knn,,
http_req_blocked,1678217718,3.542215,,,,true,,POST,http://20.210.36.32:8080/prediction/knn,HTTP/1.1,contacts,,200,,,http://20.210.36.32:8080/prediction/knn,,
http_req_connecting,1678217718,3.453715,,,,true,,POST,http://20.210.36.32:8080/prediction/knn,HTTP/1.1,contacts,,200,,,http://20.210.36.32:8080/prediction/knn,,
http_req_tls_handshaking,1678217718,0.000000,,,,true,,POST,http://20.210.36.32:8080/prediction/knn,HTTP/1.1,contacts,,200,,,http://20.210.36.32:8080/prediction/knn,,
http_req_sending,1678217718,0.107101,,,,true,,POST,http://20.210.36.32:8080/prediction/knn,HTTP/1.1,contacts,,200,,,http://20.210.36.32:8080/prediction/knn,,
http_req_waiting,1678217718,1335.968044,,,,true,,POST,http://20.210.36.32:8080/prediction/knn,HTTP/1.1,contacts,,200,,,http://20.210.36.32:8080/prediction/knn,,
http_req_receiving,1678217718,4.223517,,,,true,,POST,http://20.210.36.32:8080/prediction/knn,HTTP/1.1,contacts,,200,,,http://20.210.36.32:8080/prediction/knn,,
http_req_failed,1678217718,0.000000,,,,true,,POST,http://20.210.36.32:8080/prediction/knn,HTTP/1.1,contacts,,200,,,http://20.210.36.32:8080/prediction/knn,,
responseTime,1678217718,1340.298662,,,,,,,,,contacts,,,,,,,
data_sent,1678217718,2088.000000,,,,,,,,,contacts,,,,,,,
data_received,1678217718,199.000000,,,,,,,,,contacts,,,,,,,
iteration_duration,1678217718,1344.357480,,,,,,,,,contacts,,,,,,,
iterations,1678217718,1.000000,,,,,,,,,contacts,,,,,,,
http_reqs,1678217718,1.000000,,,,true,,POST,http://20.210.36.32:8080/prediction/knn,HTTP/1.1,contacts,,200,,,http://20.210.36.32:8080/prediction/knn,,
http_req_duration,1678217718,1344.057278,,,,true,,POST,http://20.210.36.32:8080/prediction/knn,HTTP/1.1,contacts,,200,,,http://20.210.36.32:8080/prediction/knn,,
http_req_blocked,1678217718,3.960017,,,,true,,POST,http://20.210.36.32:8080/prediction/knn,HTTP/1.1,contacts,,200,,,http://20.210.36.32:8080/prediction/knn,,
http_req_connecting,1678217718,3.898017,,,,true,,POST,http://20.210.36.32:8080/prediction/knn,HTTP/1.1,contacts,,200,,,http://20.210.36.32:8080/prediction/knn,,
http_req_tls_handshaking,1678217718,0.000000,,,,true,,POST,http://20.210.36.32:8080/prediction/knn,HTTP/1.1,contacts,,200,,,http://20.210.36.32:8080/prediction/knn,,
http_req_sending,1678217718,0.064000,,,,true,,POST,http://20.210.36.32:8080/prediction/knn,HTTP/1.1,contacts,,200,,,http://20.210.36.32:8080/prediction/knn,,
http_req_waiting,1678217718,1343.878077,,,,true,,POST,http://20.210.36.32:8080/prediction/knn,HTTP/1.1,contacts,,200,,,http://20.210.36.32:8080/prediction/knn,,
http_req_receiving,1678217718,0.115201,,,,true,,POST,http://20.210.36.32:8080/prediction/knn,HTTP/1.1,contacts,,200,,,http://20.210.36.32:8080/prediction/knn,,
http_req_failed,1678217718,0.000000,,,,true,,POST,http://20.210.36.32:8080/prediction/knn,HTTP/1.1,contacts,,200,,,http://20.210.36.32:8080/prediction/knn,,
http_reqs,1678217718,1.000000,,,,true,,POST,http://20.210.36.32:8080/prediction/knn,HTTP/1.1,contacts,,200,,,http://20.210.36.32:8080/prediction/knn,,
http_req_duration,1678217718,1327.064007,,,,true,,POST,http://20.210.36.32:8080/prediction/knn,HTTP/1.1,contacts,,200,,,http://20.210.36.32:8080/prediction/knn,,
http_req_blocked,1678217718,4.433618,,,,true,,POST,http://20.210.36.32:8080/prediction/knn,HTTP/1.1,contacts,,200,,,http://20.210.36.32:8080/prediction/knn,,
http_req_connecting,1678217718,4.337318,,,,true,,POST,http://20.210.36.32:8080/prediction/knn,HTTP/1.1,contacts,,200,,,http://20.210.36.32:8080/prediction/knn,,
http_req_tls_handshaking,1678217718,0.000000,,,,true,,POST,http://20.210.36.32:8080/prediction/knn,HTTP/1.1,contacts,,200,,,http://20.210.36.32:8080/prediction/knn,,
http_req_sending,1678217718,0.059100,,,,true,,POST,http://20.210.36.32:8080/prediction/knn,HTTP/1.1,contacts,,200,,,http://20.210.36.32:8080/prediction/knn,,
http_req_waiting,1678217718,1308.424928,,,,true,,POST,http://20.210.36.32:8080/prediction/knn,HTTP/1.1,contacts,,200,,,http://20.210.36.32:8080/prediction/knn,,
http_req_receiving,1678217718,18.579979,,,,true,,POST,http://20.210.36.32:8080/prediction/knn,HTTP/1.1,contacts,,200,,,http://20.210.36.32:8080/prediction/knn,,
http_req_failed,1678217718,0.000000,,,,true,,POST,http://20.210.36.32:8080/prediction/knn,HTTP/1.1,contacts,,200,,,http://20.210.36.32:8080/prediction/knn,,
responseTime,1678217718,1344.057278,,,,,,,,,contacts,,,,,,,
data_sent,1678217718,2088.000000,,,,,,,,,contacts,,,,,,,
data_received,1678217718,199.000000,,,,,,,,,contacts,,,,,,,
iteration_duration,1678217718,1348.736798,,,,,,,,,contacts,,,,,,,
iterations,1678217718,1.000000,,,,,,,,,contacts,,,,,,,
responseTime,1678217718,1327.064007,,,,,,,,,contacts,,,,,,,
data_sent,1678217718,2088.000000,,,,,,,,,contacts,,,,,,,
data_received,1678217718,199.000000,,,,,,,,,contacts,,,,,,,
iteration_duration,1678217718,1332.266929,,,,,,,,,contacts,,,,,,,
iterations,1678217718,1.000000,,,,,,,,,contacts,,,,,,,
http_reqs,1678217718,1.000000,,,,true,,POST,http://20.210.36.32:8080/prediction/knn,HTTP/1.1,contacts,,200,,,http://20.210.36.32:8080/prediction/knn,,
http_req_duration,1678217718,1379.694929,,,,true,,POST,http://20.210.36.32:8080/prediction/knn,HTTP/1.1,contacts,,200,,,http://20.210.36.32:8080/prediction/knn,,
http_req_blocked,1678217718,3.801716,,,,true,,POST,http://20.210.36.32:8080/prediction/knn,HTTP/1.1,contacts,,200,,,http://20.210.36.32:8080/prediction/knn,,
http_req_connecting,1678217718,3.736916,,,,true,,POST,http://20.210.36.32:8080/prediction/knn,HTTP/1.1,contacts,,200,,,http://20.210.36.32:8080/prediction/knn,,
http_req_tls_handshaking,1678217718,0.000000,,,,true,,POST,http://20.210.36.32:8080/prediction/knn,HTTP/1.1,contacts,,200,,,http://20.210.36.32:8080/prediction/knn,,
http_req_sending,1678217718,0.053000,,,,true,,POST,http://20.210.36.32:8080/prediction/knn,HTTP/1.1,contacts,,200,,,http://20.210.36.32:8080/prediction/knn,,
http_req_waiting,1678217718,1379.523528,,,,true,,POST,http://20.210.36.32:8080/prediction/knn,HTTP/1.1,contacts,,200,,,http://20.210.36.32:8080/prediction/knn,,
http_req_receiving,1678217718,0.118401,,,,true,,POST,http://20.210.36.32:8080/prediction/knn,HTTP/1.1,contacts,,200,,,http://20.210.36.32:8080/prediction/knn,,
http_req_failed,1678217718,0.000000,,,,true,,POST,http://20.210.36.32:8080/prediction/knn,HTTP/1.1,contacts,,200,,,http://20.210.36.32:8080/prediction/knn,,
responseTime,1678217718,1379.694929,,,,,,,,,contacts,,,,,,,
data_sent,1678217718,2088.000000,,,,,,,,,contacts,,,,,,,
data_received,1678217718,199.000000,,,,,,,,,contacts,,,,,,,
iteration_duration,1678217718,1384.035947,,,,,,,,,contacts,,,,,,,
iterations,1678217718,1.000000,,,,,,,,,contacts,,,,,,,
http_reqs,1678217719,1.000000,,,,true,,POST,http://20.210.36.32:8080/prediction/knn,HTTP/1.1,contacts,,200,,,http://20.210.36.32:8080/prediction/knn,,
http_req_duration,1678217719,1328.487513,,,,true,,POST,http://20.210.36.32:8080/prediction/knn,HTTP/1.1,contacts,,200,,,http://20.210.36.32:8080/prediction/knn,,
http_req_blocked,1678217719,4.330418,,,,true,,POST,http://20.210.36.32:8080/prediction/knn,HTTP/1.1,contacts,,200,,,http://20.210.36.32:8080/prediction/knn,,
http_req_connecting,1678217719,4.244118,,,,true,,POST,http://20.210.36.32:8080/prediction/knn,HTTP/1.1,contacts,,200,,,http://20.210.36.32:8080/prediction/knn,,
http_req_tls_handshaking,1678217719,0.000000,,,,true,,POST,http://20.210.36.32:8080/prediction/knn,HTTP/1.1,contacts,,200,,,http://20.210.36.32:8080/prediction/knn,,
http_req_sending,1678217719,0.072100,,,,true,,POST,http://20.210.36.32:8080/prediction/knn,HTTP/1.1,contacts,,200,,,http://20.210.36.32:8080/prediction/knn,,
http_req_waiting,1678217719,1325.961302,,,,true,,POST,http://20.210.36.32:8080/prediction/knn,HTTP/1.1,contacts,,200,,,http://20.210.36.32:8080/prediction/knn,,
http_req_receiving,1678217719,2.454111,,,,true,,POST,http://20.210.36.32:8080/prediction/knn,HTTP/1.1,contacts,,200,,,http://20.210.36.32:8080/prediction/knn,,
http_req_failed,1678217719,0.000000,,,,true,,POST,http://20.210.36.32:8080/prediction/knn,HTTP/1.1,contacts,,200,,,http://20.210.36.32:8080/prediction/knn,,
responseTime,1678217719,1328.487513,,,,,,,,,contacts,,,,,,,
data_sent,1678217719,2088.000000,,,,,,,,,contacts,,,,,,,
data_received,1678217719,199.000000,,,,,,,,,contacts,,,,,,,
iteration_duration,1678217719,1333.245532,,,,,,,,,contacts,,,,,,,
iterations,1678217719,1.000000,,,,,,,,,contacts,,,,,,,
http_reqs,1678217719,1.000000,,,,true,,POST,http://20.210.36.32:8080/prediction/knn,HTTP/1.1,contacts,,200,,,http://20.210.36.32:8080/prediction/knn,,
http_req_duration,1678217719,1313.810150,,,,true,,POST,http://20.210.36.32:8080/prediction/knn,HTTP/1.1,contacts,,200,,,http://20.210.36.32:8080/prediction/knn,,
http_req_blocked,1678217719,3.969917,,,,true,,POST,http://20.210.36.32:8080/prediction/knn,HTTP/1.1,contacts,,200,,,http://20.210.36.32:8080/prediction/knn,,
http_req_connecting,1678217719,3.908617,,,,true,,POST,http://20.210.36.32:8080/prediction/knn,HTTP/1.1,contacts,,200,,,http://20.210.36.32:8080/prediction/knn,,
http_req_tls_handshaking,1678217719,0.000000,,,,true,,POST,http://20.210.36.32:8080/prediction/knn,HTTP/1.1,contacts,,200,,,http://20.210.36.32:8080/prediction/knn,,
http_req_sending,1678217719,0.066600,,,,true,,POST,http://20.210.36.32:8080/prediction/knn,HTTP/1.1,contacts,,200,,,http://20.210.36.32:8080/prediction/knn,,
http_req_waiting,1678217719,1296.578778,,,,true,,POST,http://20.210.36.32:8080/prediction/knn,HTTP/1.1,contacts,,200,,,http://20.210.36.32:8080/prediction/knn,,
http_req_receiving,1678217719,17.164772,,,,true,,POST,http://20.210.36.32:8080/prediction/knn,HTTP/1.1,contacts,,200,,,http://20.210.36.32:8080/prediction/knn,,
http_req_failed,1678217719,0.000000,,,,true,,POST,http://20.210.36.32:8080/prediction/knn,HTTP/1.1,contacts,,200,,,http://20.210.36.32:8080/prediction/knn,,
responseTime,1678217719,1313.810150,,,,,,,,,contacts,,,,,,,
data_sent,1678217719,2088.000000,,,,,,,,,contacts,,,,,,,
data_received,1678217719,199.000000,,,,,,,,,contacts,,,,,,,
iteration_duration,1678217719,1318.181569,,,,,,,,,contacts,,,,,,,
iterations,1678217719,1.000000,,,,,,,,,contacts,,,,,,,
http_reqs,1678217719,1.000000,,,,true,,POST,http://20.210.36.32:8080/prediction/knn,HTTP/1.1,contacts,,200,,,http://20.210.36.32:8080/prediction/knn,,
http_req_duration,1678217719,1431.581748,,,,true,,POST,http://20.210.36.32:8080/prediction/knn,HTTP/1.1,contacts,,200,,,http://20.210.36.32:8080/prediction/knn,,
http_req_blocked,1678217719,3.745316,,,,true,,POST,http://20.210.36.32:8080/prediction/knn,HTTP/1.1,contacts,,200,,,http://20.210.36.32:8080/prediction/knn,,
http_req_connecting,1678217719,3.693116,,,,true,,POST,http://20.210.36.32:8080/prediction/knn,HTTP/1.1,contacts,,200,,,http://20.210.36.32:8080/prediction/knn,,
http_req_tls_handshaking,1678217719,0.000000,,,,true,,POST,http://20.210.36.32:8080/prediction/knn,HTTP/1.1,contacts,,200,,,http://20.210.36.32:8080/prediction/knn,,
http_req_sending,1678217719,0.052500,,,,true,,POST,http://20.210.36.32:8080/prediction/knn,HTTP/1.1,contacts,,200,,,http://20.210.36.32:8080/prediction/knn,,
http_req_waiting,1678217719,1415.148778,,,,true,,POST,http://20.210.36.32:8080/prediction/knn,HTTP/1.1,contacts,,200,,,http://20.210.36.32:8080/prediction/knn,,
http_req_receiving,1678217719,16.380470,,,,true,,POST,http://20.210.36.32:8080/prediction/knn,HTTP/1.1,contacts,,200,,,http://20.210.36.32:8080/prediction/knn,,
http_req_failed,1678217719,0.000000,,,,true,,POST,http://20.210.36.32:8080/prediction/knn,HTTP/1.1,contacts,,200,,,http://20.210.36.32:8080/prediction/knn,,
responseTime,1678217719,1431.581748,,,,,,,,,contacts,,,,,,,
data_sent,1678217719,2088.000000,,,,,,,,,contacts,,,,,,,
data_received,1678217719,199.000000,,,,,,,,,contacts,,,,,,,
iteration_duration,1678217719,1435.904766,,,,,,,,,contacts,,,,,,,
iterations,1678217719,1.000000,,,,,,,,,contacts,,,,,,,
http_reqs,1678217719,1.000000,,,,true,,POST,http://20.210.36.32:8080/prediction/knn,HTTP/1.1,contacts,,200,,,http://20.210.36.32:8080/prediction/knn,,
http_req_duration,1678217719,1298.948788,,,,true,,POST,http://20.210.36.32:8080/prediction/knn,HTTP/1.1,contacts,,200,,,http://20.210.36.32:8080/prediction/knn,,
http_req_blocked,1678217719,4.392318,,,,true,,POST,http://20.210.36.32:8080/prediction/knn,HTTP/1.1,contacts,,200,,,http://20.210.36.32:8080/prediction/knn,,
http_req_connecting,1678217719,4.317818,,,,true,,POST,http://20.210.36.32:8080/prediction/knn,HTTP/1.1,contacts,,200,,,http://20.210.36.32:8080/prediction/knn,,
http_req_tls_handshaking,1678217719,0.000000,,,,true,,POST,http://20.210.36.32:8080/prediction/knn,HTTP/1.1,contacts,,200,,,http://20.210.36.32:8080/prediction/knn,,
http_req_sending,1678217719,0.064400,,,,true,,POST,http://20.210.36.32:8080/prediction/knn,HTTP/1.1,contacts,,200,,,http://20.210.36.32:8080/prediction/knn,,
http_req_waiting,1678217719,1296.788979,,,,true,,POST,http://20.210.36.32:8080/prediction/knn,HTTP/1.1,contacts,,200,,,http://20.210.36.32:8080/prediction/knn,,
http_req_receiving,1678217719,2.095409,,,,true,,POST,http://20.210.36.32:8080/prediction/knn,HTTP/1.1,contacts,,200,,,http://20.210.36.32:8080/prediction/knn,,
http_req_failed,1678217719,0.000000,,,,true,,POST,http://20.210.36.32:8080/prediction/knn,HTTP/1.1,contacts,,200,,,http://20.210.36.32:8080/prediction/knn,,
responseTime,1678217719,1298.948788,,,,,,,,,contacts,,,,,,,
data_sent,1678217719,2088.000000,,,,,,,,,contacts,,,,,,,
data_received,1678217719,199.000000,,,,,,,,,contacts,,,,,,,
iteration_duration,1678217719,1303.866008,,,,,,,,,contacts,,,,,,,
iterations,1678217719,1.000000,,,,,,,,,contacts,,,,,,,
http_reqs,1678217719,1.000000,,,,true,,POST,http://20.210.36.32:8080/prediction/knn,HTTP/1.1,contacts,,200,,,http://20.210.36.32:8080/prediction/knn,,
http_req_duration,1678217719,1474.050827,,,,true,,POST,http://20.210.36.32:8080/prediction/knn,HTTP/1.1,contacts,,200,,,http://20.210.36.32:8080/prediction/knn,,
http_req_blocked,1678217719,4.049317,,,,true,,POST,http://20.210.36.32:8080/prediction/knn,HTTP/1.1,contacts,,200,,,http://20.210.36.32:8080/prediction/knn,,
http_req_connecting,1678217719,3.977217,,,,true,,POST,http://20.210.36.32:8080/prediction/knn,HTTP/1.1,contacts,,200,,,http://20.210.36.32:8080/prediction/knn,,
http_req_tls_handshaking,1678217719,0.000000,,,,true,,POST,http://20.210.36.32:8080/prediction/knn,HTTP/1.1,contacts,,200,,,http://20.210.36.32:8080/prediction/knn,,
http_req_sending,1678217719,0.060500,,,,true,,POST,http://20.210.36.32:8080/prediction/knn,HTTP/1.1,contacts,,200,,,http://20.210.36.32:8080/prediction/knn,,
http_req_waiting,1678217719,1459.313065,,,,true,,POST,http://20.210.36.32:8080/prediction/knn,HTTP/1.1,contacts,,200,,,http://20.210.36.32:8080/prediction/knn,,
http_req_receiving,1678217719,14.677262,,,,true,,POST,http://20.210.36.32:8080/prediction/knn,HTTP/1.1,contacts,,200,,,http://20.210.36.32:8080/prediction/knn,,
http_req_failed,1678217719,0.000000,,,,true,,POST,http://20.210.36.32:8080/prediction/knn,HTTP/1.1,contacts,,200,,,http://20.210.36.32:8080/prediction/knn,,
responseTime,1678217719,1474.050827,,,,,,,,,contacts,,,,,,,
data_sent,1678217719,2088.000000,,,,,,,,,contacts,,,,,,,
data_received,1678217719,199.000000,,,,,,,,,contacts,,,,,,,
iteration_duration,1678217719,1478.525446,,,,,,,,,contacts,,,,,,,
iterations,1678217719,1.000000,,,,,,,,,contacts,,,,,,,
http_reqs,1678217719,1.000000,,,,true,,POST,http://20.210.36.32:8080/prediction/knn,HTTP/1.1,contacts,,200,,,http://20.210.36.32:8080/prediction/knn,,
http_req_duration,1678217719,1321.188182,,,,true,,POST,http://20.210.36.32:8080/prediction/knn,HTTP/1.1,contacts,,200,,,http://20.210.36.32:8080/prediction/knn,,
http_req_blocked,1678217719,4.247518,,,,true,,POST,http://20.210.36.32:8080/prediction/knn,HTTP/1.1,contacts,,200,,,http://20.210.36.32:8080/prediction/knn,,
http_req_connecting,1678217719,4.142717,,,,true,,POST,http://20.210.36.32:8080/prediction/knn,HTTP/1.1,contacts,,200,,,http://20.210.36.32:8080/prediction/knn,,
http_req_tls_handshaking,1678217719,0.000000,,,,true,,POST,http://20.210.36.32:8080/prediction/knn,HTTP/1.1,contacts,,200,,,http://20.210.36.32:8080/prediction/knn,,
http_req_sending,1678217719,0.083201,,,,true,,POST,http://20.210.36.32:8080/prediction/knn,HTTP/1.1,contacts,,200,,,http://20.210.36.32:8080/prediction/knn,,
http_req_waiting,1678217719,1319.259573,,,,true,,POST,http://20.210.36.32:8080/prediction/knn,HTTP/1.1,contacts,,200,,,http://20.210.36.32:8080/prediction/knn,,
http_req_receiving,1678217719,1.845408,,,,true,,POST,http://20.210.36.32:8080/prediction/knn,HTTP/1.1,contacts,,200,,,http://20.210.36.32:8080/prediction/knn,,
http_req_failed,1678217719,0.000000,,,,true,,POST,http://20.210.36.32:8080/prediction/knn,HTTP/1.1,contacts,,200,,,http://20.210.36.32:8080/prediction/knn,,
responseTime,1678217719,1321.188182,,,,,,,,,contacts,,,,,,,
data_sent,1678217719,2088.000000,,,,,,,,,contacts,,,,,,,
data_received,1678217719,199.000000,,,,,,,,,contacts,,,,,,,
iteration_duration,1678217719,1326.580405,,,,,,,,,contacts,,,,,,,
iterations,1678217719,1.000000,,,,,,,,,contacts,,,,,,,
http_reqs,1678217719,1.000000,,,,true,,POST,http://20.210.36.32:8080/prediction/knn,HTTP/1.1,contacts,,200,,,http://20.210.36.32:8080/prediction/knn,,
http_req_duration,1678217719,1361.022950,,,,true,,POST,http://20.210.36.32:8080/prediction/knn,HTTP/1.1,contacts,,200,,,http://20.210.36.32:8080/prediction/knn,,
http_req_blocked,1678217719,3.796416,,,,true,,POST,http://20.210.36.32:8080/prediction/knn,HTTP/1.1,contacts,,200,,,http://20.210.36.32:8080/prediction/knn,,
http_req_connecting,1678217719,3.716516,,,,true,,POST,http://20.210.36.32:8080/prediction/knn,HTTP/1.1,contacts,,200,,,http://20.210.36.32:8080/prediction/knn,,
http_req_tls_handshaking,1678217719,0.000000,,,,true,,POST,http://20.210.36.32:8080/prediction/knn,HTTP/1.1,contacts,,200,,,http://20.210.36.32:8080/prediction/knn,,
http_req_sending,1678217719,0.080200,,,,true,,POST,http://20.210.36.32:8080/prediction/knn,HTTP/1.1,contacts,,200,,,http://20.210.36.32:8080/prediction/knn,,
http_req_waiting,1678217719,1352.526814,,,,true,,POST,http://20.210.36.32:8080/prediction/knn,HTTP/1.1,contacts,,200,,,http://20.210.36.32:8080/prediction/knn,,
http_req_receiving,1678217719,8.415936,,,,true,,POST,http://20.210.36.32:8080/prediction/knn,HTTP/1.1,contacts,,200,,,http://20.210.36.32:8080/prediction/knn,,
http_req_failed,1678217719,0.000000,,,,true,,POST,http://20.210.36.32:8080/prediction/knn,HTTP/1.1,contacts,,200,,,http://20.210.36.32:8080/prediction/knn,,
responseTime,1678217719,1361.022950,,,,,,,,,contacts,,,,,,,
data_sent,1678217719,2088.000000,,,,,,,,,contacts,,,,,,,
data_received,1678217719,199.000000,,,,,,,,,contacts,,,,,,,
iteration_duration,1678217719,1365.324268,,,,,,,,,contacts,,,,,,,
iterations,1678217719,1.000000,,,,,,,,,contacts,,,,,,,
http_reqs,1678217719,1.000000,,,,true,,POST,http://20.210.36.32:8080/prediction/knn,HTTP/1.1,contacts,,200,,,http://20.210.36.32:8080/prediction/knn,,
http_req_duration,1678217719,1401.832723,,,,true,,POST,http://20.210.36.32:8080/prediction/knn,HTTP/1.1,contacts,,200,,,http://20.210.36.32:8080/prediction/knn,,
http_req_blocked,1678217719,4.044418,,,,true,,POST,http://20.210.36.32:8080/prediction/knn,HTTP/1.1,contacts,,200,,,http://20.210.36.32:8080/prediction/knn,,
http_req_connecting,1678217719,3.981916,,,,true,,POST,http://20.210.36.32:8080/prediction/knn,HTTP/1.1,contacts,,200,,,http://20.210.36.32:8080/prediction/knn,,
http_req_tls_handshaking,1678217719,0.000000,,,,true,,POST,http://20.210.36.32:8080/prediction/knn,HTTP/1.1,contacts,,200,,,http://20.210.36.32:8080/prediction/knn,,
http_req_sending,1678217719,0.511403,,,,true,,POST,http://20.210.36.32:8080/prediction/knn,HTTP/1.1,contacts,,200,,,http://20.210.36.32:8080/prediction/knn,,
http_req_waiting,1678217719,1384.731350,,,,true,,POST,http://20.210.36.32:8080/prediction/knn,HTTP/1.1,contacts,,200,,,http://20.210.36.32:8080/prediction/knn,,
http_req_receiving,1678217719,16.589970,,,,true,,POST,http://20.210.36.32:8080/prediction/knn,HTTP/1.1,contacts,,200,,,http://20.210.36.32:8080/prediction/knn,,
http_req_failed,1678217719,0.000000,,,,true,,POST,http://20.210.36.32:8080/prediction/knn,HTTP/1.1,contacts,,200,,,http://20.210.36.32:8080/prediction/knn,,
responseTime,1678217719,1401.832723,,,,,,,,,contacts,,,,,,,
data_sent,1678217719,2088.000000,,,,,,,,,contacts,,,,,,,
data_received,1678217719,199.000000,,,,,,,,,contacts,,,,,,,
iteration_duration,1678217719,1406.418141,,,,,,,,,contacts,,,,,,,
iterations,1678217719,1.000000,,,,,,,,,contacts,,,,,,,
http_reqs,1678217719,1.000000,,,,true,,POST,http://20.210.36.32:8080/prediction/knn,HTTP/1.1,contacts,,200,,,http://20.210.36.32:8080/prediction/knn,,
http_req_duration,1678217719,1429.607240,,,,true,,POST,http://20.210.36.32:8080/prediction/knn,HTTP/1.1,contacts,,200,,,http://20.210.36.32:8080/prediction/knn,,
http_req_blocked,1678217719,5.674124,,,,true,,POST,http://20.210.36.32:8080/prediction/knn,HTTP/1.1,contacts,,200,,,http://20.210.36.32:8080/prediction/knn,,
http_req_connecting,1678217719,5.588123,,,,true,,POST,http://20.210.36.32:8080/prediction/knn,HTTP/1.1,contacts,,200,,,http://20.210.36.32:8080/prediction/knn,,
http_req_tls_handshaking,1678217719,0.000000,,,,true,,POST,http://20.210.36.32:8080/prediction/knn,HTTP/1.1,contacts,,200,,,http://20.210.36.32:8080/prediction/knn,,
http_req_sending,1678217719,0.095901,,,,true,,POST,http://20.210.36.32:8080/prediction/knn,HTTP/1.1,contacts,,200,,,http://20.210.36.32:8080/prediction/knn,,
http_req_waiting,1678217719,1429.366738,,,,true,,POST,http://20.210.36.32:8080/prediction/knn,HTTP/1.1,contacts,,200,,,http://20.210.36.32:8080/prediction/knn,,
http_req_receiving,1678217719,0.144601,,,,true,,POST,http://20.210.36.32:8080/prediction/knn,HTTP/1.1,contacts,,200,,,http://20.210.36.32:8080/prediction/knn,,
http_req_failed,1678217719,0.000000,,,,true,,POST,http://20.210.36.32:8080/prediction/knn,HTTP/1.1,contacts,,200,,,http://20.210.36.32:8080/prediction/knn,,
responseTime,1678217719,1429.607240,,,,,,,,,contacts,,,,,,,
data_sent,1678217719,2088.000000,,,,,,,,,contacts,,,,,,,
data_received,1678217719,199.000000,,,,,,,,,contacts,,,,,,,
iteration_duration,1678217719,1435.801666,,,,,,,,,contacts,,,,,,,
iterations,1678217719,1.000000,,,,,,,,,contacts,,,,,,,
http_reqs,1678217719,1.000000,,,,true,,POST,http://20.210.36.32:8080/prediction/knn,HTTP/1.1,contacts,,200,,,http://20.210.36.32:8080/prediction/knn,,
http_req_duration,1678217719,1517.523511,,,,true,,POST,http://20.210.36.32:8080/prediction/knn,HTTP/1.1,contacts,,200,,,http://20.210.36.32:8080/prediction/knn,,
http_req_blocked,1678217719,6.644028,,,,true,,POST,http://20.210.36.32:8080/prediction/knn,HTTP/1.1,contacts,,200,,,http://20.210.36.32:8080/prediction/knn,,
http_req_connecting,1678217719,6.598128,,,,true,,POST,http://20.210.36.32:8080/prediction/knn,HTTP/1.1,contacts,,200,,,http://20.210.36.32:8080/prediction/knn,,
http_req_tls_handshaking,1678217719,0.000000,,,,true,,POST,http://20.210.36.32:8080/prediction/knn,HTTP/1.1,contacts,,200,,,http://20.210.36.32:8080/prediction/knn,,
http_req_sending,1678217719,0.068901,,,,true,,POST,http://20.210.36.32:8080/prediction/knn,HTTP/1.1,contacts,,200,,,http://20.210.36.32:8080/prediction/knn,,
http_req_waiting,1678217719,1507.409468,,,,true,,POST,http://20.210.36.32:8080/prediction/knn,HTTP/1.1,contacts,,200,,,http://20.210.36.32:8080/prediction/knn,,
http_req_receiving,1678217719,10.045142,,,,true,,POST,http://20.210.36.32:8080/prediction/knn,HTTP/1.1,contacts,,200,,,http://20.210.36.32:8080/prediction/knn,,
http_req_failed,1678217719,0.000000,,,,true,,POST,http://20.210.36.32:8080/prediction/knn,HTTP/1.1,contacts,,200,,,http://20.210.36.32:8080/prediction/knn,,
responseTime,1678217719,1517.523511,,,,,,,,,contacts,,,,,,,
data_sent,1678217719,2088.000000,,,,,,,,,contacts,,,,,,,
data_received,1678217719,199.000000,,,,,,,,,contacts,,,,,,,
iteration_duration,1678217719,1524.841542,,,,,,,,,contacts,,,,,,,
iterations,1678217719,1.000000,,,,,,,,,contacts,,,,,,,
http_reqs,1678217719,1.000000,,,,true,,POST,http://20.210.36.32:8080/prediction/knn,HTTP/1.1,contacts,,200,,,http://20.210.36.32:8080/prediction/knn,,
http_req_duration,1678217719,1415.351280,,,,true,,POST,http://20.210.36.32:8080/prediction/knn,HTTP/1.1,contacts,,200,,,http://20.210.36.32:8080/prediction/knn,,
http_req_blocked,1678217719,4.192117,,,,true,,POST,http://20.210.36.32:8080/prediction/knn,HTTP/1.1,contacts,,200,,,http://20.210.36.32:8080/prediction/knn,,
http_req_connecting,1678217719,4.114617,,,,true,,POST,http://20.210.36.32:8080/prediction/knn,HTTP/1.1,contacts,,200,,,http://20.210.36.32:8080/prediction/knn,,
http_req_tls_handshaking,1678217719,0.000000,,,,true,,POST,http://20.210.36.32:8080/prediction/knn,HTTP/1.1,contacts,,200,,,http://20.210.36.32:8080/prediction/knn,,
http_req_sending,1678217719,0.048600,,,,true,,POST,http://20.210.36.32:8080/prediction/knn,HTTP/1.1,contacts,,200,,,http://20.210.36.32:8080/prediction/knn,,
http_req_waiting,1678217719,1414.785377,,,,true,,POST,http://20.210.36.32:8080/prediction/knn,HTTP/1.1,contacts,,200,,,http://20.210.36.32:8080/prediction/knn,,
http_req_receiving,1678217719,0.517303,,,,true,,POST,http://20.210.36.32:8080/prediction/knn,HTTP/1.1,contacts,,200,,,http://20.210.36.32:8080/prediction/knn,,
http_req_failed,1678217719,0.000000,,,,true,,POST,http://20.210.36.32:8080/prediction/knn,HTTP/1.1,contacts,,200,,,http://20.210.36.32:8080/prediction/knn,,
responseTime,1678217719,1415.351280,,,,,,,,,contacts,,,,,,,
data_sent,1678217719,2088.000000,,,,,,,,,contacts,,,,,,,
data_received,1678217719,199.000000,,,,,,,,,contacts,,,,,,,
iteration_duration,1678217719,1420.003299,,,,,,,,,contacts,,,,,,,
iterations,1678217719,1.000000,,,,,,,,,contacts,,,,,,,
http_reqs,1678217719,1.000000,,,,true,,POST,http://20.210.36.32:8080/prediction/knn,HTTP/1.1,contacts,,200,,,http://20.210.36.32:8080/prediction/knn,,
http_req_duration,1678217719,1448.491920,,,,true,,POST,http://20.210.36.32:8080/prediction/knn,HTTP/1.1,contacts,,200,,,http://20.210.36.32:8080/prediction/knn,,
http_req_blocked,1678217719,2.122709,,,,true,,POST,http://20.210.36.32:8080/prediction/knn,HTTP/1.1,contacts,,200,,,http://20.210.36.32:8080/prediction/knn,,
http_req_connecting,1678217719,2.059509,,,,true,,POST,http://20.210.36.32:8080/prediction/knn,HTTP/1.1,contacts,,200,,,http://20.210.36.32:8080/prediction/knn,,
http_req_tls_handshaking,1678217719,0.000000,,,,true,,POST,http://20.210.36.32:8080/prediction/knn,HTTP/1.1,contacts,,200,,,http://20.210.36.32:8080/prediction/knn,,
http_req_sending,1678217719,0.064100,,,,true,,POST,http://20.210.36.32:8080/prediction/knn,HTTP/1.1,contacts,,200,,,http://20.210.36.32:8080/prediction/knn,,
http_req_waiting,1678217719,1448.330219,,,,true,,POST,http://20.210.36.32:8080/prediction/knn,HTTP/1.1,contacts,,200,,,http://20.210.36.32:8080/prediction/knn,,
http_req_receiving,1678217719,0.097601,,,,true,,POST,http://20.210.36.32:8080/prediction/knn,HTTP/1.1,contacts,,200,,,http://20.210.36.32:8080/prediction/knn,,
http_req_failed,1678217719,0.000000,,,,true,,POST,http://20.210.36.32:8080/prediction/knn,HTTP/1.1,contacts,,200,,,http://20.210.36.32:8080/prediction/knn,,
responseTime,1678217719,1448.491920,,,,,,,,,contacts,,,,,,,
data_sent,1678217719,2088.000000,,,,,,,,,contacts,,,,,,,
data_received,1678217719,199.000000,,,,,,,,,contacts,,,,,,,
iteration_duration,1678217719,1451.610532,,,,,,,,,contacts,,,,,,,
iterations,1678217719,1.000000,,,,,,,,,contacts,,,,,,,
http_reqs,1678217719,1.000000,,,,true,,POST,http://20.210.36.32:8080/prediction/knn,HTTP/1.1,contacts,,200,,,http://20.210.36.32:8080/prediction/knn,,
http_req_duration,1678217719,1402.603225,,,,true,,POST,http://20.210.36.32:8080/prediction/knn,HTTP/1.1,contacts,,200,,,http://20.210.36.32:8080/prediction/knn,,
http_req_blocked,1678217719,3.000213,,,,true,,POST,http://20.210.36.32:8080/prediction/knn,HTTP/1.1,contacts,,200,,,http://20.210.36.32:8080/prediction/knn,,
http_req_connecting,1678217719,2.908413,,,,true,,POST,http://20.210.36.32:8080/prediction/knn,HTTP/1.1,contacts,,200,,,http://20.210.36.32:8080/prediction/knn,,
http_req_tls_handshaking,1678217719,0.000000,,,,true,,POST,http://20.210.36.32:8080/prediction/knn,HTTP/1.1,contacts,,200,,,http://20.210.36.32:8080/prediction/knn,,
http_req_sending,1678217719,0.088300,,,,true,,POST,http://20.210.36.32:8080/prediction/knn,HTTP/1.1,contacts,,200,,,http://20.210.36.32:8080/prediction/knn,,
http_req_waiting,1678217719,1396.911701,,,,true,,POST,http://20.210.36.32:8080/prediction/knn,HTTP/1.1,contacts,,200,,,http://20.210.36.32:8080/prediction/knn,,
http_req_receiving,1678217719,5.603224,,,,true,,POST,http://20.210.36.32:8080/prediction/knn,HTTP/1.1,contacts,,200,,,http://20.210.36.32:8080/prediction/knn,,
http_req_failed,1678217719,0.000000,,,,true,,POST,http://20.210.36.32:8080/prediction/knn,HTTP/1.1,contacts,,200,,,http://20.210.36.32:8080/prediction/knn,,
responseTime,1678217719,1402.603225,,,,,,,,,contacts,,,,,,,
data_sent,1678217719,2088.000000,,,,,,,,,contacts,,,,,,,
data_received,1678217719,199.000000,,,,,,,,,contacts,,,,,,,
iteration_duration,1678217719,1406.356142,,,,,,,,,contacts,,,,,,,
iterations,1678217719,1.000000,,,,,,,,,contacts,,,,,,,
http_reqs,1678217719,1.000000,,,,true,,POST,http://20.210.36.32:8080/prediction/knn,HTTP/1.1,contacts,,200,,,http://20.210.36.32:8080/prediction/knn,,
http_req_duration,1678217719,1482.832965,,,,true,,POST,http://20.210.36.32:8080/prediction/knn,HTTP/1.1,contacts,,200,,,http://20.210.36.32:8080/prediction/knn,,
http_req_blocked,1678217719,2.262409,,,,true,,POST,http://20.210.36.32:8080/prediction/knn,HTTP/1.1,contacts,,200,,,http://20.210.36.32:8080/prediction/knn,,
http_req_connecting,1678217719,2.190709,,,,true,,POST,http://20.210.36.32:8080/prediction/knn,HTTP/1.1,contacts,,200,,,http://20.210.36.32:8080/prediction/knn,,
http_req_tls_handshaking,1678217719,0.000000,,,,true,,POST,http://20.210.36.32:8080/prediction/knn,HTTP/1.1,contacts,,200,,,http://20.210.36.32:8080/prediction/knn,,
http_req_sending,1678217719,0.054500,,,,true,,POST,http://20.210.36.32:8080/prediction/knn,HTTP/1.1,contacts,,200,,,http://20.210.36.32:8080/prediction/knn,,
http_req_waiting,1678217719,1482.700164,,,,true,,POST,http://20.210.36.32:8080/prediction/knn,HTTP/1.1,contacts,,200,,,http://20.210.36.32:8080/prediction/knn,,
http_req_receiving,1678217719,0.078301,,,,true,,POST,http://20.210.36.32:8080/prediction/knn,HTTP/1.1,contacts,,200,,,http://20.210.36.32:8080/prediction/knn,,
http_req_failed,1678217719,0.000000,,,,true,,POST,http://20.210.36.32:8080/prediction/knn,HTTP/1.1,contacts,,200,,,http://20.210.36.32:8080/prediction/knn,,
responseTime,1678217719,1482.832965,,,,,,,,,contacts,,,,,,,
data_sent,1678217719,2088.000000,,,,,,,,,contacts,,,,,,,
data_received,1678217719,199.000000,,,,,,,,,contacts,,,,,,,
iteration_duration,1678217719,1485.510276,,,,,,,,,contacts,,,,,,,
iterations,1678217719,1.000000,,,,,,,,,contacts,,,,,,,
http_reqs,1678217719,1.000000,,,,true,,POST,http://20.210.36.32:8080/prediction/knn,HTTP/1.1,contacts,,200,,,http://20.210.36.32:8080/prediction/knn,,
http_req_duration,1678217719,1285.657131,,,,true,,POST,http://20.210.36.32:8080/prediction/knn,HTTP/1.1,contacts,,200,,,http://20.210.36.32:8080/prediction/knn,,
http_req_blocked,1678217719,1.967108,,,,true,,POST,http://20.210.36.32:8080/prediction/knn,HTTP/1.1,contacts,,200,,,http://20.210.36.32:8080/prediction/knn,,
http_req_connecting,1678217719,1.885808,,,,true,,POST,http://20.210.36.32:8080/prediction/knn,HTTP/1.1,contacts,,200,,,http://20.210.36.32:8080/prediction/knn,,
http_req_tls_handshaking,1678217719,0.000000,,,,true,,POST,http://20.210.36.32:8080/prediction/knn,HTTP/1.1,contacts,,200,,,http://20.210.36.32:8080/prediction/knn,,
http_req_sending,1678217719,0.059800,,,,true,,POST,http://20.210.36.32:8080/prediction/knn,HTTP/1.1,contacts,,200,,,http://20.210.36.32:8080/prediction/knn,,
http_req_waiting,1678217719,1278.556402,,,,true,,POST,http://20.210.36.32:8080/prediction/knn,HTTP/1.1,contacts,,200,,,http://20.210.36.32:8080/prediction/knn,,
http_req_receiving,1678217719,7.040929,,,,true,,POST,http://20.210.36.32:8080/prediction/knn,HTTP/1.1,contacts,,200,,,http://20.210.36.32:8080/prediction/knn,,
http_req_failed,1678217719,0.000000,,,,true,,POST,http://20.210.36.32:8080/prediction/knn,HTTP/1.1,contacts,,200,,,http://20.210.36.32:8080/prediction/knn,,
responseTime,1678217719,1285.657131,,,,,,,,,contacts,,,,,,,
data_sent,1678217719,2088.000000,,,,,,,,,contacts,,,,,,,
data_received,1678217719,199.000000,,,,,,,,,contacts,,,,,,,
iteration_duration,1678217719,1288.066541,,,,,,,,,contacts,,,,,,,
iterations,1678217719,1.000000,,,,,,,,,contacts,,,,,,,
http_reqs,1678217719,1.000000,,,,true,,POST,http://20.210.36.32:8080/prediction/knn,HTTP/1.1,contacts,,200,,,http://20.210.36.32:8080/prediction/knn,,
http_req_duration,1678217719,1432.101950,,,,true,,POST,http://20.210.36.32:8080/prediction/knn,HTTP/1.1,contacts,,200,,,http://20.210.36.32:8080/prediction/knn,,
http_req_blocked,1678217719,2.116309,,,,true,,POST,http://20.210.36.32:8080/prediction/knn,HTTP/1.1,contacts,,200,,,http://20.210.36.32:8080/prediction/knn,,
http_req_connecting,1678217719,2.070509,,,,true,,POST,http://20.210.36.32:8080/prediction/knn,HTTP/1.1,contacts,,200,,,http://20.210.36.32:8080/prediction/knn,,
http_req_tls_handshaking,1678217719,0.000000,,,,true,,POST,http://20.210.36.32:8080/prediction/knn,HTTP/1.1,contacts,,200,,,http://20.210.36.32:8080/prediction/knn,,
http_req_sending,1678217719,0.066800,,,,true,,POST,http://20.210.36.32:8080/prediction/knn,HTTP/1.1,contacts,,200,,,http://20.210.36.32:8080/prediction/knn,,
http_req_waiting,1678217719,1424.793420,,,,true,,POST,http://20.210.36.32:8080/prediction/knn,HTTP/1.1,contacts,,200,,,http://20.210.36.32:8080/prediction/knn,,
http_req_receiving,1678217719,7.241730,,,,true,,POST,http://20.210.36.32:8080/prediction/knn,HTTP/1.1,contacts,,200,,,http://20.210.36.32:8080/prediction/knn,,
http_req_failed,1678217719,0.000000,,,,true,,POST,http://20.210.36.32:8080/prediction/knn,HTTP/1.1,contacts,,200,,,http://20.210.36.32:8080/prediction/knn,,
responseTime,1678217719,1432.101950,,,,,,,,,contacts,,,,,,,
data_sent,1678217719,2088.000000,,,,,,,,,contacts,,,,,,,
data_received,1678217719,199.000000,,,,,,,,,contacts,,,,,,,
iteration_duration,1678217719,1434.728961,,,,,,,,,contacts,,,,,,,
iterations,1678217719,1.000000,,,,,,,,,contacts,,,,,,,
http_reqs,1678217719,1.000000,,,,true,,POST,http://20.210.36.32:8080/prediction/knn,HTTP/1.1,contacts,,200,,,http://20.210.36.32:8080/prediction/knn,,
http_req_duration,1678217719,1529.531561,,,,true,,POST,http://20.210.36.32:8080/prediction/knn,HTTP/1.1,contacts,,200,,,http://20.210.36.32:8080/prediction/knn,,
http_req_blocked,1678217719,2.227510,,,,true,,POST,http://20.210.36.32:8080/prediction/knn,HTTP/1.1,contacts,,200,,,http://20.210.36.32:8080/prediction/knn,,
http_req_connecting,1678217719,2.158509,,,,true,,POST,http://20.210.36.32:8080/prediction/knn,HTTP/1.1,contacts,,200,,,http://20.210.36.32:8080/prediction/knn,,
http_req_tls_handshaking,1678217719,0.000000,,,,true,,POST,http://20.210.36.32:8080/prediction/knn,HTTP/1.1,contacts,,200,,,http://20.210.36.32:8080/prediction/knn,,
http_req_sending,1678217719,0.106500,,,,true,,POST,http://20.210.36.32:8080/prediction/knn,HTTP/1.1,contacts,,200,,,http://20.210.36.32:8080/prediction/knn,,
http_req_waiting,1678217719,1529.319361,,,,true,,POST,http://20.210.36.32:8080/prediction/knn,HTTP/1.1,contacts,,200,,,http://20.210.36.32:8080/prediction/knn,,
http_req_receiving,1678217719,0.105700,,,,true,,POST,http://20.210.36.32:8080/prediction/knn,HTTP/1.1,contacts,,200,,,http://20.210.36.32:8080/prediction/knn,,
http_req_failed,1678217719,0.000000,,,,true,,POST,http://20.210.36.32:8080/prediction/knn,HTTP/1.1,contacts,,200,,,http://20.210.36.32:8080/prediction/knn,,
responseTime,1678217719,1529.531561,,,,,,,,,contacts,,,,,,,
data_sent,1678217719,2088.000000,,,,,,,,,contacts,,,,,,,
data_received,1678217719,199.000000,,,,,,,,,contacts,,,,,,,
iteration_duration,1678217719,1532.322074,,,,,,,,,contacts,,,,,,,
iterations,1678217719,1.000000,,,,,,,,,contacts,,,,,,,
http_reqs,1678217719,1.000000,,,,true,,POST,http://20.210.36.32:8080/prediction/knn,HTTP/1.1,contacts,,200,,,http://20.210.36.32:8080/prediction/knn,,
http_req_duration,1678217719,1413.067770,,,,true,,POST,http://20.210.36.32:8080/prediction/knn,HTTP/1.1,contacts,,200,,,http://20.210.36.32:8080/prediction/knn,,
http_req_blocked,1678217719,2.007408,,,,true,,POST,http://20.210.36.32:8080/prediction/knn,HTTP/1.1,contacts,,200,,,http://20.210.36.32:8080/prediction/knn,,
http_req_connecting,1678217719,1.958308,,,,true,,POST,http://20.210.36.32:8080/prediction/knn,HTTP/1.1,contacts,,200,,,http://20.210.36.32:8080/prediction/knn,,
http_req_tls_handshaking,1678217719,0.000000,,,,true,,POST,http://20.210.36.32:8080/prediction/knn,HTTP/1.1,contacts,,200,,,http://20.210.36.32:8080/prediction/knn,,
http_req_sending,1678217719,0.051500,,,,true,,POST,http://20.210.36.32:8080/prediction/knn,HTTP/1.1,contacts,,200,,,http://20.210.36.32:8080/prediction/knn,,
http_req_waiting,1678217719,1412.908469,,,,true,,POST,http://20.210.36.32:8080/prediction/knn,HTTP/1.1,contacts,,200,,,http://20.210.36.32:8080/prediction/knn,,
http_req_receiving,1678217719,0.107801,,,,true,,POST,http://20.210.36.32:8080/prediction/knn,HTTP/1.1,contacts,,200,,,http://20.210.36.32:8080/prediction/knn,,
http_req_failed,1678217719,0.000000,,,,true,,POST,http://20.210.36.32:8080/prediction/knn,HTTP/1.1,contacts,,200,,,http://20.210.36.32:8080/prediction/knn,,
responseTime,1678217719,1413.067770,,,,,,,,,contacts,,,,,,,
data_sent,1678217719,2088.000000,,,,,,,,,contacts,,,,,,,
data_received,1678217719,199.000000,,,,,,,,,contacts,,,,,,,
iteration_duration,1678217719,1415.507580,,,,,,,,,contacts,,,,,,,
iterations,1678217719,1.000000,,,,,,,,,contacts,,,,,,,
http_reqs,1678217719,1.000000,,,,true,,POST,http://20.210.36.32:8080/prediction/knn,HTTP/1.1,contacts,,200,,,http://20.210.36.32:8080/prediction/knn,,
http_req_duration,1678217719,1448.832921,,,,true,,POST,http://20.210.36.32:8080/prediction/knn,HTTP/1.1,contacts,,200,,,http://20.210.36.32:8080/prediction/knn,,
http_req_blocked,1678217719,2.117309,,,,true,,POST,http://20.210.36.32:8080/prediction/knn,HTTP/1.1,contacts,,200,,,http://20.210.36.32:8080/prediction/knn,,
http_req_connecting,1678217719,2.051509,,,,true,,POST,http://20.210.36.32:8080/prediction/knn,HTTP/1.1,contacts,,200,,,http://20.210.36.32:8080/prediction/knn,,
http_req_tls_handshaking,1678217719,0.000000,,,,true,,POST,http://20.210.36.32:8080/prediction/knn,HTTP/1.1,contacts,,200,,,http://20.210.36.32:8080/prediction/knn,,
http_req_sending,1678217719,0.064900,,,,true,,POST,http://20.210.36.32:8080/prediction/knn,HTTP/1.1,contacts,,200,,,http://20.210.36.32:8080/prediction/knn,,
http_req_waiting,1678217719,1429.108338,,,,true,,POST,http://20.210.36.32:8080/prediction/knn,HTTP/1.1,contacts,,200,,,http://20.210.36.32:8080/prediction/knn,,
http_req_receiving,1678217719,19.659683,,,,true,,POST,http://20.210.36.32:8080/prediction/knn,HTTP/1.1,contacts,,200,,,http://20.210.36.32:8080/prediction/knn,,
http_req_failed,1678217719,0.000000,,,,true,,POST,http://20.210.36.32:8080/prediction/knn,HTTP/1.1,contacts,,200,,,http://20.210.36.32:8080/prediction/knn,,
responseTime,1678217719,1448.832921,,,,,,,,,contacts,,,,,,,
data_sent,1678217719,2088.000000,,,,,,,,,contacts,,,,,,,
data_received,1678217719,199.000000,,,,,,,,,contacts,,,,,,,
iteration_duration,1678217719,1451.493132,,,,,,,,,contacts,,,,,,,
iterations,1678217719,1.000000,,,,,,,,,contacts,,,,,,,
http_reqs,1678217719,1.000000,,,,true,,POST,http://20.210.36.32:8080/prediction/knn,HTTP/1.1,contacts,,200,,,http://20.210.36.32:8080/prediction/knn,,
http_req_duration,1678217719,1637.990520,,,,true,,POST,http://20.210.36.32:8080/prediction/knn,HTTP/1.1,contacts,,200,,,http://20.210.36.32:8080/prediction/knn,,
http_req_blocked,1678217719,4.526119,,,,true,,POST,http://20.210.36.32:8080/prediction/knn,HTTP/1.1,contacts,,200,,,http://20.210.36.32:8080/prediction/knn,,
http_req_connecting,1678217719,4.461119,,,,true,,POST,http://20.210.36.32:8080/prediction/knn,HTTP/1.1,contacts,,200,,,http://20.210.36.32:8080/prediction/knn,,
http_req_tls_handshaking,1678217719,0.000000,,,,true,,POST,http://20.210.36.32:8080/prediction/knn,HTTP/1.1,contacts,,200,,,http://20.210.36.32:8080/prediction/knn,,
http_req_sending,1678217719,0.067700,,,,true,,POST,http://20.210.36.32:8080/prediction/knn,HTTP/1.1,contacts,,200,,,http://20.210.36.32:8080/prediction/knn,,
http_req_waiting,1678217719,1637.819920,,,,true,,POST,http://20.210.36.32:8080/prediction/knn,HTTP/1.1,contacts,,200,,,http://20.210.36.32:8080/prediction/knn,,
http_req_receiving,1678217719,0.102900,,,,true,,POST,http://20.210.36.32:8080/prediction/knn,HTTP/1.1,contacts,,200,,,http://20.210.36.32:8080/prediction/knn,,
http_req_failed,1678217719,0.000000,,,,true,,POST,http://20.210.36.32:8080/prediction/knn,HTTP/1.1,contacts,,200,,,http://20.210.36.32:8080/prediction/knn,,
responseTime,1678217719,1637.990520,,,,,,,,,contacts,,,,,,,
data_sent,1678217719,2088.000000,,,,,,,,,contacts,,,,,,,
data_received,1678217719,199.000000,,,,,,,,,contacts,,,,,,,
iteration_duration,1678217719,1642.967140,,,,,,,,,contacts,,,,,,,
iterations,1678217719,1.000000,,,,,,,,,contacts,,,,,,,
http_reqs,1678217719,1.000000,,,,true,,POST,http://20.210.36.32:8080/prediction/knn,HTTP/1.1,contacts,,200,,,http://20.210.36.32:8080/prediction/knn,,
http_req_duration,1678217719,1500.905340,,,,true,,POST,http://20.210.36.32:8080/prediction/knn,HTTP/1.1,contacts,,200,,,http://20.210.36.32:8080/prediction/knn,,
http_req_blocked,1678217719,2.440311,,,,true,,POST,http://20.210.36.32:8080/prediction/knn,HTTP/1.1,contacts,,200,,,http://20.210.36.32:8080/prediction/knn,,
http_req_connecting,1678217719,2.372210,,,,true,,POST,http://20.210.36.32:8080/prediction/knn,HTTP/1.1,contacts,,200,,,http://20.210.36.32:8080/prediction/knn,,
http_req_tls_handshaking,1678217719,0.000000,,,,true,,POST,http://20.210.36.32:8080/prediction/knn,HTTP/1.1,contacts,,200,,,http://20.210.36.32:8080/prediction/knn,,
http_req_sending,1678217719,0.055800,,,,true,,POST,http://20.210.36.32:8080/prediction/knn,HTTP/1.1,contacts,,200,,,http://20.210.36.32:8080/prediction/knn,,
http_req_waiting,1678217719,1500.628039,,,,true,,POST,http://20.210.36.32:8080/prediction/knn,HTTP/1.1,contacts,,200,,,http://20.210.36.32:8080/prediction/knn,,
http_req_receiving,1678217719,0.221501,,,,true,,POST,http://20.210.36.32:8080/prediction/knn,HTTP/1.1,contacts,,200,,,http://20.210.36.32:8080/prediction/knn,,
http_req_failed,1678217719,0.000000,,,,true,,POST,http://20.210.36.32:8080/prediction/knn,HTTP/1.1,contacts,,200,,,http://20.210.36.32:8080/prediction/knn,,
responseTime,1678217719,1500.905340,,,,,,,,,contacts,,,,,,,
data_sent,1678217719,2088.000000,,,,,,,,,contacts,,,,,,,
data_received,1678217719,199.000000,,,,,,,,,contacts,,,,,,,
iteration_duration,1678217719,1503.869553,,,,,,,,,contacts,,,,,,,
iterations,1678217719,1.000000,,,,,,,,,contacts,,,,,,,
http_reqs,1678217719,1.000000,,,,true,,POST,http://20.210.36.32:8080/prediction/knn,HTTP/1.1,contacts,,200,,,http://20.210.36.32:8080/prediction/knn,,
http_req_duration,1678217719,1445.824208,,,,true,,POST,http://20.210.36.32:8080/prediction/knn,HTTP/1.1,contacts,,200,,,http://20.210.36.32:8080/prediction/knn,,
http_req_blocked,1678217719,2.150609,,,,true,,POST,http://20.210.36.32:8080/prediction/knn,HTTP/1.1,contacts,,200,,,http://20.210.36.32:8080/prediction/knn,,
http_req_connecting,1678217719,2.089609,,,,true,,POST,http://20.210.36.32:8080/prediction/knn,HTTP/1.1,contacts,,200,,,http://20.210.36.32:8080/prediction/knn,,
http_req_tls_handshaking,1678217719,0.000000,,,,true,,POST,http://20.210.36.32:8080/prediction/knn,HTTP/1.1,contacts,,200,,,http://20.210.36.32:8080/prediction/knn,,
http_req_sending,1678217719,0.054600,,,,true,,POST,http://20.210.36.32:8080/prediction/knn,HTTP/1.1,contacts,,200,,,http://20.210.36.32:8080/prediction/knn,,
http_req_waiting,1678217719,1441.374289,,,,true,,POST,http://20.210.36.32:8080/prediction/knn,HTTP/1.1,contacts,,200,,,http://20.210.36.32:8080/prediction/knn,,
http_req_receiving,1678217719,4.395319,,,,true,,POST,http://20.210.36.32:8080/prediction/knn,HTTP/1.1,contacts,,200,,,http://20.210.36.32:8080/prediction/knn,,
http_req_failed,1678217719,0.000000,,,,true,,POST,http://20.210.36.32:8080/prediction/knn,HTTP/1.1,contacts,,200,,,http://20.210.36.32:8080/prediction/knn,,
responseTime,1678217719,1445.824208,,,,,,,,,contacts,,,,,,,
data_sent,1678217719,2088.000000,,,,,,,,,contacts,,,,,,,
data_received,1678217719,199.000000,,,,,,,,,contacts,,,,,,,
iteration_duration,1678217719,1448.693621,,,,,,,,,contacts,,,,,,,
iterations,1678217719,1.000000,,,,,,,,,contacts,,,,,,,
http_reqs,1678217719,1.000000,,,,true,,POST,http://20.210.36.32:8080/prediction/knn,HTTP/1.1,contacts,,200,,,http://20.210.36.32:8080/prediction/knn,,
http_req_duration,1678217719,1390.925676,,,,true,,POST,http://20.210.36.32:8080/prediction/knn,HTTP/1.1,contacts,,200,,,http://20.210.36.32:8080/prediction/knn,,
http_req_blocked,1678217719,2.204410,,,,true,,POST,http://20.210.36.32:8080/prediction/knn,HTTP/1.1,contacts,,200,,,http://20.210.36.32:8080/prediction/knn,,
http_req_connecting,1678217719,2.146710,,,,true,,POST,http://20.210.36.32:8080/prediction/knn,HTTP/1.1,contacts,,200,,,http://20.210.36.32:8080/prediction/knn,,
http_req_tls_handshaking,1678217719,0.000000,,,,true,,POST,http://20.210.36.32:8080/prediction/knn,HTTP/1.1,contacts,,200,,,http://20.210.36.32:8080/prediction/knn,,
http_req_sending,1678217719,0.055500,,,,true,,POST,http://20.210.36.32:8080/prediction/knn,HTTP/1.1,contacts,,200,,,http://20.210.36.32:8080/prediction/knn,,
http_req_waiting,1678217719,1390.419174,,,,true,,POST,http://20.210.36.32:8080/prediction/knn,HTTP/1.1,contacts,,200,,,http://20.210.36.32:8080/prediction/knn,,
http_req_receiving,1678217719,0.451002,,,,true,,POST,http://20.210.36.32:8080/prediction/knn,HTTP/1.1,contacts,,200,,,http://20.210.36.32:8080/prediction/knn,,
http_req_failed,1678217719,0.000000,,,,true,,POST,http://20.210.36.32:8080/prediction/knn,HTTP/1.1,contacts,,200,,,http://20.210.36.32:8080/prediction/knn,,
responseTime,1678217719,1390.925676,,,,,,,,,contacts,,,,,,,
data_sent,1678217719,2088.000000,,,,,,,,,contacts,,,,,,,
data_received,1678217719,199.000000,,,,,,,,,contacts,,,,,,,
iteration_duration,1678217719,1393.427987,,,,,,,,,contacts,,,,,,,
iterations,1678217719,1.000000,,,,,,,,,contacts,,,,,,,
vus,1678217719,74.000000,,,,,,,,,,,,,,,,
vus_max,1678217719,100.000000,,,,,,,,,,,,,,,,
http_reqs,1678217719,1.000000,,,,true,,POST,http://20.210.36.32:8080/prediction/knn,HTTP/1.1,contacts,,200,,,http://20.210.36.32:8080/prediction/knn,,
http_req_duration,1678217719,1613.334416,,,,true,,POST,http://20.210.36.32:8080/prediction/knn,HTTP/1.1,contacts,,200,,,http://20.210.36.32:8080/prediction/knn,,
http_req_blocked,1678217719,2.373810,,,,true,,POST,http://20.210.36.32:8080/prediction/knn,HTTP/1.1,contacts,,200,,,http://20.210.36.32:8080/prediction/knn,,
http_req_connecting,1678217719,2.280410,,,,true,,POST,http://20.210.36.32:8080/prediction/knn,HTTP/1.1,contacts,,200,,,http://20.210.36.32:8080/prediction/knn,,
http_req_tls_handshaking,1678217719,0.000000,,,,true,,POST,http://20.210.36.32:8080/prediction/knn,HTTP/1.1,contacts,,200,,,http://20.210.36.32:8080/prediction/knn,,
http_req_sending,1678217719,0.085300,,,,true,,POST,http://20.210.36.32:8080/prediction/knn,HTTP/1.1,contacts,,200,,,http://20.210.36.32:8080/prediction/knn,,
http_req_waiting,1678217719,1613.156015,,,,true,,POST,http://20.210.36.32:8080/prediction/knn,HTTP/1.1,contacts,,200,,,http://20.210.36.32:8080/prediction/knn,,
http_req_receiving,1678217719,0.093101,,,,true,,POST,http://20.210.36.32:8080/prediction/knn,HTTP/1.1,contacts,,200,,,http://20.210.36.32:8080/prediction/knn,,
http_req_failed,1678217719,0.000000,,,,true,,POST,http://20.210.36.32:8080/prediction/knn,HTTP/1.1,contacts,,200,,,http://20.210.36.32:8080/prediction/knn,,
responseTime,1678217719,1613.334416,,,,,,,,,contacts,,,,,,,
http_reqs,1678217719,1.000000,,,,true,,POST,http://20.210.36.32:8080/prediction/knn,HTTP/1.1,contacts,,200,,,http://20.210.36.32:8080/prediction/knn,,
http_req_duration,1678217719,1173.631158,,,,true,,POST,http://20.210.36.32:8080/prediction/knn,HTTP/1.1,contacts,,200,,,http://20.210.36.32:8080/prediction/knn,,
http_req_blocked,1678217719,2.149209,,,,true,,POST,http://20.210.36.32:8080/prediction/knn,HTTP/1.1,contacts,,200,,,http://20.210.36.32:8080/prediction/knn,,
http_req_connecting,1678217719,2.053209,,,,true,,POST,http://20.210.36.32:8080/prediction/knn,HTTP/1.1,contacts,,200,,,http://20.210.36.32:8080/prediction/knn,,
http_req_tls_handshaking,1678217719,0.000000,,,,true,,POST,http://20.210.36.32:8080/prediction/knn,HTTP/1.1,contacts,,200,,,http://20.210.36.32:8080/prediction/knn,,
http_req_sending,1678217719,0.083900,,,,true,,POST,http://20.210.36.32:8080/prediction/knn,HTTP/1.1,contacts,,200,,,http://20.210.36.32:8080/prediction/knn,,
http_req_waiting,1678217719,1173.462957,,,,true,,POST,http://20.210.36.32:8080/prediction/knn,HTTP/1.1,contacts,,200,,,http://20.210.36.32:8080/prediction/knn,,
http_req_receiving,1678217719,0.084301,,,,true,,POST,http://20.210.36.32:8080/prediction/knn,HTTP/1.1,contacts,,200,,,http://20.210.36.32:8080/prediction/knn,,
http_req_failed,1678217719,0.000000,,,,true,,POST,http://20.210.36.32:8080/prediction/knn,HTTP/1.1,contacts,,200,,,http://20.210.36.32:8080/prediction/knn,,
data_sent,1678217719,2088.000000,,,,,,,,,contacts,,,,,,,
data_received,1678217719,199.000000,,,,,,,,,contacts,,,,,,,
iteration_duration,1678217719,1616.179128,,,,,,,,,contacts,,,,,,,
iterations,1678217719,1.000000,,,,,,,,,contacts,,,,,,,
responseTime,1678217719,1173.631158,,,,,,,,,contacts,,,,,,,
data_sent,1678217719,2088.000000,,,,,,,,,contacts,,,,,,,
data_received,1678217719,199.000000,,,,,,,,,contacts,,,,,,,
iteration_duration,1678217719,1176.658471,,,,,,,,,contacts,,,,,,,
iterations,1678217719,1.000000,,,,,,,,,contacts,,,,,,,
http_reqs,1678217719,1.000000,,,,true,,POST,http://20.210.36.32:8080/prediction/knn,HTTP/1.1,contacts,,200,,,http://20.210.36.32:8080/prediction/knn,,
http_req_duration,1678217719,1425.676123,,,,true,,POST,http://20.210.36.32:8080/prediction/knn,HTTP/1.1,contacts,,200,,,http://20.210.36.32:8080/prediction/knn,,
http_req_blocked,1678217719,2.349910,,,,true,,POST,http://20.210.36.32:8080/prediction/knn,HTTP/1.1,contacts,,200,,,http://20.210.36.32:8080/prediction/knn,,
http_req_connecting,1678217719,2.288710,,,,true,,POST,http://20.210.36.32:8080/prediction/knn,HTTP/1.1,contacts,,200,,,http://20.210.36.32:8080/prediction/knn,,
http_req_tls_handshaking,1678217719,0.000000,,,,true,,POST,http://20.210.36.32:8080/prediction/knn,HTTP/1.1,contacts,,200,,,http://20.210.36.32:8080/prediction/knn,,
http_req_sending,1678217719,0.074900,,,,true,,POST,http://20.210.36.32:8080/prediction/knn,HTTP/1.1,contacts,,200,,,http://20.210.36.32:8080/prediction/knn,,
http_req_waiting,1678217719,1425.441622,,,,true,,POST,http://20.210.36.32:8080/prediction/knn,HTTP/1.1,contacts,,200,,,http://20.210.36.32:8080/prediction/knn,,
http_req_receiving,1678217719,0.159601,,,,true,,POST,http://20.210.36.32:8080/prediction/knn,HTTP/1.1,contacts,,200,,,http://20.210.36.32:8080/prediction/knn,,
http_req_failed,1678217719,0.000000,,,,true,,POST,http://20.210.36.32:8080/prediction/knn,HTTP/1.1,contacts,,200,,,http://20.210.36.32:8080/prediction/knn,,
http_reqs,1678217719,1.000000,,,,true,,POST,http://20.210.36.32:8080/prediction/knn,HTTP/1.1,contacts,,200,,,http://20.210.36.32:8080/prediction/knn,,
http_req_duration,1678217719,1347.273692,,,,true,,POST,http://20.210.36.32:8080/prediction/knn,HTTP/1.1,contacts,,200,,,http://20.210.36.32:8080/prediction/knn,,
http_req_blocked,1678217719,2.161809,,,,true,,POST,http://20.210.36.32:8080/prediction/knn,HTTP/1.1,contacts,,200,,,http://20.210.36.32:8080/prediction/knn,,
http_req_connecting,1678217719,2.086609,,,,true,,POST,http://20.210.36.32:8080/prediction/knn,HTTP/1.1,contacts,,200,,,http://20.210.36.32:8080/prediction/knn,,
http_req_tls_handshaking,1678217719,0.000000,,,,true,,POST,http://20.210.36.32:8080/prediction/knn,HTTP/1.1,contacts,,200,,,http://20.210.36.32:8080/prediction/knn,,
http_req_sending,1678217719,0.099201,,,,true,,POST,http://20.210.36.32:8080/prediction/knn,HTTP/1.1,contacts,,200,,,http://20.210.36.32:8080/prediction/knn,,
http_req_waiting,1678217719,1347.122391,,,,true,,POST,http://20.210.36.32:8080/prediction/knn,HTTP/1.1,contacts,,200,,,http://20.210.36.32:8080/prediction/knn,,
http_req_receiving,1678217719,0.052100,,,,true,,POST,http://20.210.36.32:8080/prediction/knn,HTTP/1.1,contacts,,200,,,http://20.210.36.32:8080/prediction/knn,,
http_req_failed,1678217719,0.000000,,,,true,,POST,http://20.210.36.32:8080/prediction/knn,HTTP/1.1,contacts,,200,,,http://20.210.36.32:8080/prediction/knn,,
responseTime,1678217719,1425.676123,,,,,,,,,contacts,,,,,,,
data_sent,1678217719,2088.000000,,,,,,,,,contacts,,,,,,,
data_received,1678217719,199.000000,,,,,,,,,contacts,,,,,,,
iteration_duration,1678217719,1428.544435,,,,,,,,,contacts,,,,,,,
iterations,1678217719,1.000000,,,,,,,,,contacts,,,,,,,
responseTime,1678217719,1347.273692,,,,,,,,,contacts,,,,,,,
data_sent,1678217719,2088.000000,,,,,,,,,contacts,,,,,,,
data_received,1678217719,199.000000,,,,,,,,,contacts,,,,,,,
iteration_duration,1678217719,1349.965703,,,,,,,,,contacts,,,,,,,
iterations,1678217719,1.000000,,,,,,,,,contacts,,,,,,,
http_reqs,1678217719,1.000000,,,,true,,POST,http://20.210.36.32:8080/prediction/knn,HTTP/1.1,contacts,,200,,,http://20.210.36.32:8080/prediction/knn,,
http_req_duration,1678217719,1458.237560,,,,true,,POST,http://20.210.36.32:8080/prediction/knn,HTTP/1.1,contacts,,200,,,http://20.210.36.32:8080/prediction/knn,,
http_req_blocked,1678217719,2.121909,,,,true,,POST,http://20.210.36.32:8080/prediction/knn,HTTP/1.1,contacts,,200,,,http://20.210.36.32:8080/prediction/knn,,
http_req_connecting,1678217719,2.043609,,,,true,,POST,http://20.210.36.32:8080/prediction/knn,HTTP/1.1,contacts,,200,,,http://20.210.36.32:8080/prediction/knn,,
http_req_tls_handshaking,1678217719,0.000000,,,,true,,POST,http://20.210.36.32:8080/prediction/knn,HTTP/1.1,contacts,,200,,,http://20.210.36.32:8080/prediction/knn,,
http_req_sending,1678217719,0.104000,,,,true,,POST,http://20.210.36.32:8080/prediction/knn,HTTP/1.1,contacts,,200,,,http://20.210.36.32:8080/prediction/knn,,
http_req_waiting,1678217719,1413.184670,,,,true,,POST,http://20.210.36.32:8080/prediction/knn,HTTP/1.1,contacts,,200,,,http://20.210.36.32:8080/prediction/knn,,
http_req_receiving,1678217719,44.948890,,,,true,,POST,http://20.210.36.32:8080/prediction/knn,HTTP/1.1,contacts,,200,,,http://20.210.36.32:8080/prediction/knn,,
http_req_failed,1678217719,0.000000,,,,true,,POST,http://20.210.36.32:8080/prediction/knn,HTTP/1.1,contacts,,200,,,http://20.210.36.32:8080/prediction/knn,,
responseTime,1678217719,1458.237560,,,,,,,,,contacts,,,,,,,
data_sent,1678217719,2088.000000,,,,,,,,,contacts,,,,,,,
data_received,1678217719,199.000000,,,,,,,,,contacts,,,,,,,
iteration_duration,1678217719,1460.703571,,,,,,,,,contacts,,,,,,,
iterations,1678217719,1.000000,,,,,,,,,contacts,,,,,,,
http_reqs,1678217719,1.000000,,,,true,,POST,http://20.210.36.32:8080/prediction/knn,HTTP/1.1,contacts,,200,,,http://20.210.36.32:8080/prediction/knn,,
http_req_duration,1678217719,1193.227241,,,,true,,POST,http://20.210.36.32:8080/prediction/knn,HTTP/1.1,contacts,,200,,,http://20.210.36.32:8080/prediction/knn,,
http_req_blocked,1678217719,2.126709,,,,true,,POST,http://20.210.36.32:8080/prediction/knn,HTTP/1.1,contacts,,200,,,http://20.210.36.32:8080/prediction/knn,,
http_req_connecting,1678217719,2.080309,,,,true,,POST,http://20.210.36.32:8080/prediction/knn,HTTP/1.1,contacts,,200,,,http://20.210.36.32:8080/prediction/knn,,
http_req_tls_handshaking,1678217719,0.000000,,,,true,,POST,http://20.210.36.32:8080/prediction/knn,HTTP/1.1,contacts,,200,,,http://20.210.36.32:8080/prediction/knn,,
http_req_sending,1678217719,0.036400,,,,true,,POST,http://20.210.36.32:8080/prediction/knn,HTTP/1.1,contacts,,200,,,http://20.210.36.32:8080/prediction/knn,,
http_req_waiting,1678217719,1192.762439,,,,true,,POST,http://20.210.36.32:8080/prediction/knn,HTTP/1.1,contacts,,200,,,http://20.210.36.32:8080/prediction/knn,,
http_req_receiving,1678217719,0.428402,,,,true,,POST,http://20.210.36.32:8080/prediction/knn,HTTP/1.1,contacts,,200,,,http://20.210.36.32:8080/prediction/knn,,
http_req_failed,1678217719,0.000000,,,,true,,POST,http://20.210.36.32:8080/prediction/knn,HTTP/1.1,contacts,,200,,,http://20.210.36.32:8080/prediction/knn,,
http_reqs,1678217719,1.000000,,,,true,,POST,http://20.210.36.32:8080/prediction/knn,HTTP/1.1,contacts,,200,,,http://20.210.36.32:8080/prediction/knn,,
http_req_duration,1678217719,1348.629297,,,,true,,POST,http://20.210.36.32:8080/prediction/knn,HTTP/1.1,contacts,,200,,,http://20.210.36.32:8080/prediction/knn,,
http_req_blocked,1678217719,2.271510,,,,true,,POST,http://20.210.36.32:8080/prediction/knn,HTTP/1.1,contacts,,200,,,http://20.210.36.32:8080/prediction/knn,,
http_req_connecting,1678217719,2.211910,,,,true,,POST,http://20.210.36.32:8080/prediction/knn,HTTP/1.1,contacts,,200,,,http://20.210.36.32:8080/prediction/knn,,
http_req_tls_handshaking,1678217719,0.000000,,,,true,,POST,http://20.210.36.32:8080/prediction/knn,HTTP/1.1,contacts,,200,,,http://20.210.36.32:8080/prediction/knn,,
http_req_sending,1678217719,0.050700,,,,true,,POST,http://20.210.36.32:8080/prediction/knn,HTTP/1.1,contacts,,200,,,http://20.210.36.32:8080/prediction/knn,,
http_req_waiting,1678217719,1348.461797,,,,true,,POST,http://20.210.36.32:8080/prediction/knn,HTTP/1.1,contacts,,200,,,http://20.210.36.32:8080/prediction/knn,,
http_req_receiving,1678217719,0.116800,,,,true,,POST,http://20.210.36.32:8080/prediction/knn,HTTP/1.1,contacts,,200,,,http://20.210.36.32:8080/prediction/knn,,
http_req_failed,1678217719,0.000000,,,,true,,POST,http://20.210.36.32:8080/prediction/knn,HTTP/1.1,contacts,,200,,,http://20.210.36.32:8080/prediction/knn,,
responseTime,1678217719,1193.227241,,,,,,,,,contacts,,,,,,,
data_sent,1678217719,2088.000000,,,,,,,,,contacts,,,,,,,
data_received,1678217719,199.000000,,,,,,,,,contacts,,,,,,,
iteration_duration,1678217719,1195.792452,,,,,,,,,contacts,,,,,,,
iterations,1678217719,1.000000,,,,,,,,,contacts,,,,,,,
responseTime,1678217719,1348.629297,,,,,,,,,contacts,,,,,,,
data_sent,1678217719,2088.000000,,,,,,,,,contacts,,,,,,,
data_received,1678217719,199.000000,,,,,,,,,contacts,,,,,,,
iteration_duration,1678217719,1352.016412,,,,,,,,,contacts,,,,,,,
iterations,1678217719,1.000000,,,,,,,,,contacts,,,,,,,
http_reqs,1678217719,1.000000,,,,true,,POST,http://20.210.36.32:8080/prediction/knn,HTTP/1.1,contacts,,200,,,http://20.210.36.32:8080/prediction/knn,,
http_req_duration,1678217719,1228.782191,,,,true,,POST,http://20.210.36.32:8080/prediction/knn,HTTP/1.1,contacts,,200,,,http://20.210.36.32:8080/prediction/knn,,
http_req_blocked,1678217719,2.194910,,,,true,,POST,http://20.210.36.32:8080/prediction/knn,HTTP/1.1,contacts,,200,,,http://20.210.36.32:8080/prediction/knn,,
http_req_connecting,1678217719,2.144409,,,,true,,POST,http://20.210.36.32:8080/prediction/knn,HTTP/1.1,contacts,,200,,,http://20.210.36.32:8080/prediction/knn,,
http_req_tls_handshaking,1678217719,0.000000,,,,true,,POST,http://20.210.36.32:8080/prediction/knn,HTTP/1.1,contacts,,200,,,http://20.210.36.32:8080/prediction/knn,,
http_req_sending,1678217719,0.053400,,,,true,,POST,http://20.210.36.32:8080/prediction/knn,HTTP/1.1,contacts,,200,,,http://20.210.36.32:8080/prediction/knn,,
http_req_waiting,1678217719,1228.634790,,,,true,,POST,http://20.210.36.32:8080/prediction/knn,HTTP/1.1,contacts,,200,,,http://20.210.36.32:8080/prediction/knn,,
http_req_receiving,1678217719,0.094001,,,,true,,POST,http://20.210.36.32:8080/prediction/knn,HTTP/1.1,contacts,,200,,,http://20.210.36.32:8080/prediction/knn,,
http_req_failed,1678217719,0.000000,,,,true,,POST,http://20.210.36.32:8080/prediction/knn,HTTP/1.1,contacts,,200,,,http://20.210.36.32:8080/prediction/knn,,
responseTime,1678217719,1228.782191,,,,,,,,,contacts,,,,,,,
data_sent,1678217719,2088.000000,,,,,,,,,contacts,,,,,,,
data_received,1678217719,199.000000,,,,,,,,,contacts,,,,,,,
iteration_duration,1678217719,1231.321501,,,,,,,,,contacts,,,,,,,
iterations,1678217719,1.000000,,,,,,,,,contacts,,,,,,,
http_reqs,1678217719,1.000000,,,,true,,POST,http://20.210.36.32:8080/prediction/knn,HTTP/1.1,contacts,,200,,,http://20.210.36.32:8080/prediction/knn,,
http_req_duration,1678217719,1248.248574,,,,true,,POST,http://20.210.36.32:8080/prediction/knn,HTTP/1.1,contacts,,200,,,http://20.210.36.32:8080/prediction/knn,,
http_req_blocked,1678217719,2.217910,,,,true,,POST,http://20.210.36.32:8080/prediction/knn,HTTP/1.1,contacts,,200,,,http://20.210.36.32:8080/prediction/knn,,
http_req_connecting,1678217719,2.123609,,,,true,,POST,http://20.210.36.32:8080/prediction/knn,HTTP/1.1,contacts,,200,,,http://20.210.36.32:8080/prediction/knn,,
http_req_tls_handshaking,1678217719,0.000000,,,,true,,POST,http://20.210.36.32:8080/prediction/knn,HTTP/1.1,contacts,,200,,,http://20.210.36.32:8080/prediction/knn,,
http_req_sending,1678217719,0.113701,,,,true,,POST,http://20.210.36.32:8080/prediction/knn,HTTP/1.1,contacts,,200,,,http://20.210.36.32:8080/prediction/knn,,
http_req_waiting,1678217719,1248.039372,,,,true,,POST,http://20.210.36.32:8080/prediction/knn,HTTP/1.1,contacts,,200,,,http://20.210.36.32:8080/prediction/knn,,
http_req_receiving,1678217719,0.095501,,,,true,,POST,http://20.210.36.32:8080/prediction/knn,HTTP/1.1,contacts,,200,,,http://20.210.36.32:8080/prediction/knn,,
http_req_failed,1678217719,0.000000,,,,true,,POST,http://20.210.36.32:8080/prediction/knn,HTTP/1.1,contacts,,200,,,http://20.210.36.32:8080/prediction/knn,,
responseTime,1678217719,1248.248574,,,,,,,,,contacts,,,,,,,
data_sent,1678217719,2088.000000,,,,,,,,,contacts,,,,,,,
data_received,1678217719,199.000000,,,,,,,,,contacts,,,,,,,
iteration_duration,1678217719,1250.785384,,,,,,,,,contacts,,,,,,,
iterations,1678217719,1.000000,,,,,,,,,contacts,,,,,,,
http_reqs,1678217719,1.000000,,,,true,,POST,http://20.210.36.32:8080/prediction/knn,HTTP/1.1,contacts,,200,,,http://20.210.36.32:8080/prediction/knn,,
http_req_duration,1678217719,1280.004207,,,,true,,POST,http://20.210.36.32:8080/prediction/knn,HTTP/1.1,contacts,,200,,,http://20.210.36.32:8080/prediction/knn,,
http_req_blocked,1678217719,2.194709,,,,true,,POST,http://20.210.36.32:8080/prediction/knn,HTTP/1.1,contacts,,200,,,http://20.210.36.32:8080/prediction/knn,,
http_req_connecting,1678217719,2.141109,,,,true,,POST,http://20.210.36.32:8080/prediction/knn,HTTP/1.1,contacts,,200,,,http://20.210.36.32:8080/prediction/knn,,
http_req_tls_handshaking,1678217719,0.000000,,,,true,,POST,http://20.210.36.32:8080/prediction/knn,HTTP/1.1,contacts,,200,,,http://20.210.36.32:8080/prediction/knn,,
http_req_sending,1678217719,0.068500,,,,true,,POST,http://20.210.36.32:8080/prediction/knn,HTTP/1.1,contacts,,200,,,http://20.210.36.32:8080/prediction/knn,,
http_req_waiting,1678217719,1279.785707,,,,true,,POST,http://20.210.36.32:8080/prediction/knn,HTTP/1.1,contacts,,200,,,http://20.210.36.32:8080/prediction/knn,,
http_req_receiving,1678217719,0.150000,,,,true,,POST,http://20.210.36.32:8080/prediction/knn,HTTP/1.1,contacts,,200,,,http://20.210.36.32:8080/prediction/knn,,
http_req_failed,1678217719,0.000000,,,,true,,POST,http://20.210.36.32:8080/prediction/knn,HTTP/1.1,contacts,,200,,,http://20.210.36.32:8080/prediction/knn,,
responseTime,1678217719,1280.004207,,,,,,,,,contacts,,,,,,,
data_sent,1678217719,2088.000000,,,,,,,,,contacts,,,,,,,
data_received,1678217719,199.000000,,,,,,,,,contacts,,,,,,,
iteration_duration,1678217719,1282.612619,,,,,,,,,contacts,,,,,,,
iterations,1678217719,1.000000,,,,,,,,,contacts,,,,,,,
http_reqs,1678217719,1.000000,,,,true,,POST,http://20.210.36.32:8080/prediction/knn,HTTP/1.1,contacts,,200,,,http://20.210.36.32:8080/prediction/knn,,
http_req_duration,1678217719,1240.069639,,,,true,,POST,http://20.210.36.32:8080/prediction/knn,HTTP/1.1,contacts,,200,,,http://20.210.36.32:8080/prediction/knn,,
http_req_blocked,1678217719,2.351810,,,,true,,POST,http://20.210.36.32:8080/prediction/knn,HTTP/1.1,contacts,,200,,,http://20.210.36.32:8080/prediction/knn,,
http_req_connecting,1678217719,2.282410,,,,true,,POST,http://20.210.36.32:8080/prediction/knn,HTTP/1.1,contacts,,200,,,http://20.210.36.32:8080/prediction/knn,,
http_req_tls_handshaking,1678217719,0.000000,,,,true,,POST,http://20.210.36.32:8080/prediction/knn,HTTP/1.1,contacts,,200,,,http://20.210.36.32:8080/prediction/knn,,
http_req_sending,1678217719,0.067700,,,,true,,POST,http://20.210.36.32:8080/prediction/knn,HTTP/1.1,contacts,,200,,,http://20.210.36.32:8080/prediction/knn,,
http_req_waiting,1678217719,1239.894238,,,,true,,POST,http://20.210.36.32:8080/prediction/knn,HTTP/1.1,contacts,,200,,,http://20.210.36.32:8080/prediction/knn,,
http_req_receiving,1678217719,0.107701,,,,true,,POST,http://20.210.36.32:8080/prediction/knn,HTTP/1.1,contacts,,200,,,http://20.210.36.32:8080/prediction/knn,,
http_req_failed,1678217719,0.000000,,,,true,,POST,http://20.210.36.32:8080/prediction/knn,HTTP/1.1,contacts,,200,,,http://20.210.36.32:8080/prediction/knn,,
responseTime,1678217719,1240.069639,,,,,,,,,contacts,,,,,,,
data_sent,1678217719,2088.000000,,,,,,,,,contacts,,,,,,,
data_received,1678217719,199.000000,,,,,,,,,contacts,,,,,,,
iteration_duration,1678217719,1242.879351,,,,,,,,,contacts,,,,,,,
iterations,1678217719,1.000000,,,,,,,,,contacts,,,,,,,
http_reqs,1678217719,1.000000,,,,true,,POST,http://20.210.36.32:8080/prediction/knn,HTTP/1.1,contacts,,200,,,http://20.210.36.32:8080/prediction/knn,,
http_req_duration,1678217719,1276.879594,,,,true,,POST,http://20.210.36.32:8080/prediction/knn,HTTP/1.1,contacts,,200,,,http://20.210.36.32:8080/prediction/knn,,
http_req_blocked,1678217719,2.182110,,,,true,,POST,http://20.210.36.32:8080/prediction/knn,HTTP/1.1,contacts,,200,,,http://20.210.36.32:8080/prediction/knn,,
http_req_connecting,1678217719,2.135209,,,,true,,POST,http://20.210.36.32:8080/prediction/knn,HTTP/1.1,contacts,,200,,,http://20.210.36.32:8080/prediction/knn,,
http_req_tls_handshaking,1678217719,0.000000,,,,true,,POST,http://20.210.36.32:8080/prediction/knn,HTTP/1.1,contacts,,200,,,http://20.210.36.32:8080/prediction/knn,,
http_req_sending,1678217719,0.044400,,,,true,,POST,http://20.210.36.32:8080/prediction/knn,HTTP/1.1,contacts,,200,,,http://20.210.36.32:8080/prediction/knn,,
http_req_waiting,1678217719,1275.610489,,,,true,,POST,http://20.210.36.32:8080/prediction/knn,HTTP/1.1,contacts,,200,,,http://20.210.36.32:8080/prediction/knn,,
http_req_receiving,1678217719,1.224705,,,,true,,POST,http://20.210.36.32:8080/prediction/knn,HTTP/1.1,contacts,,200,,,http://20.210.36.32:8080/prediction/knn,,
http_req_failed,1678217719,0.000000,,,,true,,POST,http://20.210.36.32:8080/prediction/knn,HTTP/1.1,contacts,,200,,,http://20.210.36.32:8080/prediction/knn,,
http_reqs,1678217719,1.000000,,,,true,,POST,http://20.210.36.32:8080/prediction/knn,HTTP/1.1,contacts,,200,,,http://20.210.36.32:8080/prediction/knn,,
http_req_duration,1678217719,1224.893975,,,,true,,POST,http://20.210.36.32:8080/prediction/knn,HTTP/1.1,contacts,,200,,,http://20.210.36.32:8080/prediction/knn,,
http_req_blocked,1678217719,1.991808,,,,true,,POST,http://20.210.36.32:8080/prediction/knn,HTTP/1.1,contacts,,200,,,http://20.210.36.32:8080/prediction/knn,,
http_req_connecting,1678217719,1.911008,,,,true,,POST,http://20.210.36.32:8080/prediction/knn,HTTP/1.1,contacts,,200,,,http://20.210.36.32:8080/prediction/knn,,
http_req_tls_handshaking,1678217719,0.000000,,,,true,,POST,http://20.210.36.32:8080/prediction/knn,HTTP/1.1,contacts,,200,,,http://20.210.36.32:8080/prediction/knn,,
http_req_sending,1678217719,0.057601,,,,true,,POST,http://20.210.36.32:8080/prediction/knn,HTTP/1.1,contacts,,200,,,http://20.210.36.32:8080/prediction/knn,,
http_req_waiting,1678217719,1224.746274,,,,true,,POST,http://20.210.36.32:8080/prediction/knn,HTTP/1.1,contacts,,200,,,http://20.210.36.32:8080/prediction/knn,,
http_req_receiving,1678217719,0.090100,,,,true,,POST,http://20.210.36.32:8080/prediction/knn,HTTP/1.1,contacts,,200,,,http://20.210.36.32:8080/prediction/knn,,
http_req_failed,1678217719,0.000000,,,,true,,POST,http://20.210.36.32:8080/prediction/knn,HTTP/1.1,contacts,,200,,,http://20.210.36.32:8080/prediction/knn,,
responseTime,1678217719,1224.893975,,,,,,,,,contacts,,,,,,,
data_sent,1678217719,2088.000000,,,,,,,,,contacts,,,,,,,
data_received,1678217719,199.000000,,,,,,,,,contacts,,,,,,,
iteration_duration,1678217719,1227.334485,,,,,,,,,contacts,,,,,,,
iterations,1678217719,1.000000,,,,,,,,,contacts,,,,,,,
responseTime,1678217719,1276.879594,,,,,,,,,contacts,,,,,,,
data_sent,1678217719,2088.000000,,,,,,,,,contacts,,,,,,,
data_received,1678217719,199.000000,,,,,,,,,contacts,,,,,,,
iteration_duration,1678217719,1280.261908,,,,,,,,,contacts,,,,,,,
iterations,1678217719,1.000000,,,,,,,,,contacts,,,,,,,
http_reqs,1678217719,1.000000,,,,true,,POST,http://20.210.36.32:8080/prediction/knn,HTTP/1.1,contacts,,200,,,http://20.210.36.32:8080/prediction/knn,,
http_req_duration,1678217719,1264.468142,,,,true,,POST,http://20.210.36.32:8080/prediction/knn,HTTP/1.1,contacts,,200,,,http://20.210.36.32:8080/prediction/knn,,
http_req_blocked,1678217719,2.196610,,,,true,,POST,http://20.210.36.32:8080/prediction/knn,HTTP/1.1,contacts,,200,,,http://20.210.36.32:8080/prediction/knn,,
http_req_connecting,1678217719,2.136709,,,,true,,POST,http://20.210.36.32:8080/prediction/knn,HTTP/1.1,contacts,,200,,,http://20.210.36.32:8080/prediction/knn,,
http_req_tls_handshaking,1678217719,0.000000,,,,true,,POST,http://20.210.36.32:8080/prediction/knn,HTTP/1.1,contacts,,200,,,http://20.210.36.32:8080/prediction/knn,,
http_req_sending,1678217719,0.056001,,,,true,,POST,http://20.210.36.32:8080/prediction/knn,HTTP/1.1,contacts,,200,,,http://20.210.36.32:8080/prediction/knn,,
http_req_waiting,1678217719,1264.121640,,,,true,,POST,http://20.210.36.32:8080/prediction/knn,HTTP/1.1,contacts,,200,,,http://20.210.36.32:8080/prediction/knn,,
http_req_receiving,1678217719,0.290501,,,,true,,POST,http://20.210.36.32:8080/prediction/knn,HTTP/1.1,contacts,,200,,,http://20.210.36.32:8080/prediction/knn,,
http_req_failed,1678217719,0.000000,,,,true,,POST,http://20.210.36.32:8080/prediction/knn,HTTP/1.1,contacts,,200,,,http://20.210.36.32:8080/prediction/knn,,
responseTime,1678217719,1264.468142,,,,,,,,,contacts,,,,,,,
data_sent,1678217719,2088.000000,,,,,,,,,contacts,,,,,,,
data_received,1678217719,199.000000,,,,,,,,,contacts,,,,,,,
iteration_duration,1678217719,1267.169154,,,,,,,,,contacts,,,,,,,
iterations,1678217719,1.000000,,,,,,,,,contacts,,,,,,,
http_reqs,1678217719,1.000000,,,,true,,POST,http://20.210.36.32:8080/prediction/knn,HTTP/1.1,contacts,,200,,,http://20.210.36.32:8080/prediction/knn,,
http_req_duration,1678217719,1286.356435,,,,true,,POST,http://20.210.36.32:8080/prediction/knn,HTTP/1.1,contacts,,200,,,http://20.210.36.32:8080/prediction/knn,,
http_req_blocked,1678217719,1.902908,,,,true,,POST,http://20.210.36.32:8080/prediction/knn,HTTP/1.1,contacts,,200,,,http://20.210.36.32:8080/prediction/knn,,
http_req_connecting,1678217719,1.799807,,,,true,,POST,http://20.210.36.32:8080/prediction/knn,HTTP/1.1,contacts,,200,,,http://20.210.36.32:8080/prediction/knn,,
http_req_tls_handshaking,1678217719,0.000000,,,,true,,POST,http://20.210.36.32:8080/prediction/knn,HTTP/1.1,contacts,,200,,,http://20.210.36.32:8080/prediction/knn,,
http_req_sending,1678217719,0.052701,,,,true,,POST,http://20.210.36.32:8080/prediction/knn,HTTP/1.1,contacts,,200,,,http://20.210.36.32:8080/prediction/knn,,
http_req_waiting,1678217719,1286.219334,,,,true,,POST,http://20.210.36.32:8080/prediction/knn,HTTP/1.1,contacts,,200,,,http://20.210.36.32:8080/prediction/knn,,
http_req_receiving,1678217719,0.084400,,,,true,,POST,http://20.210.36.32:8080/prediction/knn,HTTP/1.1,contacts,,200,,,http://20.210.36.32:8080/prediction/knn,,
http_req_failed,1678217719,0.000000,,,,true,,POST,http://20.210.36.32:8080/prediction/knn,HTTP/1.1,contacts,,200,,,http://20.210.36.32:8080/prediction/knn,,
responseTime,1678217719,1286.356435,,,,,,,,,contacts,,,,,,,
data_sent,1678217719,2088.000000,,,,,,,,,contacts,,,,,,,
data_received,1678217719,199.000000,,,,,,,,,contacts,,,,,,,
iteration_duration,1678217719,1288.658245,,,,,,,,,contacts,,,,,,,
iterations,1678217719,1.000000,,,,,,,,,contacts,,,,,,,
http_reqs,1678217719,1.000000,,,,true,,POST,http://20.210.36.32:8080/prediction/knn,HTTP/1.1,contacts,,200,,,http://20.210.36.32:8080/prediction/knn,,
http_req_duration,1678217719,1250.170981,,,,true,,POST,http://20.210.36.32:8080/prediction/knn,HTTP/1.1,contacts,,200,,,http://20.210.36.32:8080/prediction/knn,,
http_req_blocked,1678217719,2.150809,,,,true,,POST,http://20.210.36.32:8080/prediction/knn,HTTP/1.1,contacts,,200,,,http://20.210.36.32:8080/prediction/knn,,
http_req_connecting,1678217719,2.084509,,,,true,,POST,http://20.210.36.32:8080/prediction/knn,HTTP/1.1,contacts,,200,,,http://20.210.36.32:8080/prediction/knn,,
http_req_tls_handshaking,1678217719,0.000000,,,,true,,POST,http://20.210.36.32:8080/prediction/knn,HTTP/1.1,contacts,,200,,,http://20.210.36.32:8080/prediction/knn,,
http_req_sending,1678217719,0.058800,,,,true,,POST,http://20.210.36.32:8080/prediction/knn,HTTP/1.1,contacts,,200,,,http://20.210.36.32:8080/prediction/knn,,
http_req_waiting,1678217719,1244.969560,,,,true,,POST,http://20.210.36.32:8080/prediction/knn,HTTP/1.1,contacts,,200,,,http://20.210.36.32:8080/prediction/knn,,
http_req_receiving,1678217719,5.142621,,,,true,,POST,http://20.210.36.32:8080/prediction/knn,HTTP/1.1,contacts,,200,,,http://20.210.36.32:8080/prediction/knn,,
http_req_failed,1678217719,0.000000,,,,true,,POST,http://20.210.36.32:8080/prediction/knn,HTTP/1.1,contacts,,200,,,http://20.210.36.32:8080/prediction/knn,,
responseTime,1678217719,1250.170981,,,,,,,,,contacts,,,,,,,
data_sent,1678217719,2088.000000,,,,,,,,,contacts,,,,,,,
data_received,1678217719,199.000000,,,,,,,,,contacts,,,,,,,
iteration_duration,1678217719,1252.851293,,,,,,,,,contacts,,,,,,,
iterations,1678217719,1.000000,,,,,,,,,contacts,,,,,,,
http_reqs,1678217719,1.000000,,,,true,,POST,http://20.210.36.32:8080/prediction/knn,HTTP/1.1,contacts,,200,,,http://20.210.36.32:8080/prediction/knn,,
http_req_duration,1678217719,1355.648127,,,,true,,POST,http://20.210.36.32:8080/prediction/knn,HTTP/1.1,contacts,,200,,,http://20.210.36.32:8080/prediction/knn,,
http_req_blocked,1678217719,2.265810,,,,true,,POST,http://20.210.36.32:8080/prediction/knn,HTTP/1.1,contacts,,200,,,http://20.210.36.32:8080/prediction/knn,,
http_req_connecting,1678217719,2.201910,,,,true,,POST,http://20.210.36.32:8080/prediction/knn,HTTP/1.1,contacts,,200,,,http://20.210.36.32:8080/prediction/knn,,
http_req_tls_handshaking,1678217719,0.000000,,,,true,,POST,http://20.210.36.32:8080/prediction/knn,HTTP/1.1,contacts,,200,,,http://20.210.36.32:8080/prediction/knn,,
http_req_sending,1678217719,0.056300,,,,true,,POST,http://20.210.36.32:8080/prediction/knn,HTTP/1.1,contacts,,200,,,http://20.210.36.32:8080/prediction/knn,,
http_req_waiting,1678217719,1355.496126,,,,true,,POST,http://20.210.36.32:8080/prediction/knn,HTTP/1.1,contacts,,200,,,http://20.210.36.32:8080/prediction/knn,,
http_req_receiving,1678217719,0.095701,,,,true,,POST,http://20.210.36.32:8080/prediction/knn,HTTP/1.1,contacts,,200,,,http://20.210.36.32:8080/prediction/knn,,
http_req_failed,1678217719,0.000000,,,,true,,POST,http://20.210.36.32:8080/prediction/knn,HTTP/1.1,contacts,,200,,,http://20.210.36.32:8080/prediction/knn,,
responseTime,1678217719,1355.648127,,,,,,,,,contacts,,,,,,,
data_sent,1678217719,2088.000000,,,,,,,,,contacts,,,,,,,
data_received,1678217719,199.000000,,,,,,,,,contacts,,,,,,,
iteration_duration,1678217719,1358.378739,,,,,,,,,contacts,,,,,,,
iterations,1678217719,1.000000,,,,,,,,,contacts,,,,,,,
http_reqs,1678217719,1.000000,,,,true,,POST,http://20.210.36.32:8080/prediction/knn,HTTP/1.1,contacts,,200,,,http://20.210.36.32:8080/prediction/knn,,
http_req_duration,1678217719,1332.216428,,,,true,,POST,http://20.210.36.32:8080/prediction/knn,HTTP/1.1,contacts,,200,,,http://20.210.36.32:8080/prediction/knn,,
http_req_blocked,1678217719,4.421319,,,,true,,POST,http://20.210.36.32:8080/prediction/knn,HTTP/1.1,contacts,,200,,,http://20.210.36.32:8080/prediction/knn,,
http_req_connecting,1678217719,4.356019,,,,true,,POST,http://20.210.36.32:8080/prediction/knn,HTTP/1.1,contacts,,200,,,http://20.210.36.32:8080/prediction/knn,,
http_req_tls_handshaking,1678217719,0.000000,,,,true,,POST,http://20.210.36.32:8080/prediction/knn,HTTP/1.1,contacts,,200,,,http://20.210.36.32:8080/prediction/knn,,
http_req_sending,1678217719,0.061400,,,,true,,POST,http://20.210.36.32:8080/prediction/knn,HTTP/1.1,contacts,,200,,,http://20.210.36.32:8080/prediction/knn,,
http_req_waiting,1678217719,1332.061327,,,,true,,POST,http://20.210.36.32:8080/prediction/knn,HTTP/1.1,contacts,,200,,,http://20.210.36.32:8080/prediction/knn,,
http_req_receiving,1678217719,0.093701,,,,true,,POST,http://20.210.36.32:8080/prediction/knn,HTTP/1.1,contacts,,200,,,http://20.210.36.32:8080/prediction/knn,,
http_req_failed,1678217719,0.000000,,,,true,,POST,http://20.210.36.32:8080/prediction/knn,HTTP/1.1,contacts,,200,,,http://20.210.36.32:8080/prediction/knn,,
http_reqs,1678217719,1.000000,,,,true,,POST,http://20.210.36.32:8080/prediction/knn,HTTP/1.1,contacts,,200,,,http://20.210.36.32:8080/prediction/knn,,
http_req_duration,1678217719,1349.631302,,,,true,,POST,http://20.210.36.32:8080/prediction/knn,HTTP/1.1,contacts,,200,,,http://20.210.36.32:8080/prediction/knn,,
http_req_blocked,1678217719,4.029617,,,,true,,POST,http://20.210.36.32:8080/prediction/knn,HTTP/1.1,contacts,,200,,,http://20.210.36.32:8080/prediction/knn,,
http_req_connecting,1678217719,3.919416,,,,true,,POST,http://20.210.36.32:8080/prediction/knn,HTTP/1.1,contacts,,200,,,http://20.210.36.32:8080/prediction/knn,,
http_req_tls_handshaking,1678217719,0.000000,,,,true,,POST,http://20.210.36.32:8080/prediction/knn,HTTP/1.1,contacts,,200,,,http://20.210.36.32:8080/prediction/knn,,
http_req_sending,1678217719,0.114001,,,,true,,POST,http://20.210.36.32:8080/prediction/knn,HTTP/1.1,contacts,,200,,,http://20.210.36.32:8080/prediction/knn,,
http_req_waiting,1678217719,1349.443701,,,,true,,POST,http://20.210.36.32:8080/prediction/knn,HTTP/1.1,contacts,,200,,,http://20.210.36.32:8080/prediction/knn,,
http_req_receiving,1678217719,0.073600,,,,true,,POST,http://20.210.36.32:8080/prediction/knn,HTTP/1.1,contacts,,200,,,http://20.210.36.32:8080/prediction/knn,,
http_req_failed,1678217719,0.000000,,,,true,,POST,http://20.210.36.32:8080/prediction/knn,HTTP/1.1,contacts,,200,,,http://20.210.36.32:8080/prediction/knn,,
responseTime,1678217719,1332.216428,,,,,,,,,contacts,,,,,,,
data_sent,1678217719,2088.000000,,,,,,,,,contacts,,,,,,,
data_received,1678217719,199.000000,,,,,,,,,contacts,,,,,,,
iteration_duration,1678217719,1337.510851,,,,,,,,,contacts,,,,,,,
iterations,1678217719,1.000000,,,,,,,,,contacts,,,,,,,
responseTime,1678217719,1349.631302,,,,,,,,,contacts,,,,,,,
data_sent,1678217719,2088.000000,,,,,,,,,contacts,,,,,,,
data_received,1678217719,199.000000,,,,,,,,,contacts,,,,,,,
iteration_duration,1678217719,1354.633123,,,,,,,,,contacts,,,,,,,
iterations,1678217719,1.000000,,,,,,,,,contacts,,,,,,,
http_reqs,1678217719,1.000000,,,,true,,POST,http://20.210.36.32:8080/prediction/knn,HTTP/1.1,contacts,,200,,,http://20.210.36.32:8080/prediction/knn,,
http_req_duration,1678217719,1360.371047,,,,true,,POST,http://20.210.36.32:8080/prediction/knn,HTTP/1.1,contacts,,200,,,http://20.210.36.32:8080/prediction/knn,,
http_req_blocked,1678217719,4.245918,,,,true,,POST,http://20.210.36.32:8080/prediction/knn,HTTP/1.1,contacts,,200,,,http://20.210.36.32:8080/prediction/knn,,
http_req_connecting,1678217719,4.152918,,,,true,,POST,http://20.210.36.32:8080/prediction/knn,HTTP/1.1,contacts,,200,,,http://20.210.36.32:8080/prediction/knn,,
http_req_tls_handshaking,1678217719,0.000000,,,,true,,POST,http://20.210.36.32:8080/prediction/knn,HTTP/1.1,contacts,,200,,,http://20.210.36.32:8080/prediction/knn,,
http_req_sending,1678217719,0.062100,,,,true,,POST,http://20.210.36.32:8080/prediction/knn,HTTP/1.1,contacts,,200,,,http://20.210.36.32:8080/prediction/knn,,
http_req_waiting,1678217719,1360.187747,,,,true,,POST,http://20.210.36.32:8080/prediction/knn,HTTP/1.1,contacts,,200,,,http://20.210.36.32:8080/prediction/knn,,
http_req_receiving,1678217719,0.121200,,,,true,,POST,http://20.210.36.32:8080/prediction/knn,HTTP/1.1,contacts,,200,,,http://20.210.36.32:8080/prediction/knn,,
http_req_failed,1678217719,0.000000,,,,true,,POST,http://20.210.36.32:8080/prediction/knn,HTTP/1.1,contacts,,200,,,http://20.210.36.32:8080/prediction/knn,,
http_reqs,1678217719,1.000000,,,,true,,POST,http://20.210.36.32:8080/prediction/knn,HTTP/1.1,contacts,,200,,,http://20.210.36.32:8080/prediction/knn,,
http_req_duration,1678217719,1367.758279,,,,true,,POST,http://20.210.36.32:8080/prediction/knn,HTTP/1.1,contacts,,200,,,http://20.210.36.32:8080/prediction/knn,,
http_req_blocked,1678217719,2.193710,,,,true,,POST,http://20.210.36.32:8080/prediction/knn,HTTP/1.1,contacts,,200,,,http://20.210.36.32:8080/prediction/knn,,
http_req_connecting,1678217719,2.131009,,,,true,,POST,http://20.210.36.32:8080/prediction/knn,HTTP/1.1,contacts,,200,,,http://20.210.36.32:8080/prediction/knn,,
http_req_tls_handshaking,1678217719,0.000000,,,,true,,POST,http://20.210.36.32:8080/prediction/knn,HTTP/1.1,contacts,,200,,,http://20.210.36.32:8080/prediction/knn,,
http_req_sending,1678217719,0.053701,,,,true,,POST,http://20.210.36.32:8080/prediction/knn,HTTP/1.1,contacts,,200,,,http://20.210.36.32:8080/prediction/knn,,
http_req_waiting,1678217719,1367.613177,,,,true,,POST,http://20.210.36.32:8080/prediction/knn,HTTP/1.1,contacts,,200,,,http://20.210.36.32:8080/prediction/knn,,
http_req_receiving,1678217719,0.091401,,,,true,,POST,http://20.210.36.32:8080/prediction/knn,HTTP/1.1,contacts,,200,,,http://20.210.36.32:8080/prediction/knn,,
http_req_failed,1678217719,0.000000,,,,true,,POST,http://20.210.36.32:8080/prediction/knn,HTTP/1.1,contacts,,200,,,http://20.210.36.32:8080/prediction/knn,,
responseTime,1678217719,1360.371047,,,,,,,,,contacts,,,,,,,
data_sent,1678217719,2088.000000,,,,,,,,,contacts,,,,,,,
data_received,1678217719,199.000000,,,,,,,,,contacts,,,,,,,
iteration_duration,1678217719,1365.582469,,,,,,,,,contacts,,,,,,,
iterations,1678217719,1.000000,,,,,,,,,contacts,,,,,,,
responseTime,1678217719,1367.758279,,,,,,,,,contacts,,,,,,,
data_sent,1678217719,2088.000000,,,,,,,,,contacts,,,,,,,
data_received,1678217719,199.000000,,,,,,,,,contacts,,,,,,,
iteration_duration,1678217719,1370.404790,,,,,,,,,contacts,,,,,,,
iterations,1678217719,1.000000,,,,,,,,,contacts,,,,,,,
http_reqs,1678217719,1.000000,,,,true,,POST,http://20.210.36.32:8080/prediction/knn,HTTP/1.1,contacts,,200,,,http://20.210.36.32:8080/prediction/knn,,
http_req_duration,1678217719,1163.792316,,,,true,,POST,http://20.210.36.32:8080/prediction/knn,HTTP/1.1,contacts,,200,,,http://20.210.36.32:8080/prediction/knn,,
http_req_blocked,1678217719,4.129818,,,,true,,POST,http://20.210.36.32:8080/prediction/knn,HTTP/1.1,contacts,,200,,,http://20.210.36.32:8080/prediction/knn,,
http_req_connecting,1678217719,4.004017,,,,true,,POST,http://20.210.36.32:8080/prediction/knn,HTTP/1.1,contacts,,200,,,http://20.210.36.32:8080/prediction/knn,,
http_req_tls_handshaking,1678217719,0.000000,,,,true,,POST,http://20.210.36.32:8080/prediction/knn,HTTP/1.1,contacts,,200,,,http://20.210.36.32:8080/prediction/knn,,
http_req_sending,1678217719,0.077500,,,,true,,POST,http://20.210.36.32:8080/prediction/knn,HTTP/1.1,contacts,,200,,,http://20.210.36.32:8080/prediction/knn,,
http_req_waiting,1678217719,1163.600916,,,,true,,POST,http://20.210.36.32:8080/prediction/knn,HTTP/1.1,contacts,,200,,,http://20.210.36.32:8080/prediction/knn,,
http_req_receiving,1678217719,0.113900,,,,true,,POST,http://20.210.36.32:8080/prediction/knn,HTTP/1.1,contacts,,200,,,http://20.210.36.32:8080/prediction/knn,,
http_req_failed,1678217719,0.000000,,,,true,,POST,http://20.210.36.32:8080/prediction/knn,HTTP/1.1,contacts,,200,,,http://20.210.36.32:8080/prediction/knn,,
responseTime,1678217719,1163.792316,,,,,,,,,contacts,,,,,,,
data_sent,1678217719,2088.000000,,,,,,,,,contacts,,,,,,,
data_received,1678217719,199.000000,,,,,,,,,contacts,,,,,,,
iteration_duration,1678217719,1168.305036,,,,,,,,,contacts,,,,,,,
iterations,1678217719,1.000000,,,,,,,,,contacts,,,,,,,
http_reqs,1678217719,1.000000,,,,true,,POST,http://20.210.36.32:8080/prediction/knn,HTTP/1.1,contacts,,200,,,http://20.210.36.32:8080/prediction/knn,,
http_req_duration,1678217719,1299.428289,,,,true,,POST,http://20.210.36.32:8080/prediction/knn,HTTP/1.1,contacts,,200,,,http://20.210.36.32:8080/prediction/knn,,
http_req_blocked,1678217719,4.586920,,,,true,,POST,http://20.210.36.32:8080/prediction/knn,HTTP/1.1,contacts,,200,,,http://20.210.36.32:8080/prediction/knn,,
http_req_connecting,1678217719,4.524920,,,,true,,POST,http://20.210.36.32:8080/prediction/knn,HTTP/1.1,contacts,,200,,,http://20.210.36.32:8080/prediction/knn,,
http_req_tls_handshaking,1678217719,0.000000,,,,true,,POST,http://20.210.36.32:8080/prediction/knn,HTTP/1.1,contacts,,200,,,http://20.210.36.32:8080/prediction/knn,,
http_req_sending,1678217719,0.063500,,,,true,,POST,http://20.210.36.32:8080/prediction/knn,HTTP/1.1,contacts,,200,,,http://20.210.36.32:8080/prediction/knn,,
http_req_waiting,1678217719,1299.271389,,,,true,,POST,http://20.210.36.32:8080/prediction/knn,HTTP/1.1,contacts,,200,,,http://20.210.36.32:8080/prediction/knn,,
http_req_receiving,1678217719,0.093400,,,,true,,POST,http://20.210.36.32:8080/prediction/knn,HTTP/1.1,contacts,,200,,,http://20.210.36.32:8080/prediction/knn,,
http_req_failed,1678217719,0.000000,,,,true,,POST,http://20.210.36.32:8080/prediction/knn,HTTP/1.1,contacts,,200,,,http://20.210.36.32:8080/prediction/knn,,
http_reqs,1678217719,1.000000,,,,true,,POST,http://20.210.36.32:8080/prediction/knn,HTTP/1.1,contacts,,200,,,http://20.210.36.32:8080/prediction/knn,,
http_req_duration,1678217719,1229.350794,,,,true,,POST,http://20.210.36.32:8080/prediction/knn,HTTP/1.1,contacts,,200,,,http://20.210.36.32:8080/prediction/knn,,
http_req_blocked,1678217719,4.296018,,,,true,,POST,http://20.210.36.32:8080/prediction/knn,HTTP/1.1,contacts,,200,,,http://20.210.36.32:8080/prediction/knn,,
http_req_connecting,1678217719,4.182918,,,,true,,POST,http://20.210.36.32:8080/prediction/knn,HTTP/1.1,contacts,,200,,,http://20.210.36.32:8080/prediction/knn,,
http_req_tls_handshaking,1678217719,0.000000,,,,true,,POST,http://20.210.36.32:8080/prediction/knn,HTTP/1.1,contacts,,200,,,http://20.210.36.32:8080/prediction/knn,,
http_req_sending,1678217719,0.098400,,,,true,,POST,http://20.210.36.32:8080/prediction/knn,HTTP/1.1,contacts,,200,,,http://20.210.36.32:8080/prediction/knn,,
http_req_waiting,1678217719,1229.180593,,,,true,,POST,http://20.210.36.32:8080/prediction/knn,HTTP/1.1,contacts,,200,,,http://20.210.36.32:8080/prediction/knn,,
http_req_receiving,1678217719,0.071801,,,,true,,POST,http://20.210.36.32:8080/prediction/knn,HTTP/1.1,contacts,,200,,,http://20.210.36.32:8080/prediction/knn,,
http_req_failed,1678217719,0.000000,,,,true,,POST,http://20.210.36.32:8080/prediction/knn,HTTP/1.1,contacts,,200,,,http://20.210.36.32:8080/prediction/knn,,
responseTime,1678217719,1299.428289,,,,,,,,,contacts,,,,,,,
data_sent,1678217719,2088.000000,,,,,,,,,contacts,,,,,,,
data_received,1678217719,199.000000,,,,,,,,,contacts,,,,,,,
iteration_duration,1678217719,1304.759912,,,,,,,,,contacts,,,,,,,
iterations,1678217719,1.000000,,,,,,,,,contacts,,,,,,,
responseTime,1678217719,1229.350794,,,,,,,,,contacts,,,,,,,
data_sent,1678217719,2088.000000,,,,,,,,,contacts,,,,,,,
data_received,1678217719,199.000000,,,,,,,,,contacts,,,,,,,
iteration_duration,1678217719,1234.288715,,,,,,,,,contacts,,,,,,,
iterations,1678217719,1.000000,,,,,,,,,contacts,,,,,,,
http_reqs,1678217719,1.000000,,,,true,,POST,http://20.210.36.32:8080/prediction/knn,HTTP/1.1,contacts,,200,,,http://20.210.36.32:8080/prediction/knn,,
http_req_duration,1678217719,1322.331686,,,,true,,POST,http://20.210.36.32:8080/prediction/knn,HTTP/1.1,contacts,,200,,,http://20.210.36.32:8080/prediction/knn,,
http_req_blocked,1678217719,4.268618,,,,true,,POST,http://20.210.36.32:8080/prediction/knn,HTTP/1.1,contacts,,200,,,http://20.210.36.32:8080/prediction/knn,,
http_req_connecting,1678217719,4.210318,,,,true,,POST,http://20.210.36.32:8080/prediction/knn,HTTP/1.1,contacts,,200,,,http://20.210.36.32:8080/prediction/knn,,
http_req_tls_handshaking,1678217719,0.000000,,,,true,,POST,http://20.210.36.32:8080/prediction/knn,HTTP/1.1,contacts,,200,,,http://20.210.36.32:8080/prediction/knn,,
http_req_sending,1678217719,0.067500,,,,true,,POST,http://20.210.36.32:8080/prediction/knn,HTTP/1.1,contacts,,200,,,http://20.210.36.32:8080/prediction/knn,,
http_req_waiting,1678217719,1320.699580,,,,true,,POST,http://20.210.36.32:8080/prediction/knn,HTTP/1.1,contacts,,200,,,http://20.210.36.32:8080/prediction/knn,,
http_req_receiving,1678217719,1.564606,,,,true,,POST,http://20.210.36.32:8080/prediction/knn,HTTP/1.1,contacts,,200,,,http://20.210.36.32:8080/prediction/knn,,
http_req_failed,1678217719,0.000000,,,,true,,POST,http://20.210.36.32:8080/prediction/knn,HTTP/1.1,contacts,,200,,,http://20.210.36.32:8080/prediction/knn,,
responseTime,1678217719,1322.331686,,,,,,,,,contacts,,,,,,,
data_sent,1678217719,2088.000000,,,,,,,,,contacts,,,,,,,
data_received,1678217719,199.000000,,,,,,,,,contacts,,,,,,,
iteration_duration,1678217719,1327.150807,,,,,,,,,contacts,,,,,,,
iterations,1678217719,1.000000,,,,,,,,,contacts,,,,,,,
http_reqs,1678217719,1.000000,,,,true,,POST,http://20.210.36.32:8080/prediction/knn,HTTP/1.1,contacts,,200,,,http://20.210.36.32:8080/prediction/knn,,
http_req_duration,1678217719,1236.794425,,,,true,,POST,http://20.210.36.32:8080/prediction/knn,HTTP/1.1,contacts,,200,,,http://20.210.36.32:8080/prediction/knn,,
http_req_blocked,1678217719,4.516219,,,,true,,POST,http://20.210.36.32:8080/prediction/knn,HTTP/1.1,contacts,,200,,,http://20.210.36.32:8080/prediction/knn,,
http_req_connecting,1678217719,4.446019,,,,true,,POST,http://20.210.36.32:8080/prediction/knn,HTTP/1.1,contacts,,200,,,http://20.210.36.32:8080/prediction/knn,,
http_req_tls_handshaking,1678217719,0.000000,,,,true,,POST,http://20.210.36.32:8080/prediction/knn,HTTP/1.1,contacts,,200,,,http://20.210.36.32:8080/prediction/knn,,
http_req_sending,1678217719,0.053900,,,,true,,POST,http://20.210.36.32:8080/prediction/knn,HTTP/1.1,contacts,,200,,,http://20.210.36.32:8080/prediction/knn,,
http_req_waiting,1678217719,1234.946718,,,,true,,POST,http://20.210.36.32:8080/prediction/knn,HTTP/1.1,contacts,,200,,,http://20.210.36.32:8080/prediction/knn,,
http_req_receiving,1678217719,1.793807,,,,true,,POST,http://20.210.36.32:8080/prediction/knn,HTTP/1.1,contacts,,200,,,http://20.210.36.32:8080/prediction/knn,,
http_req_failed,1678217719,0.000000,,,,true,,POST,http://20.210.36.32:8080/prediction/knn,HTTP/1.1,contacts,,200,,,http://20.210.36.32:8080/prediction/knn,,
responseTime,1678217719,1236.794425,,,,,,,,,contacts,,,,,,,
data_sent,1678217719,2088.000000,,,,,,,,,contacts,,,,,,,
data_received,1678217719,199.000000,,,,,,,,,contacts,,,,,,,
iteration_duration,1678217719,1241.863546,,,,,,,,,contacts,,,,,,,
iterations,1678217719,1.000000,,,,,,,,,contacts,,,,,,,
http_reqs,1678217719,1.000000,,,,true,,POST,http://20.210.36.32:8080/prediction/knn,HTTP/1.1,contacts,,200,,,http://20.210.36.32:8080/prediction/knn,,
http_req_duration,1678217719,1301.690099,,,,true,,POST,http://20.210.36.32:8080/prediction/knn,HTTP/1.1,contacts,,200,,,http://20.210.36.32:8080/prediction/knn,,
http_req_blocked,1678217719,3.454815,,,,true,,POST,http://20.210.36.32:8080/prediction/knn,HTTP/1.1,contacts,,200,,,http://20.210.36.32:8080/prediction/knn,,
http_req_connecting,1678217719,3.384015,,,,true,,POST,http://20.210.36.32:8080/prediction/knn,HTTP/1.1,contacts,,200,,,http://20.210.36.32:8080/prediction/knn,,
http_req_tls_handshaking,1678217719,0.000000,,,,true,,POST,http://20.210.36.32:8080/prediction/knn,HTTP/1.1,contacts,,200,,,http://20.210.36.32:8080/prediction/knn,,
http_req_sending,1678217719,0.053100,,,,true,,POST,http://20.210.36.32:8080/prediction/knn,HTTP/1.1,contacts,,200,,,http://20.210.36.32:8080/prediction/knn,,
http_req_waiting,1678217719,1301.486098,,,,true,,POST,http://20.210.36.32:8080/prediction/knn,HTTP/1.1,contacts,,200,,,http://20.210.36.32:8080/prediction/knn,,
http_req_receiving,1678217719,0.150901,,,,true,,POST,http://20.210.36.32:8080/prediction/knn,HTTP/1.1,contacts,,200,,,http://20.210.36.32:8080/prediction/knn,,
http_req_failed,1678217719,0.000000,,,,true,,POST,http://20.210.36.32:8080/prediction/knn,HTTP/1.1,contacts,,200,,,http://20.210.36.32:8080/prediction/knn,,
responseTime,1678217719,1301.690099,,,,,,,,,contacts,,,,,,,
data_sent,1678217719,2088.000000,,,,,,,,,contacts,,,,,,,
data_received,1678217719,199.000000,,,,,,,,,contacts,,,,,,,
iteration_duration,1678217719,1305.718616,,,,,,,,,contacts,,,,,,,
iterations,1678217719,1.000000,,,,,,,,,contacts,,,,,,,
http_reqs,1678217719,1.000000,,,,true,,POST,http://20.210.36.32:8080/prediction/knn,HTTP/1.1,contacts,,200,,,http://20.210.36.32:8080/prediction/knn,,
http_req_duration,1678217719,1334.337737,,,,true,,POST,http://20.210.36.32:8080/prediction/knn,HTTP/1.1,contacts,,200,,,http://20.210.36.32:8080/prediction/knn,,
http_req_blocked,1678217719,17.207573,,,,true,,POST,http://20.210.36.32:8080/prediction/knn,HTTP/1.1,contacts,,200,,,http://20.210.36.32:8080/prediction/knn,,
http_req_connecting,1678217719,17.137673,,,,true,,POST,http://20.210.36.32:8080/prediction/knn,HTTP/1.1,contacts,,200,,,http://20.210.36.32:8080/prediction/knn,,
http_req_tls_handshaking,1678217719,0.000000,,,,true,,POST,http://20.210.36.32:8080/prediction/knn,HTTP/1.1,contacts,,200,,,http://20.210.36.32:8080/prediction/knn,,
http_req_sending,1678217719,0.049200,,,,true,,POST,http://20.210.36.32:8080/prediction/knn,HTTP/1.1,contacts,,200,,,http://20.210.36.32:8080/prediction/knn,,
http_req_waiting,1678217719,1334.091236,,,,true,,POST,http://20.210.36.32:8080/prediction/knn,HTTP/1.1,contacts,,200,,,http://20.210.36.32:8080/prediction/knn,,
http_req_receiving,1678217719,0.197301,,,,true,,POST,http://20.210.36.32:8080/prediction/knn,HTTP/1.1,contacts,,200,,,http://20.210.36.32:8080/prediction/knn,,
http_req_failed,1678217719,0.000000,,,,true,,POST,http://20.210.36.32:8080/prediction/knn,HTTP/1.1,contacts,,200,,,http://20.210.36.32:8080/prediction/knn,,
responseTime,1678217719,1334.337737,,,,,,,,,contacts,,,,,,,
data_sent,1678217719,2088.000000,,,,,,,,,contacts,,,,,,,
data_received,1678217719,199.000000,,,,,,,,,contacts,,,,,,,
iteration_duration,1678217719,1351.992911,,,,,,,,,contacts,,,,,,,
iterations,1678217719,1.000000,,,,,,,,,contacts,,,,,,,
http_reqs,1678217720,1.000000,,,,true,,POST,http://20.210.36.32:8080/prediction/knn,HTTP/1.1,contacts,,200,,,http://20.210.36.32:8080/prediction/knn,,
http_req_duration,1678217720,1363.406760,,,,true,,POST,http://20.210.36.32:8080/prediction/knn,HTTP/1.1,contacts,,200,,,http://20.210.36.32:8080/prediction/knn,,
http_req_blocked,1678217720,3.738816,,,,true,,POST,http://20.210.36.32:8080/prediction/knn,HTTP/1.1,contacts,,200,,,http://20.210.36.32:8080/prediction/knn,,
http_req_connecting,1678217720,3.681316,,,,true,,POST,http://20.210.36.32:8080/prediction/knn,HTTP/1.1,contacts,,200,,,http://20.210.36.32:8080/prediction/knn,,
http_req_tls_handshaking,1678217720,0.000000,,,,true,,POST,http://20.210.36.32:8080/prediction/knn,HTTP/1.1,contacts,,200,,,http://20.210.36.32:8080/prediction/knn,,
http_req_sending,1678217720,0.160001,,,,true,,POST,http://20.210.36.32:8080/prediction/knn,HTTP/1.1,contacts,,200,,,http://20.210.36.32:8080/prediction/knn,,
http_req_waiting,1678217720,1363.146858,,,,true,,POST,http://20.210.36.32:8080/prediction/knn,HTTP/1.1,contacts,,200,,,http://20.210.36.32:8080/prediction/knn,,
http_req_receiving,1678217720,0.099901,,,,true,,POST,http://20.210.36.32:8080/prediction/knn,HTTP/1.1,contacts,,200,,,http://20.210.36.32:8080/prediction/knn,,
http_req_failed,1678217720,0.000000,,,,true,,POST,http://20.210.36.32:8080/prediction/knn,HTTP/1.1,contacts,,200,,,http://20.210.36.32:8080/prediction/knn,,
responseTime,1678217720,1363.406760,,,,,,,,,contacts,,,,,,,
data_sent,1678217720,2088.000000,,,,,,,,,contacts,,,,,,,
data_received,1678217720,199.000000,,,,,,,,,contacts,,,,,,,
iteration_duration,1678217720,1367.631578,,,,,,,,,contacts,,,,,,,
iterations,1678217720,1.000000,,,,,,,,,contacts,,,,,,,
http_reqs,1678217720,1.000000,,,,true,,POST,http://20.210.36.32:8080/prediction/knn,HTTP/1.1,contacts,,200,,,http://20.210.36.32:8080/prediction/knn,,
http_req_duration,1678217720,1303.816908,,,,true,,POST,http://20.210.36.32:8080/prediction/knn,HTTP/1.1,contacts,,200,,,http://20.210.36.32:8080/prediction/knn,,
http_req_blocked,1678217720,4.748920,,,,true,,POST,http://20.210.36.32:8080/prediction/knn,HTTP/1.1,contacts,,200,,,http://20.210.36.32:8080/prediction/knn,,
http_req_connecting,1678217720,4.647620,,,,true,,POST,http://20.210.36.32:8080/prediction/knn,HTTP/1.1,contacts,,200,,,http://20.210.36.32:8080/prediction/knn,,
http_req_tls_handshaking,1678217720,0.000000,,,,true,,POST,http://20.210.36.32:8080/prediction/knn,HTTP/1.1,contacts,,200,,,http://20.210.36.32:8080/prediction/knn,,
http_req_sending,1678217720,0.102700,,,,true,,POST,http://20.210.36.32:8080/prediction/knn,HTTP/1.1,contacts,,200,,,http://20.210.36.32:8080/prediction/knn,,
http_req_waiting,1678217720,1303.607807,,,,true,,POST,http://20.210.36.32:8080/prediction/knn,HTTP/1.1,contacts,,200,,,http://20.210.36.32:8080/prediction/knn,,
http_req_receiving,1678217720,0.106401,,,,true,,POST,http://20.210.36.32:8080/prediction/knn,HTTP/1.1,contacts,,200,,,http://20.210.36.32:8080/prediction/knn,,
http_req_failed,1678217720,0.000000,,,,true,,POST,http://20.210.36.32:8080/prediction/knn,HTTP/1.1,contacts,,200,,,http://20.210.36.32:8080/prediction/knn,,
responseTime,1678217720,1303.816908,,,,,,,,,contacts,,,,,,,
data_sent,1678217720,2088.000000,,,,,,,,,contacts,,,,,,,
data_received,1678217720,199.000000,,,,,,,,,contacts,,,,,,,
iteration_duration,1678217720,1309.060731,,,,,,,,,contacts,,,,,,,
iterations,1678217720,1.000000,,,,,,,,,contacts,,,,,,,
http_reqs,1678217720,1.000000,,,,true,,POST,http://20.210.36.32:8080/prediction/knn,HTTP/1.1,contacts,,200,,,http://20.210.36.32:8080/prediction/knn,,
http_req_duration,1678217720,1377.689421,,,,true,,POST,http://20.210.36.32:8080/prediction/knn,HTTP/1.1,contacts,,200,,,http://20.210.36.32:8080/prediction/knn,,
http_req_blocked,1678217720,3.897916,,,,true,,POST,http://20.210.36.32:8080/prediction/knn,HTTP/1.1,contacts,,200,,,http://20.210.36.32:8080/prediction/knn,,
http_req_connecting,1678217720,3.817816,,,,true,,POST,http://20.210.36.32:8080/prediction/knn,HTTP/1.1,contacts,,200,,,http://20.210.36.32:8080/prediction/knn,,
http_req_tls_handshaking,1678217720,0.000000,,,,true,,POST,http://20.210.36.32:8080/prediction/knn,HTTP/1.1,contacts,,200,,,http://20.210.36.32:8080/prediction/knn,,
http_req_sending,1678217720,0.057901,,,,true,,POST,http://20.210.36.32:8080/prediction/knn,HTTP/1.1,contacts,,200,,,http://20.210.36.32:8080/prediction/knn,,
http_req_waiting,1678217720,1377.520819,,,,true,,POST,http://20.210.36.32:8080/prediction/knn,HTTP/1.1,contacts,,200,,,http://20.210.36.32:8080/prediction/knn,,
http_req_receiving,1678217720,0.110701,,,,true,,POST,http://20.210.36.32:8080/prediction/knn,HTTP/1.1,contacts,,200,,,http://20.210.36.32:8080/prediction/knn,,
http_req_failed,1678217720,0.000000,,,,true,,POST,http://20.210.36.32:8080/prediction/knn,HTTP/1.1,contacts,,200,,,http://20.210.36.32:8080/prediction/knn,,
responseTime,1678217720,1377.689421,,,,,,,,,contacts,,,,,,,
data_sent,1678217720,2088.000000,,,,,,,,,contacts,,,,,,,
data_received,1678217720,199.000000,,,,,,,,,contacts,,,,,,,
iteration_duration,1678217720,1382.083739,,,,,,,,,contacts,,,,,,,
iterations,1678217720,1.000000,,,,,,,,,contacts,,,,,,,
http_reqs,1678217720,1.000000,,,,true,,POST,http://20.210.36.32:8080/prediction/knn,HTTP/1.1,contacts,,200,,,http://20.210.36.32:8080/prediction/knn,,
http_req_duration,1678217720,1318.703571,,,,true,,POST,http://20.210.36.32:8080/prediction/knn,HTTP/1.1,contacts,,200,,,http://20.210.36.32:8080/prediction/knn,,
http_req_blocked,1678217720,6.046925,,,,true,,POST,http://20.210.36.32:8080/prediction/knn,HTTP/1.1,contacts,,200,,,http://20.210.36.32:8080/prediction/knn,,
http_req_connecting,1678217720,5.964325,,,,true,,POST,http://20.210.36.32:8080/prediction/knn,HTTP/1.1,contacts,,200,,,http://20.210.36.32:8080/prediction/knn,,
http_req_tls_handshaking,1678217720,0.000000,,,,true,,POST,http://20.210.36.32:8080/prediction/knn,HTTP/1.1,contacts,,200,,,http://20.210.36.32:8080/prediction/knn,,
http_req_sending,1678217720,0.069100,,,,true,,POST,http://20.210.36.32:8080/prediction/knn,HTTP/1.1,contacts,,200,,,http://20.210.36.32:8080/prediction/knn,,
http_req_waiting,1678217720,1318.545271,,,,true,,POST,http://20.210.36.32:8080/prediction/knn,HTTP/1.1,contacts,,200,,,http://20.210.36.32:8080/prediction/knn,,
http_req_receiving,1678217720,0.089200,,,,true,,POST,http://20.210.36.32:8080/prediction/knn,HTTP/1.1,contacts,,200,,,http://20.210.36.32:8080/prediction/knn,,
http_req_failed,1678217720,0.000000,,,,true,,POST,http://20.210.36.32:8080/prediction/knn,HTTP/1.1,contacts,,200,,,http://20.210.36.32:8080/prediction/knn,,
responseTime,1678217720,1318.703571,,,,,,,,,contacts,,,,,,,
data_sent,1678217720,2088.000000,,,,,,,,,contacts,,,,,,,
data_received,1678217720,199.000000,,,,,,,,,contacts,,,,,,,
iteration_duration,1678217720,1325.102898,,,,,,,,,contacts,,,,,,,
iterations,1678217720,1.000000,,,,,,,,,contacts,,,,,,,
http_reqs,1678217720,1.000000,,,,true,,POST,http://20.210.36.32:8080/prediction/knn,HTTP/1.1,contacts,,200,,,http://20.210.36.32:8080/prediction/knn,,
http_req_duration,1678217720,1297.996684,,,,true,,POST,http://20.210.36.32:8080/prediction/knn,HTTP/1.1,contacts,,200,,,http://20.210.36.32:8080/prediction/knn,,
http_req_blocked,1678217720,3.753915,,,,true,,POST,http://20.210.36.32:8080/prediction/knn,HTTP/1.1,contacts,,200,,,http://20.210.36.32:8080/prediction/knn,,
http_req_connecting,1678217720,3.668115,,,,true,,POST,http://20.210.36.32:8080/prediction/knn,HTTP/1.1,contacts,,200,,,http://20.210.36.32:8080/prediction/knn,,
http_req_tls_handshaking,1678217720,0.000000,,,,true,,POST,http://20.210.36.32:8080/prediction/knn,HTTP/1.1,contacts,,200,,,http://20.210.36.32:8080/prediction/knn,,
http_req_sending,1678217720,0.068601,,,,true,,POST,http://20.210.36.32:8080/prediction/knn,HTTP/1.1,contacts,,200,,,http://20.210.36.32:8080/prediction/knn,,
http_req_waiting,1678217720,1297.806682,,,,true,,POST,http://20.210.36.32:8080/prediction/knn,HTTP/1.1,contacts,,200,,,http://20.210.36.32:8080/prediction/knn,,
http_req_receiving,1678217720,0.121401,,,,true,,POST,http://20.210.36.32:8080/prediction/knn,HTTP/1.1,contacts,,200,,,http://20.210.36.32:8080/prediction/knn,,
http_req_failed,1678217720,0.000000,,,,true,,POST,http://20.210.36.32:8080/prediction/knn,HTTP/1.1,contacts,,200,,,http://20.210.36.32:8080/prediction/knn,,
responseTime,1678217720,1297.996684,,,,,,,,,contacts,,,,,,,
data_sent,1678217720,2088.000000,,,,,,,,,contacts,,,,,,,
data_received,1678217720,199.000000,,,,,,,,,contacts,,,,,,,
iteration_duration,1678217720,1302.567703,,,,,,,,,contacts,,,,,,,
iterations,1678217720,1.000000,,,,,,,,,contacts,,,,,,,
http_reqs,1678217720,1.000000,,,,true,,POST,http://20.210.36.32:8080/prediction/knn,HTTP/1.1,contacts,,200,,,http://20.210.36.32:8080/prediction/knn,,
http_req_duration,1678217720,1356.119629,,,,true,,POST,http://20.210.36.32:8080/prediction/knn,HTTP/1.1,contacts,,200,,,http://20.210.36.32:8080/prediction/knn,,
http_req_blocked,1678217720,3.886717,,,,true,,POST,http://20.210.36.32:8080/prediction/knn,HTTP/1.1,contacts,,200,,,http://20.210.36.32:8080/prediction/knn,,
http_req_connecting,1678217720,3.774816,,,,true,,POST,http://20.210.36.32:8080/prediction/knn,HTTP/1.1,contacts,,200,,,http://20.210.36.32:8080/prediction/knn,,
http_req_tls_handshaking,1678217720,0.000000,,,,true,,POST,http://20.210.36.32:8080/prediction/knn,HTTP/1.1,contacts,,200,,,http://20.210.36.32:8080/prediction/knn,,
http_req_sending,1678217720,0.077701,,,,true,,POST,http://20.210.36.32:8080/prediction/knn,HTTP/1.1,contacts,,200,,,http://20.210.36.32:8080/prediction/knn,,
http_req_waiting,1678217720,1342.528071,,,,true,,POST,http://20.210.36.32:8080/prediction/knn,HTTP/1.1,contacts,,200,,,http://20.210.36.32:8080/prediction/knn,,
http_req_receiving,1678217720,13.513857,,,,true,,POST,http://20.210.36.32:8080/prediction/knn,HTTP/1.1,contacts,,200,,,http://20.210.36.32:8080/prediction/knn,,
http_req_failed,1678217720,0.000000,,,,true,,POST,http://20.210.36.32:8080/prediction/knn,HTTP/1.1,contacts,,200,,,http://20.210.36.32:8080/prediction/knn,,
http_reqs,1678217720,1.000000,,,,true,,POST,http://20.210.36.32:8080/prediction/knn,HTTP/1.1,contacts,,200,,,http://20.210.36.32:8080/prediction/knn,,
http_req_duration,1678217720,1345.572685,,,,true,,POST,http://20.210.36.32:8080/prediction/knn,HTTP/1.1,contacts,,200,,,http://20.210.36.32:8080/prediction/knn,,
http_req_blocked,1678217720,3.656015,,,,true,,POST,http://20.210.36.32:8080/prediction/knn,HTTP/1.1,contacts,,200,,,http://20.210.36.32:8080/prediction/knn,,
http_req_connecting,1678217720,3.570215,,,,true,,POST,http://20.210.36.32:8080/prediction/knn,HTTP/1.1,contacts,,200,,,http://20.210.36.32:8080/prediction/knn,,
http_req_tls_handshaking,1678217720,0.000000,,,,true,,POST,http://20.210.36.32:8080/prediction/knn,HTTP/1.1,contacts,,200,,,http://20.210.36.32:8080/prediction/knn,,
http_req_sending,1678217720,0.119501,,,,true,,POST,http://20.210.36.32:8080/prediction/knn,HTTP/1.1,contacts,,200,,,http://20.210.36.32:8080/prediction/knn,,
http_req_waiting,1678217720,1345.369383,,,,true,,POST,http://20.210.36.32:8080/prediction/knn,HTTP/1.1,contacts,,200,,,http://20.210.36.32:8080/prediction/knn,,
http_req_receiving,1678217720,0.083801,,,,true,,POST,http://20.210.36.32:8080/prediction/knn,HTTP/1.1,contacts,,200,,,http://20.210.36.32:8080/prediction/knn,,
http_req_failed,1678217720,0.000000,,,,true,,POST,http://20.210.36.32:8080/prediction/knn,HTTP/1.1,contacts,,200,,,http://20.210.36.32:8080/prediction/knn,,
responseTime,1678217720,1356.119629,,,,,,,,,contacts,,,,,,,
data_sent,1678217720,2088.000000,,,,,,,,,contacts,,,,,,,
data_received,1678217720,199.000000,,,,,,,,,contacts,,,,,,,
iteration_duration,1678217720,1360.724949,,,,,,,,,contacts,,,,,,,
iterations,1678217720,1.000000,,,,,,,,,contacts,,,,,,,
responseTime,1678217720,1345.572685,,,,,,,,,contacts,,,,,,,
data_sent,1678217720,2088.000000,,,,,,,,,contacts,,,,,,,
data_received,1678217720,199.000000,,,,,,,,,contacts,,,,,,,
iteration_duration,1678217720,1350.203804,,,,,,,,,contacts,,,,,,,
iterations,1678217720,1.000000,,,,,,,,,contacts,,,,,,,
http_reqs,1678217720,1.000000,,,,true,,POST,http://20.210.36.32:8080/prediction/knn,HTTP/1.1,contacts,,200,,,http://20.210.36.32:8080/prediction/knn,,
http_req_duration,1678217720,1351.180508,,,,true,,POST,http://20.210.36.32:8080/prediction/knn,HTTP/1.1,contacts,,200,,,http://20.210.36.32:8080/prediction/knn,,
http_req_blocked,1678217720,3.735416,,,,true,,POST,http://20.210.36.32:8080/prediction/knn,HTTP/1.1,contacts,,200,,,http://20.210.36.32:8080/prediction/knn,,
http_req_connecting,1678217720,3.681316,,,,true,,POST,http://20.210.36.32:8080/prediction/knn,HTTP/1.1,contacts,,200,,,http://20.210.36.32:8080/prediction/knn,,
http_req_tls_handshaking,1678217720,0.000000,,,,true,,POST,http://20.210.36.32:8080/prediction/knn,HTTP/1.1,contacts,,200,,,http://20.210.36.32:8080/prediction/knn,,
http_req_sending,1678217720,0.057600,,,,true,,POST,http://20.210.36.32:8080/prediction/knn,HTTP/1.1,contacts,,200,,,http://20.210.36.32:8080/prediction/knn,,
http_req_waiting,1678217720,1340.198362,,,,true,,POST,http://20.210.36.32:8080/prediction/knn,HTTP/1.1,contacts,,200,,,http://20.210.36.32:8080/prediction/knn,,
http_req_receiving,1678217720,10.924546,,,,true,,POST,http://20.210.36.32:8080/prediction/knn,HTTP/1.1,contacts,,200,,,http://20.210.36.32:8080/prediction/knn,,
http_req_failed,1678217720,0.000000,,,,true,,POST,http://20.210.36.32:8080/prediction/knn,HTTP/1.1,contacts,,200,,,http://20.210.36.32:8080/prediction/knn,,
responseTime,1678217720,1351.180508,,,,,,,,,contacts,,,,,,,
data_sent,1678217720,2088.000000,,,,,,,,,contacts,,,,,,,
data_received,1678217720,199.000000,,,,,,,,,contacts,,,,,,,
iteration_duration,1678217720,1355.361626,,,,,,,,,contacts,,,,,,,
iterations,1678217720,1.000000,,,,,,,,,contacts,,,,,,,
http_reqs,1678217720,1.000000,,,,true,,POST,http://20.210.36.32:8080/prediction/knn,HTTP/1.1,contacts,,200,,,http://20.210.36.32:8080/prediction/knn,,
http_req_duration,1678217720,1357.681736,,,,true,,POST,http://20.210.36.32:8080/prediction/knn,HTTP/1.1,contacts,,200,,,http://20.210.36.32:8080/prediction/knn,,
http_req_blocked,1678217720,4.051817,,,,true,,POST,http://20.210.36.32:8080/prediction/knn,HTTP/1.1,contacts,,200,,,http://20.210.36.32:8080/prediction/knn,,
http_req_connecting,1678217720,3.998017,,,,true,,POST,http://20.210.36.32:8080/prediction/knn,HTTP/1.1,contacts,,200,,,http://20.210.36.32:8080/prediction/knn,,
http_req_tls_handshaking,1678217720,0.000000,,,,true,,POST,http://20.210.36.32:8080/prediction/knn,HTTP/1.1,contacts,,200,,,http://20.210.36.32:8080/prediction/knn,,
http_req_sending,1678217720,0.051600,,,,true,,POST,http://20.210.36.32:8080/prediction/knn,HTTP/1.1,contacts,,200,,,http://20.210.36.32:8080/prediction/knn,,
http_req_waiting,1678217720,1353.194517,,,,true,,POST,http://20.210.36.32:8080/prediction/knn,HTTP/1.1,contacts,,200,,,http://20.210.36.32:8080/prediction/knn,,
http_req_receiving,1678217720,4.435619,,,,true,,POST,http://20.210.36.32:8080/prediction/knn,HTTP/1.1,contacts,,200,,,http://20.210.36.32:8080/prediction/knn,,
http_req_failed,1678217720,0.000000,,,,true,,POST,http://20.210.36.32:8080/prediction/knn,HTTP/1.1,contacts,,200,,,http://20.210.36.32:8080/prediction/knn,,
responseTime,1678217720,1357.681736,,,,,,,,,contacts,,,,,,,
data_sent,1678217720,2088.000000,,,,,,,,,contacts,,,,,,,
data_received,1678217720,199.000000,,,,,,,,,contacts,,,,,,,
iteration_duration,1678217720,1362.213555,,,,,,,,,contacts,,,,,,,
iterations,1678217720,1.000000,,,,,,,,,contacts,,,,,,,
http_reqs,1678217720,1.000000,,,,true,,POST,http://20.210.36.32:8080/prediction/knn,HTTP/1.1,contacts,,200,,,http://20.210.36.32:8080/prediction/knn,,
http_req_duration,1678217720,1383.601845,,,,true,,POST,http://20.210.36.32:8080/prediction/knn,HTTP/1.1,contacts,,200,,,http://20.210.36.32:8080/prediction/knn,,
http_req_blocked,1678217720,3.978317,,,,true,,POST,http://20.210.36.32:8080/prediction/knn,HTTP/1.1,contacts,,200,,,http://20.210.36.32:8080/prediction/knn,,
http_req_connecting,1678217720,3.926017,,,,true,,POST,http://20.210.36.32:8080/prediction/knn,HTTP/1.1,contacts,,200,,,http://20.210.36.32:8080/prediction/knn,,
http_req_tls_handshaking,1678217720,0.000000,,,,true,,POST,http://20.210.36.32:8080/prediction/knn,HTTP/1.1,contacts,,200,,,http://20.210.36.32:8080/prediction/knn,,
http_req_sending,1678217720,0.055300,,,,true,,POST,http://20.210.36.32:8080/prediction/knn,HTTP/1.1,contacts,,200,,,http://20.210.36.32:8080/prediction/knn,,
http_req_waiting,1678217720,1365.698570,,,,true,,POST,http://20.210.36.32:8080/prediction/knn,HTTP/1.1,contacts,,200,,,http://20.210.36.32:8080/prediction/knn,,
http_req_receiving,1678217720,17.847975,,,,true,,POST,http://20.210.36.32:8080/prediction/knn,HTTP/1.1,contacts,,200,,,http://20.210.36.32:8080/prediction/knn,,
http_req_failed,1678217720,0.000000,,,,true,,POST,http://20.210.36.32:8080/prediction/knn,HTTP/1.1,contacts,,200,,,http://20.210.36.32:8080/prediction/knn,,
responseTime,1678217720,1383.601845,,,,,,,,,contacts,,,,,,,
data_sent,1678217720,2088.000000,,,,,,,,,contacts,,,,,,,
data_received,1678217720,199.000000,,,,,,,,,contacts,,,,,,,
iteration_duration,1678217720,1388.202065,,,,,,,,,contacts,,,,,,,
iterations,1678217720,1.000000,,,,,,,,,contacts,,,,,,,
http_reqs,1678217720,1.000000,,,,true,,POST,http://20.210.36.32:8080/prediction/knn,HTTP/1.1,contacts,,200,,,http://20.210.36.32:8080/prediction/knn,,
http_req_duration,1678217720,1409.740455,,,,true,,POST,http://20.210.36.32:8080/prediction/knn,HTTP/1.1,contacts,,200,,,http://20.210.36.32:8080/prediction/knn,,
http_req_blocked,1678217720,4.066317,,,,true,,POST,http://20.210.36.32:8080/prediction/knn,HTTP/1.1,contacts,,200,,,http://20.210.36.32:8080/prediction/knn,,
http_req_connecting,1678217720,3.981817,,,,true,,POST,http://20.210.36.32:8080/prediction/knn,HTTP/1.1,contacts,,200,,,http://20.210.36.32:8080/prediction/knn,,
http_req_tls_handshaking,1678217720,0.000000,,,,true,,POST,http://20.210.36.32:8080/prediction/knn,HTTP/1.1,contacts,,200,,,http://20.210.36.32:8080/prediction/knn,,
http_req_sending,1678217720,0.100100,,,,true,,POST,http://20.210.36.32:8080/prediction/knn,HTTP/1.1,contacts,,200,,,http://20.210.36.32:8080/prediction/knn,,
http_req_waiting,1678217720,1404.110532,,,,true,,POST,http://20.210.36.32:8080/prediction/knn,HTTP/1.1,contacts,,200,,,http://20.210.36.32:8080/prediction/knn,,
http_req_receiving,1678217720,5.529823,,,,true,,POST,http://20.210.36.32:8080/prediction/knn,HTTP/1.1,contacts,,200,,,http://20.210.36.32:8080/prediction/knn,,
http_req_failed,1678217720,0.000000,,,,true,,POST,http://20.210.36.32:8080/prediction/knn,HTTP/1.1,contacts,,200,,,http://20.210.36.32:8080/prediction/knn,,
responseTime,1678217720,1409.740455,,,,,,,,,contacts,,,,,,,
data_sent,1678217720,2088.000000,,,,,,,,,contacts,,,,,,,
data_received,1678217720,199.000000,,,,,,,,,contacts,,,,,,,
iteration_duration,1678217720,1414.197775,,,,,,,,,contacts,,,,,,,
iterations,1678217720,1.000000,,,,,,,,,contacts,,,,,,,
http_reqs,1678217720,1.000000,,,,true,,POST,http://20.210.36.32:8080/prediction/knn,HTTP/1.1,contacts,,200,,,http://20.210.36.32:8080/prediction/knn,,
http_req_duration,1678217720,1369.265984,,,,true,,POST,http://20.210.36.32:8080/prediction/knn,HTTP/1.1,contacts,,200,,,http://20.210.36.32:8080/prediction/knn,,
http_req_blocked,1678217720,4.087517,,,,true,,POST,http://20.210.36.32:8080/prediction/knn,HTTP/1.1,contacts,,200,,,http://20.210.36.32:8080/prediction/knn,,
http_req_connecting,1678217720,4.029317,,,,true,,POST,http://20.210.36.32:8080/prediction/knn,HTTP/1.1,contacts,,200,,,http://20.210.36.32:8080/prediction/knn,,
http_req_tls_handshaking,1678217720,0.000000,,,,true,,POST,http://20.210.36.32:8080/prediction/knn,HTTP/1.1,contacts,,200,,,http://20.210.36.32:8080/prediction/knn,,
http_req_sending,1678217720,0.073800,,,,true,,POST,http://20.210.36.32:8080/prediction/knn,HTTP/1.1,contacts,,200,,,http://20.210.36.32:8080/prediction/knn,,
http_req_waiting,1678217720,1363.967562,,,,true,,POST,http://20.210.36.32:8080/prediction/knn,HTTP/1.1,contacts,,200,,,http://20.210.36.32:8080/prediction/knn,,
http_req_receiving,1678217720,5.224622,,,,true,,POST,http://20.210.36.32:8080/prediction/knn,HTTP/1.1,contacts,,200,,,http://20.210.36.32:8080/prediction/knn,,
http_req_failed,1678217720,0.000000,,,,true,,POST,http://20.210.36.32:8080/prediction/knn,HTTP/1.1,contacts,,200,,,http://20.210.36.32:8080/prediction/knn,,
responseTime,1678217720,1369.265984,,,,,,,,,contacts,,,,,,,
data_sent,1678217720,2088.000000,,,,,,,,,contacts,,,,,,,
data_received,1678217720,199.000000,,,,,,,,,contacts,,,,,,,
iteration_duration,1678217720,1374.476307,,,,,,,,,contacts,,,,,,,
iterations,1678217720,1.000000,,,,,,,,,contacts,,,,,,,
http_reqs,1678217720,1.000000,,,,true,,POST,http://20.210.36.32:8080/prediction/knn,HTTP/1.1,contacts,,200,,,http://20.210.36.32:8080/prediction/knn,,
http_req_duration,1678217720,1369.141585,,,,true,,POST,http://20.210.36.32:8080/prediction/knn,HTTP/1.1,contacts,,200,,,http://20.210.36.32:8080/prediction/knn,,
http_req_blocked,1678217720,3.702816,,,,true,,POST,http://20.210.36.32:8080/prediction/knn,HTTP/1.1,contacts,,200,,,http://20.210.36.32:8080/prediction/knn,,
http_req_connecting,1678217720,3.630515,,,,true,,POST,http://20.210.36.32:8080/prediction/knn,HTTP/1.1,contacts,,200,,,http://20.210.36.32:8080/prediction/knn,,
http_req_tls_handshaking,1678217720,0.000000,,,,true,,POST,http://20.210.36.32:8080/prediction/knn,HTTP/1.1,contacts,,200,,,http://20.210.36.32:8080/prediction/knn,,
http_req_sending,1678217720,0.054601,,,,true,,POST,http://20.210.36.32:8080/prediction/knn,HTTP/1.1,contacts,,200,,,http://20.210.36.32:8080/prediction/knn,,
http_req_waiting,1678217720,1365.257667,,,,true,,POST,http://20.210.36.32:8080/prediction/knn,HTTP/1.1,contacts,,200,,,http://20.210.36.32:8080/prediction/knn,,
http_req_receiving,1678217720,3.829317,,,,true,,POST,http://20.210.36.32:8080/prediction/knn,HTTP/1.1,contacts,,200,,,http://20.210.36.32:8080/prediction/knn,,
http_req_failed,1678217720,0.000000,,,,true,,POST,http://20.210.36.32:8080/prediction/knn,HTTP/1.1,contacts,,200,,,http://20.210.36.32:8080/prediction/knn,,
responseTime,1678217720,1369.141585,,,,,,,,,contacts,,,,,,,
http_reqs,1678217720,1.000000,,,,true,,POST,http://20.210.36.32:8080/prediction/knn,HTTP/1.1,contacts,,200,,,http://20.210.36.32:8080/prediction/knn,,
http_req_duration,1678217720,1383.236543,,,,true,,POST,http://20.210.36.32:8080/prediction/knn,HTTP/1.1,contacts,,200,,,http://20.210.36.32:8080/prediction/knn,,
http_req_blocked,1678217720,4.163418,,,,true,,POST,http://20.210.36.32:8080/prediction/knn,HTTP/1.1,contacts,,200,,,http://20.210.36.32:8080/prediction/knn,,
http_req_connecting,1678217720,4.087818,,,,true,,POST,http://20.210.36.32:8080/prediction/knn,HTTP/1.1,contacts,,200,,,http://20.210.36.32:8080/prediction/knn,,
http_req_tls_handshaking,1678217720,0.000000,,,,true,,POST,http://20.210.36.32:8080/prediction/knn,HTTP/1.1,contacts,,200,,,http://20.210.36.32:8080/prediction/knn,,
http_req_sending,1678217720,0.069400,,,,true,,POST,http://20.210.36.32:8080/prediction/knn,HTTP/1.1,contacts,,200,,,http://20.210.36.32:8080/prediction/knn,,
http_req_waiting,1678217720,1382.730741,,,,true,,POST,http://20.210.36.32:8080/prediction/knn,HTTP/1.1,contacts,,200,,,http://20.210.36.32:8080/prediction/knn,,
http_req_receiving,1678217720,0.436402,,,,true,,POST,http://20.210.36.32:8080/prediction/knn,HTTP/1.1,contacts,,200,,,http://20.210.36.32:8080/prediction/knn,,
http_req_failed,1678217720,0.000000,,,,true,,POST,http://20.210.36.32:8080/prediction/knn,HTTP/1.1,contacts,,200,,,http://20.210.36.32:8080/prediction/knn,,
responseTime,1678217720,1383.236543,,,,,,,,,contacts,,,,,,,
data_sent,1678217720,2088.000000,,,,,,,,,contacts,,,,,,,
data_received,1678217720,199.000000,,,,,,,,,contacts,,,,,,,
iteration_duration,1678217720,1388.037164,,,,,,,,,contacts,,,,,,,
iterations,1678217720,1.000000,,,,,,,,,contacts,,,,,,,
data_sent,1678217720,2088.000000,,,,,,,,,contacts,,,,,,,
data_received,1678217720,199.000000,,,,,,,,,contacts,,,,,,,
iteration_duration,1678217720,1374.113505,,,,,,,,,contacts,,,,,,,
iterations,1678217720,1.000000,,,,,,,,,contacts,,,,,,,
http_reqs,1678217720,1.000000,,,,true,,POST,http://20.210.36.32:8080/prediction/knn,HTTP/1.1,contacts,,200,,,http://20.210.36.32:8080/prediction/knn,,
http_req_duration,1678217720,1399.189911,,,,true,,POST,http://20.210.36.32:8080/prediction/knn,HTTP/1.1,contacts,,200,,,http://20.210.36.32:8080/prediction/knn,,
http_req_blocked,1678217720,4.193517,,,,true,,POST,http://20.210.36.32:8080/prediction/knn,HTTP/1.1,contacts,,200,,,http://20.210.36.32:8080/prediction/knn,,
http_req_connecting,1678217720,4.128617,,,,true,,POST,http://20.210.36.32:8080/prediction/knn,HTTP/1.1,contacts,,200,,,http://20.210.36.32:8080/prediction/knn,,
http_req_tls_handshaking,1678217720,0.000000,,,,true,,POST,http://20.210.36.32:8080/prediction/knn,HTTP/1.1,contacts,,200,,,http://20.210.36.32:8080/prediction/knn,,
http_req_sending,1678217720,0.059000,,,,true,,POST,http://20.210.36.32:8080/prediction/knn,HTTP/1.1,contacts,,200,,,http://20.210.36.32:8080/prediction/knn,,
http_req_waiting,1678217720,1398.999311,,,,true,,POST,http://20.210.36.32:8080/prediction/knn,HTTP/1.1,contacts,,200,,,http://20.210.36.32:8080/prediction/knn,,
http_req_receiving,1678217720,0.131600,,,,true,,POST,http://20.210.36.32:8080/prediction/knn,HTTP/1.1,contacts,,200,,,http://20.210.36.32:8080/prediction/knn,,
http_req_failed,1678217720,0.000000,,,,true,,POST,http://20.210.36.32:8080/prediction/knn,HTTP/1.1,contacts,,200,,,http://20.210.36.32:8080/prediction/knn,,
responseTime,1678217720,1399.189911,,,,,,,,,contacts,,,,,,,
data_sent,1678217720,2088.000000,,,,,,,,,contacts,,,,,,,
data_received,1678217720,199.000000,,,,,,,,,contacts,,,,,,,
iteration_duration,1678217720,1403.853331,,,,,,,,,contacts,,,,,,,
iterations,1678217720,1.000000,,,,,,,,,contacts,,,,,,,
http_reqs,1678217720,1.000000,,,,true,,POST,http://20.210.36.32:8080/prediction/knn,HTTP/1.1,contacts,,200,,,http://20.210.36.32:8080/prediction/knn,,
http_req_duration,1678217720,1316.864164,,,,true,,POST,http://20.210.36.32:8080/prediction/knn,HTTP/1.1,contacts,,200,,,http://20.210.36.32:8080/prediction/knn,,
http_req_blocked,1678217720,3.758115,,,,true,,POST,http://20.210.36.32:8080/prediction/knn,HTTP/1.1,contacts,,200,,,http://20.210.36.32:8080/prediction/knn,,
http_req_connecting,1678217720,3.685615,,,,true,,POST,http://20.210.36.32:8080/prediction/knn,HTTP/1.1,contacts,,200,,,http://20.210.36.32:8080/prediction/knn,,
http_req_tls_handshaking,1678217720,0.000000,,,,true,,POST,http://20.210.36.32:8080/prediction/knn,HTTP/1.1,contacts,,200,,,http://20.210.36.32:8080/prediction/knn,,
http_req_sending,1678217720,0.079701,,,,true,,POST,http://20.210.36.32:8080/prediction/knn,HTTP/1.1,contacts,,200,,,http://20.210.36.32:8080/prediction/knn,,
http_req_waiting,1678217720,1316.339961,,,,true,,POST,http://20.210.36.32:8080/prediction/knn,HTTP/1.1,contacts,,200,,,http://20.210.36.32:8080/prediction/knn,,
http_req_receiving,1678217720,0.444502,,,,true,,POST,http://20.210.36.32:8080/prediction/knn,HTTP/1.1,contacts,,200,,,http://20.210.36.32:8080/prediction/knn,,
http_req_failed,1678217720,0.000000,,,,true,,POST,http://20.210.36.32:8080/prediction/knn,HTTP/1.1,contacts,,200,,,http://20.210.36.32:8080/prediction/knn,,
responseTime,1678217720,1316.864164,,,,,,,,,contacts,,,,,,,
data_sent,1678217720,2088.000000,,,,,,,,,contacts,,,,,,,
data_received,1678217720,199.000000,,,,,,,,,contacts,,,,,,,
iteration_duration,1678217720,1320.889380,,,,,,,,,contacts,,,,,,,
iterations,1678217720,1.000000,,,,,,,,,contacts,,,,,,,
http_reqs,1678217720,1.000000,,,,true,,POST,http://20.210.36.32:8080/prediction/knn,HTTP/1.1,contacts,,200,,,http://20.210.36.32:8080/prediction/knn,,
http_req_duration,1678217720,1348.319596,,,,true,,POST,http://20.210.36.32:8080/prediction/knn,HTTP/1.1,contacts,,200,,,http://20.210.36.32:8080/prediction/knn,,
http_req_blocked,1678217720,3.911116,,,,true,,POST,http://20.210.36.32:8080/prediction/knn,HTTP/1.1,contacts,,200,,,http://20.210.36.32:8080/prediction/knn,,
http_req_connecting,1678217720,3.847116,,,,true,,POST,http://20.210.36.32:8080/prediction/knn,HTTP/1.1,contacts,,200,,,http://20.210.36.32:8080/prediction/knn,,
http_req_tls_handshaking,1678217720,0.000000,,,,true,,POST,http://20.210.36.32:8080/prediction/knn,HTTP/1.1,contacts,,200,,,http://20.210.36.32:8080/prediction/knn,,
http_req_sending,1678217720,0.048800,,,,true,,POST,http://20.210.36.32:8080/prediction/knn,HTTP/1.1,contacts,,200,,,http://20.210.36.32:8080/prediction/knn,,
http_req_waiting,1678217720,1348.205596,,,,true,,POST,http://20.210.36.32:8080/prediction/knn,HTTP/1.1,contacts,,200,,,http://20.210.36.32:8080/prediction/knn,,
http_req_receiving,1678217720,0.065200,,,,true,,POST,http://20.210.36.32:8080/prediction/knn,HTTP/1.1,contacts,,200,,,http://20.210.36.32:8080/prediction/knn,,
http_req_failed,1678217720,0.000000,,,,true,,POST,http://20.210.36.32:8080/prediction/knn,HTTP/1.1,contacts,,200,,,http://20.210.36.32:8080/prediction/knn,,
responseTime,1678217720,1348.319596,,,,,,,,,contacts,,,,,,,
data_sent,1678217720,2088.000000,,,,,,,,,contacts,,,,,,,
data_received,1678217720,199.000000,,,,,,,,,contacts,,,,,,,
iteration_duration,1678217720,1352.743615,,,,,,,,,contacts,,,,,,,
iterations,1678217720,1.000000,,,,,,,,,contacts,,,,,,,
http_reqs,1678217720,1.000000,,,,true,,POST,http://20.210.36.32:8080/prediction/knn,HTTP/1.1,contacts,,200,,,http://20.210.36.32:8080/prediction/knn,,
http_req_duration,1678217720,1288.612644,,,,true,,POST,http://20.210.36.32:8080/prediction/knn,HTTP/1.1,contacts,,200,,,http://20.210.36.32:8080/prediction/knn,,
http_req_blocked,1678217720,2.203010,,,,true,,POST,http://20.210.36.32:8080/prediction/knn,HTTP/1.1,contacts,,200,,,http://20.210.36.32:8080/prediction/knn,,
http_req_connecting,1678217720,2.085608,,,,true,,POST,http://20.210.36.32:8080/prediction/knn,HTTP/1.1,contacts,,200,,,http://20.210.36.32:8080/prediction/knn,,
http_req_tls_handshaking,1678217720,0.000000,,,,true,,POST,http://20.210.36.32:8080/prediction/knn,HTTP/1.1,contacts,,200,,,http://20.210.36.32:8080/prediction/knn,,
http_req_sending,1678217720,0.100901,,,,true,,POST,http://20.210.36.32:8080/prediction/knn,HTTP/1.1,contacts,,200,,,http://20.210.36.32:8080/prediction/knn,,
http_req_waiting,1678217720,1286.753936,,,,true,,POST,http://20.210.36.32:8080/prediction/knn,HTTP/1.1,contacts,,200,,,http://20.210.36.32:8080/prediction/knn,,
http_req_receiving,1678217720,1.757807,,,,true,,POST,http://20.210.36.32:8080/prediction/knn,HTTP/1.1,contacts,,200,,,http://20.210.36.32:8080/prediction/knn,,
http_req_failed,1678217720,0.000000,,,,true,,POST,http://20.210.36.32:8080/prediction/knn,HTTP/1.1,contacts,,200,,,http://20.210.36.32:8080/prediction/knn,,
responseTime,1678217720,1288.612644,,,,,,,,,contacts,,,,,,,
data_sent,1678217720,2088.000000,,,,,,,,,contacts,,,,,,,
data_received,1678217720,199.000000,,,,,,,,,contacts,,,,,,,
iteration_duration,1678217720,1291.387156,,,,,,,,,contacts,,,,,,,
iterations,1678217720,1.000000,,,,,,,,,contacts,,,,,,,
http_reqs,1678217720,1.000000,,,,true,,POST,http://20.210.36.32:8080/prediction/knn,HTTP/1.1,contacts,,200,,,http://20.210.36.32:8080/prediction/knn,,
http_req_duration,1678217720,1366.192972,,,,true,,POST,http://20.210.36.32:8080/prediction/knn,HTTP/1.1,contacts,,200,,,http://20.210.36.32:8080/prediction/knn,,
http_req_blocked,1678217720,4.640320,,,,true,,POST,http://20.210.36.32:8080/prediction/knn,HTTP/1.1,contacts,,200,,,http://20.210.36.32:8080/prediction/knn,,
http_req_connecting,1678217720,4.542619,,,,true,,POST,http://20.210.36.32:8080/prediction/knn,HTTP/1.1,contacts,,200,,,http://20.210.36.32:8080/prediction/knn,,
http_req_tls_handshaking,1678217720,0.000000,,,,true,,POST,http://20.210.36.32:8080/prediction/knn,HTTP/1.1,contacts,,200,,,http://20.210.36.32:8080/prediction/knn,,
http_req_sending,1678217720,0.089200,,,,true,,POST,http://20.210.36.32:8080/prediction/knn,HTTP/1.1,contacts,,200,,,http://20.210.36.32:8080/prediction/knn,,
http_req_waiting,1678217720,1364.492865,,,,true,,POST,http://20.210.36.32:8080/prediction/knn,HTTP/1.1,contacts,,200,,,http://20.210.36.32:8080/prediction/knn,,
http_req_receiving,1678217720,1.610907,,,,true,,POST,http://20.210.36.32:8080/prediction/knn,HTTP/1.1,contacts,,200,,,http://20.210.36.32:8080/prediction/knn,,
http_req_failed,1678217720,0.000000,,,,true,,POST,http://20.210.36.32:8080/prediction/knn,HTTP/1.1,contacts,,200,,,http://20.210.36.32:8080/prediction/knn,,
responseTime,1678217720,1366.192972,,,,,,,,,contacts,,,,,,,
data_sent,1678217720,2088.000000,,,,,,,,,contacts,,,,,,,
data_received,1678217720,199.000000,,,,,,,,,contacts,,,,,,,
iteration_duration,1678217720,1371.298593,,,,,,,,,contacts,,,,,,,
iterations,1678217720,1.000000,,,,,,,,,contacts,,,,,,,
http_reqs,1678217720,1.000000,,,,true,,POST,http://20.210.36.32:8080/prediction/knn,HTTP/1.1,contacts,,200,,,http://20.210.36.32:8080/prediction/knn,,
http_req_duration,1678217720,1295.295172,,,,true,,POST,http://20.210.36.32:8080/prediction/knn,HTTP/1.1,contacts,,200,,,http://20.210.36.32:8080/prediction/knn,,
http_req_blocked,1678217720,2.168609,,,,true,,POST,http://20.210.36.32:8080/prediction/knn,HTTP/1.1,contacts,,200,,,http://20.210.36.32:8080/prediction/knn,,
http_req_connecting,1678217720,2.114509,,,,true,,POST,http://20.210.36.32:8080/prediction/knn,HTTP/1.1,contacts,,200,,,http://20.210.36.32:8080/prediction/knn,,
http_req_tls_handshaking,1678217720,0.000000,,,,true,,POST,http://20.210.36.32:8080/prediction/knn,HTTP/1.1,contacts,,200,,,http://20.210.36.32:8080/prediction/knn,,
http_req_sending,1678217720,0.045200,,,,true,,POST,http://20.210.36.32:8080/prediction/knn,HTTP/1.1,contacts,,200,,,http://20.210.36.32:8080/prediction/knn,,
http_req_waiting,1678217720,1295.159472,,,,true,,POST,http://20.210.36.32:8080/prediction/knn,HTTP/1.1,contacts,,200,,,http://20.210.36.32:8080/prediction/knn,,
http_req_receiving,1678217720,0.090500,,,,true,,POST,http://20.210.36.32:8080/prediction/knn,HTTP/1.1,contacts,,200,,,http://20.210.36.32:8080/prediction/knn,,
http_req_failed,1678217720,0.000000,,,,true,,POST,http://20.210.36.32:8080/prediction/knn,HTTP/1.1,contacts,,200,,,http://20.210.36.32:8080/prediction/knn,,
responseTime,1678217720,1295.295172,,,,,,,,,contacts,,,,,,,
data_sent,1678217720,2088.000000,,,,,,,,,contacts,,,,,,,
data_received,1678217720,199.000000,,,,,,,,,contacts,,,,,,,
iteration_duration,1678217720,1297.781283,,,,,,,,,contacts,,,,,,,
iterations,1678217720,1.000000,,,,,,,,,contacts,,,,,,,
http_reqs,1678217720,1.000000,,,,true,,POST,http://20.210.36.32:8080/prediction/knn,HTTP/1.1,contacts,,200,,,http://20.210.36.32:8080/prediction/knn,,
http_req_duration,1678217720,1378.243422,,,,true,,POST,http://20.210.36.32:8080/prediction/knn,HTTP/1.1,contacts,,200,,,http://20.210.36.32:8080/prediction/knn,,
http_req_blocked,1678217720,4.240418,,,,true,,POST,http://20.210.36.32:8080/prediction/knn,HTTP/1.1,contacts,,200,,,http://20.210.36.32:8080/prediction/knn,,
http_req_connecting,1678217720,4.126918,,,,true,,POST,http://20.210.36.32:8080/prediction/knn,HTTP/1.1,contacts,,200,,,http://20.210.36.32:8080/prediction/knn,,
http_req_tls_handshaking,1678217720,0.000000,,,,true,,POST,http://20.210.36.32:8080/prediction/knn,HTTP/1.1,contacts,,200,,,http://20.210.36.32:8080/prediction/knn,,
http_req_sending,1678217720,0.104300,,,,true,,POST,http://20.210.36.32:8080/prediction/knn,HTTP/1.1,contacts,,200,,,http://20.210.36.32:8080/prediction/knn,,
http_req_waiting,1678217720,1378.052822,,,,true,,POST,http://20.210.36.32:8080/prediction/knn,HTTP/1.1,contacts,,200,,,http://20.210.36.32:8080/prediction/knn,,
http_req_receiving,1678217720,0.086300,,,,true,,POST,http://20.210.36.32:8080/prediction/knn,HTTP/1.1,contacts,,200,,,http://20.210.36.32:8080/prediction/knn,,
http_req_failed,1678217720,0.000000,,,,true,,POST,http://20.210.36.32:8080/prediction/knn,HTTP/1.1,contacts,,200,,,http://20.210.36.32:8080/prediction/knn,,
responseTime,1678217720,1378.243422,,,,,,,,,contacts,,,,,,,
data_sent,1678217720,2088.000000,,,,,,,,,contacts,,,,,,,
data_received,1678217720,199.000000,,,,,,,,,contacts,,,,,,,
iteration_duration,1678217720,1382.766942,,,,,,,,,contacts,,,,,,,
iterations,1678217720,1.000000,,,,,,,,,contacts,,,,,,,
http_reqs,1678217720,1.000000,,,,true,,POST,http://20.210.36.32:8080/prediction/knn,HTTP/1.1,contacts,,200,,,http://20.210.36.32:8080/prediction/knn,,
http_req_duration,1678217720,1350.074804,,,,true,,POST,http://20.210.36.32:8080/prediction/knn,HTTP/1.1,contacts,,200,,,http://20.210.36.32:8080/prediction/knn,,
http_req_blocked,1678217720,2.335409,,,,true,,POST,http://20.210.36.32:8080/prediction/knn,HTTP/1.1,contacts,,200,,,http://20.210.36.32:8080/prediction/knn,,
http_req_connecting,1678217720,2.264709,,,,true,,POST,http://20.210.36.32:8080/prediction/knn,HTTP/1.1,contacts,,200,,,http://20.210.36.32:8080/prediction/knn,,
http_req_tls_handshaking,1678217720,0.000000,,,,true,,POST,http://20.210.36.32:8080/prediction/knn,HTTP/1.1,contacts,,200,,,http://20.210.36.32:8080/prediction/knn,,
http_req_sending,1678217720,0.066901,,,,true,,POST,http://20.210.36.32:8080/prediction/knn,HTTP/1.1,contacts,,200,,,http://20.210.36.32:8080/prediction/knn,,
http_req_waiting,1678217720,1349.660301,,,,true,,POST,http://20.210.36.32:8080/prediction/knn,HTTP/1.1,contacts,,200,,,http://20.210.36.32:8080/prediction/knn,,
http_req_receiving,1678217720,0.347602,,,,true,,POST,http://20.210.36.32:8080/prediction/knn,HTTP/1.1,contacts,,200,,,http://20.210.36.32:8080/prediction/knn,,
http_req_failed,1678217720,0.000000,,,,true,,POST,http://20.210.36.32:8080/prediction/knn,HTTP/1.1,contacts,,200,,,http://20.210.36.32:8080/prediction/knn,,
responseTime,1678217720,1350.074804,,,,,,,,,contacts,,,,,,,
data_sent,1678217720,2088.000000,,,,,,,,,contacts,,,,,,,
data_received,1678217720,199.000000,,,,,,,,,contacts,,,,,,,
iteration_duration,1678217720,1353.107717,,,,,,,,,contacts,,,,,,,
iterations,1678217720,1.000000,,,,,,,,,contacts,,,,,,,
http_reqs,1678217720,1.000000,,,,true,,POST,http://20.210.36.32:8080/prediction/knn,HTTP/1.1,contacts,,200,,,http://20.210.36.32:8080/prediction/knn,,
http_req_duration,1678217720,1281.495914,,,,true,,POST,http://20.210.36.32:8080/prediction/knn,HTTP/1.1,contacts,,200,,,http://20.210.36.32:8080/prediction/knn,,
http_req_blocked,1678217720,2.189509,,,,true,,POST,http://20.210.36.32:8080/prediction/knn,HTTP/1.1,contacts,,200,,,http://20.210.36.32:8080/prediction/knn,,
http_req_connecting,1678217720,2.101209,,,,true,,POST,http://20.210.36.32:8080/prediction/knn,HTTP/1.1,contacts,,200,,,http://20.210.36.32:8080/prediction/knn,,
http_req_tls_handshaking,1678217720,0.000000,,,,true,,POST,http://20.210.36.32:8080/prediction/knn,HTTP/1.1,contacts,,200,,,http://20.210.36.32:8080/prediction/knn,,
http_req_sending,1678217720,0.090900,,,,true,,POST,http://20.210.36.32:8080/prediction/knn,HTTP/1.1,contacts,,200,,,http://20.210.36.32:8080/prediction/knn,,
http_req_waiting,1678217720,1281.327413,,,,true,,POST,http://20.210.36.32:8080/prediction/knn,HTTP/1.1,contacts,,200,,,http://20.210.36.32:8080/prediction/knn,,
http_req_receiving,1678217720,0.077601,,,,true,,POST,http://20.210.36.32:8080/prediction/knn,HTTP/1.1,contacts,,200,,,http://20.210.36.32:8080/prediction/knn,,
http_req_failed,1678217720,0.000000,,,,true,,POST,http://20.210.36.32:8080/prediction/knn,HTTP/1.1,contacts,,200,,,http://20.210.36.32:8080/prediction/knn,,
responseTime,1678217720,1281.495914,,,,,,,,,contacts,,,,,,,
data_sent,1678217720,2088.000000,,,,,,,,,contacts,,,,,,,
data_received,1678217720,199.000000,,,,,,,,,contacts,,,,,,,
iteration_duration,1678217720,1284.186326,,,,,,,,,contacts,,,,,,,
iterations,1678217720,1.000000,,,,,,,,,contacts,,,,,,,
http_reqs,1678217720,1.000000,,,,true,,POST,http://20.210.36.32:8080/prediction/knn,HTTP/1.1,contacts,,200,,,http://20.210.36.32:8080/prediction/knn,,
http_req_duration,1678217720,1289.300546,,,,true,,POST,http://20.210.36.32:8080/prediction/knn,HTTP/1.1,contacts,,200,,,http://20.210.36.32:8080/prediction/knn,,
http_req_blocked,1678217720,2.209210,,,,true,,POST,http://20.210.36.32:8080/prediction/knn,HTTP/1.1,contacts,,200,,,http://20.210.36.32:8080/prediction/knn,,
http_req_connecting,1678217720,2.105209,,,,true,,POST,http://20.210.36.32:8080/prediction/knn,HTTP/1.1,contacts,,200,,,http://20.210.36.32:8080/prediction/knn,,
http_req_tls_handshaking,1678217720,0.000000,,,,true,,POST,http://20.210.36.32:8080/prediction/knn,HTTP/1.1,contacts,,200,,,http://20.210.36.32:8080/prediction/knn,,
http_req_sending,1678217720,0.081300,,,,true,,POST,http://20.210.36.32:8080/prediction/knn,HTTP/1.1,contacts,,200,,,http://20.210.36.32:8080/prediction/knn,,
http_req_waiting,1678217720,1287.769940,,,,true,,POST,http://20.210.36.32:8080/prediction/knn,HTTP/1.1,contacts,,200,,,http://20.210.36.32:8080/prediction/knn,,
http_req_receiving,1678217720,1.449306,,,,true,,POST,http://20.210.36.32:8080/prediction/knn,HTTP/1.1,contacts,,200,,,http://20.210.36.32:8080/prediction/knn,,
http_req_failed,1678217720,0.000000,,,,true,,POST,http://20.210.36.32:8080/prediction/knn,HTTP/1.1,contacts,,200,,,http://20.210.36.32:8080/prediction/knn,,
responseTime,1678217720,1289.300546,,,,,,,,,contacts,,,,,,,
data_sent,1678217720,2088.000000,,,,,,,,,contacts,,,,,,,
data_received,1678217720,199.000000,,,,,,,,,contacts,,,,,,,
iteration_duration,1678217720,1292.403060,,,,,,,,,contacts,,,,,,,
iterations,1678217720,1.000000,,,,,,,,,contacts,,,,,,,
http_reqs,1678217720,1.000000,,,,true,,POST,http://20.210.36.32:8080/prediction/knn,HTTP/1.1,contacts,,200,,,http://20.210.36.32:8080/prediction/knn,,
http_req_duration,1678217720,1426.911529,,,,true,,POST,http://20.210.36.32:8080/prediction/knn,HTTP/1.1,contacts,,200,,,http://20.210.36.32:8080/prediction/knn,,
http_req_blocked,1678217720,2.362810,,,,true,,POST,http://20.210.36.32:8080/prediction/knn,HTTP/1.1,contacts,,200,,,http://20.210.36.32:8080/prediction/knn,,
http_req_connecting,1678217720,2.287409,,,,true,,POST,http://20.210.36.32:8080/prediction/knn,HTTP/1.1,contacts,,200,,,http://20.210.36.32:8080/prediction/knn,,
http_req_tls_handshaking,1678217720,0.000000,,,,true,,POST,http://20.210.36.32:8080/prediction/knn,HTTP/1.1,contacts,,200,,,http://20.210.36.32:8080/prediction/knn,,
http_req_sending,1678217720,0.054201,,,,true,,POST,http://20.210.36.32:8080/prediction/knn,HTTP/1.1,contacts,,200,,,http://20.210.36.32:8080/prediction/knn,,
http_req_waiting,1678217720,1426.190525,,,,true,,POST,http://20.210.36.32:8080/prediction/knn,HTTP/1.1,contacts,,200,,,http://20.210.36.32:8080/prediction/knn,,
http_req_receiving,1678217720,0.666803,,,,true,,POST,http://20.210.36.32:8080/prediction/knn,HTTP/1.1,contacts,,200,,,http://20.210.36.32:8080/prediction/knn,,
http_req_failed,1678217720,0.000000,,,,true,,POST,http://20.210.36.32:8080/prediction/knn,HTTP/1.1,contacts,,200,,,http://20.210.36.32:8080/prediction/knn,,
responseTime,1678217720,1426.911529,,,,,,,,,contacts,,,,,,,
data_sent,1678217720,2088.000000,,,,,,,,,contacts,,,,,,,
data_received,1678217720,199.000000,,,,,,,,,contacts,,,,,,,
iteration_duration,1678217720,1429.755441,,,,,,,,,contacts,,,,,,,
iterations,1678217720,1.000000,,,,,,,,,contacts,,,,,,,
http_reqs,1678217720,1.000000,,,,true,,POST,http://20.210.36.32:8080/prediction/knn,HTTP/1.1,contacts,,200,,,http://20.210.36.32:8080/prediction/knn,,
http_req_duration,1678217720,1293.294863,,,,true,,POST,http://20.210.36.32:8080/prediction/knn,HTTP/1.1,contacts,,200,,,http://20.210.36.32:8080/prediction/knn,,
http_req_blocked,1678217720,2.212010,,,,true,,POST,http://20.210.36.32:8080/prediction/knn,HTTP/1.1,contacts,,200,,,http://20.210.36.32:8080/prediction/knn,,
http_req_connecting,1678217720,2.144110,,,,true,,POST,http://20.210.36.32:8080/prediction/knn,HTTP/1.1,contacts,,200,,,http://20.210.36.32:8080/prediction/knn,,
http_req_tls_handshaking,1678217720,0.000000,,,,true,,POST,http://20.210.36.32:8080/prediction/knn,HTTP/1.1,contacts,,200,,,http://20.210.36.32:8080/prediction/knn,,
http_req_sending,1678217720,0.051800,,,,true,,POST,http://20.210.36.32:8080/prediction/knn,HTTP/1.1,contacts,,200,,,http://20.210.36.32:8080/prediction/knn,,
http_req_waiting,1678217720,1291.765957,,,,true,,POST,http://20.210.36.32:8080/prediction/knn,HTTP/1.1,contacts,,200,,,http://20.210.36.32:8080/prediction/knn,,
http_req_receiving,1678217720,1.477106,,,,true,,POST,http://20.210.36.32:8080/prediction/knn,HTTP/1.1,contacts,,200,,,http://20.210.36.32:8080/prediction/knn,,
http_req_failed,1678217720,0.000000,,,,true,,POST,http://20.210.36.32:8080/prediction/knn,HTTP/1.1,contacts,,200,,,http://20.210.36.32:8080/prediction/knn,,
responseTime,1678217720,1293.294863,,,,,,,,,contacts,,,,,,,
data_sent,1678217720,2088.000000,,,,,,,,,contacts,,,,,,,
data_received,1678217720,199.000000,,,,,,,,,contacts,,,,,,,
iteration_duration,1678217720,1296.074076,,,,,,,,,contacts,,,,,,,
iterations,1678217720,1.000000,,,,,,,,,contacts,,,,,,,
vus,1678217720,79.000000,,,,,,,,,,,,,,,,
vus_max,1678217720,100.000000,,,,,,,,,,,,,,,,
http_reqs,1678217720,1.000000,,,,true,,POST,http://20.210.36.32:8080/prediction/knn,HTTP/1.1,contacts,,200,,,http://20.210.36.32:8080/prediction/knn,,
http_req_duration,1678217720,1394.818492,,,,true,,POST,http://20.210.36.32:8080/prediction/knn,HTTP/1.1,contacts,,200,,,http://20.210.36.32:8080/prediction/knn,,
http_req_blocked,1678217720,2.045109,,,,true,,POST,http://20.210.36.32:8080/prediction/knn,HTTP/1.1,contacts,,200,,,http://20.210.36.32:8080/prediction/knn,,
http_req_connecting,1678217720,1.973909,,,,true,,POST,http://20.210.36.32:8080/prediction/knn,HTTP/1.1,contacts,,200,,,http://20.210.36.32:8080/prediction/knn,,
http_req_tls_handshaking,1678217720,0.000000,,,,true,,POST,http://20.210.36.32:8080/prediction/knn,HTTP/1.1,contacts,,200,,,http://20.210.36.32:8080/prediction/knn,,
http_req_sending,1678217720,0.124000,,,,true,,POST,http://20.210.36.32:8080/prediction/knn,HTTP/1.1,contacts,,200,,,http://20.210.36.32:8080/prediction/knn,,
http_req_waiting,1678217720,1385.501653,,,,true,,POST,http://20.210.36.32:8080/prediction/knn,HTTP/1.1,contacts,,200,,,http://20.210.36.32:8080/prediction/knn,,
http_req_receiving,1678217720,9.192839,,,,true,,POST,http://20.210.36.32:8080/prediction/knn,HTTP/1.1,contacts,,200,,,http://20.210.36.32:8080/prediction/knn,,
http_req_failed,1678217720,0.000000,,,,true,,POST,http://20.210.36.32:8080/prediction/knn,HTTP/1.1,contacts,,200,,,http://20.210.36.32:8080/prediction/knn,,
responseTime,1678217720,1394.818492,,,,,,,,,contacts,,,,,,,
data_sent,1678217720,2088.000000,,,,,,,,,contacts,,,,,,,
data_received,1678217720,199.000000,,,,,,,,,contacts,,,,,,,
iteration_duration,1678217720,1397.328703,,,,,,,,,contacts,,,,,,,
iterations,1678217720,1.000000,,,,,,,,,contacts,,,,,,,
http_reqs,1678217720,1.000000,,,,true,,POST,http://20.210.36.32:8080/prediction/knn,HTTP/1.1,contacts,,200,,,http://20.210.36.32:8080/prediction/knn,,
http_req_duration,1678217720,1349.937303,,,,true,,POST,http://20.210.36.32:8080/prediction/knn,HTTP/1.1,contacts,,200,,,http://20.210.36.32:8080/prediction/knn,,
http_req_blocked,1678217720,2.656211,,,,true,,POST,http://20.210.36.32:8080/prediction/knn,HTTP/1.1,contacts,,200,,,http://20.210.36.32:8080/prediction/knn,,
http_req_connecting,1678217720,2.578311,,,,true,,POST,http://20.210.36.32:8080/prediction/knn,HTTP/1.1,contacts,,200,,,http://20.210.36.32:8080/prediction/knn,,
http_req_tls_handshaking,1678217720,0.000000,,,,true,,POST,http://20.210.36.32:8080/prediction/knn,HTTP/1.1,contacts,,200,,,http://20.210.36.32:8080/prediction/knn,,
http_req_sending,1678217720,0.064300,,,,true,,POST,http://20.210.36.32:8080/prediction/knn,HTTP/1.1,contacts,,200,,,http://20.210.36.32:8080/prediction/knn,,
http_req_waiting,1678217720,1337.822152,,,,true,,POST,http://20.210.36.32:8080/prediction/knn,HTTP/1.1,contacts,,200,,,http://20.210.36.32:8080/prediction/knn,,
http_req_receiving,1678217720,12.050851,,,,true,,POST,http://20.210.36.32:8080/prediction/knn,HTTP/1.1,contacts,,200,,,http://20.210.36.32:8080/prediction/knn,,
http_req_failed,1678217720,0.000000,,,,true,,POST,http://20.210.36.32:8080/prediction/knn,HTTP/1.1,contacts,,200,,,http://20.210.36.32:8080/prediction/knn,,
responseTime,1678217720,1349.937303,,,,,,,,,contacts,,,,,,,
data_sent,1678217720,2088.000000,,,,,,,,,contacts,,,,,,,
data_received,1678217720,199.000000,,,,,,,,,contacts,,,,,,,
iteration_duration,1678217720,1353.210216,,,,,,,,,contacts,,,,,,,
iterations,1678217720,1.000000,,,,,,,,,contacts,,,,,,,
http_reqs,1678217720,1.000000,,,,true,,POST,http://20.210.36.32:8080/prediction/knn,HTTP/1.1,contacts,,200,,,http://20.210.36.32:8080/prediction/knn,,
http_req_duration,1678217720,1382.986842,,,,true,,POST,http://20.210.36.32:8080/prediction/knn,HTTP/1.1,contacts,,200,,,http://20.210.36.32:8080/prediction/knn,,
http_req_blocked,1678217720,2.347110,,,,true,,POST,http://20.210.36.32:8080/prediction/knn,HTTP/1.1,contacts,,200,,,http://20.210.36.32:8080/prediction/knn,,
http_req_connecting,1678217720,2.258510,,,,true,,POST,http://20.210.36.32:8080/prediction/knn,HTTP/1.1,contacts,,200,,,http://20.210.36.32:8080/prediction/knn,,
http_req_tls_handshaking,1678217720,0.000000,,,,true,,POST,http://20.210.36.32:8080/prediction/knn,HTTP/1.1,contacts,,200,,,http://20.210.36.32:8080/prediction/knn,,
http_req_sending,1678217720,0.075400,,,,true,,POST,http://20.210.36.32:8080/prediction/knn,HTTP/1.1,contacts,,200,,,http://20.210.36.32:8080/prediction/knn,,
http_req_waiting,1678217720,1382.792242,,,,true,,POST,http://20.210.36.32:8080/prediction/knn,HTTP/1.1,contacts,,200,,,http://20.210.36.32:8080/prediction/knn,,
http_req_receiving,1678217720,0.119200,,,,true,,POST,http://20.210.36.32:8080/prediction/knn,HTTP/1.1,contacts,,200,,,http://20.210.36.32:8080/prediction/knn,,
http_req_failed,1678217720,0.000000,,,,true,,POST,http://20.210.36.32:8080/prediction/knn,HTTP/1.1,contacts,,200,,,http://20.210.36.32:8080/prediction/knn,,
responseTime,1678217720,1382.986842,,,,,,,,,contacts,,,,,,,
data_sent,1678217720,2088.000000,,,,,,,,,contacts,,,,,,,
data_received,1678217720,199.000000,,,,,,,,,contacts,,,,,,,
iteration_duration,1678217720,1385.734154,,,,,,,,,contacts,,,,,,,
iterations,1678217720,1.000000,,,,,,,,,contacts,,,,,,,
http_reqs,1678217720,1.000000,,,,true,,POST,http://20.210.36.32:8080/prediction/knn,HTTP/1.1,contacts,,200,,,http://20.210.36.32:8080/prediction/knn,,
http_req_duration,1678217720,1322.799289,,,,true,,POST,http://20.210.36.32:8080/prediction/knn,HTTP/1.1,contacts,,200,,,http://20.210.36.32:8080/prediction/knn,,
http_req_blocked,1678217720,2.320909,,,,true,,POST,http://20.210.36.32:8080/prediction/knn,HTTP/1.1,contacts,,200,,,http://20.210.36.32:8080/prediction/knn,,
http_req_connecting,1678217720,2.257009,,,,true,,POST,http://20.210.36.32:8080/prediction/knn,HTTP/1.1,contacts,,200,,,http://20.210.36.32:8080/prediction/knn,,
http_req_tls_handshaking,1678217720,0.000000,,,,true,,POST,http://20.210.36.32:8080/prediction/knn,HTTP/1.1,contacts,,200,,,http://20.210.36.32:8080/prediction/knn,,
http_req_sending,1678217720,0.081101,,,,true,,POST,http://20.210.36.32:8080/prediction/knn,HTTP/1.1,contacts,,200,,,http://20.210.36.32:8080/prediction/knn,,
http_req_waiting,1678217720,1322.507887,,,,true,,POST,http://20.210.36.32:8080/prediction/knn,HTTP/1.1,contacts,,200,,,http://20.210.36.32:8080/prediction/knn,,
http_req_receiving,1678217720,0.210301,,,,true,,POST,http://20.210.36.32:8080/prediction/knn,HTTP/1.1,contacts,,200,,,http://20.210.36.32:8080/prediction/knn,,
http_req_failed,1678217720,0.000000,,,,true,,POST,http://20.210.36.32:8080/prediction/knn,HTTP/1.1,contacts,,200,,,http://20.210.36.32:8080/prediction/knn,,
responseTime,1678217720,1322.799289,,,,,,,,,contacts,,,,,,,
data_sent,1678217720,2088.000000,,,,,,,,,contacts,,,,,,,
data_received,1678217720,199.000000,,,,,,,,,contacts,,,,,,,
iteration_duration,1678217720,1325.921602,,,,,,,,,contacts,,,,,,,
iterations,1678217720,1.000000,,,,,,,,,contacts,,,,,,,
http_reqs,1678217720,1.000000,,,,true,,POST,http://20.210.36.32:8080/prediction/knn,HTTP/1.1,contacts,,200,,,http://20.210.36.32:8080/prediction/knn,,
http_req_duration,1678217720,1362.797657,,,,true,,POST,http://20.210.36.32:8080/prediction/knn,HTTP/1.1,contacts,,200,,,http://20.210.36.32:8080/prediction/knn,,
http_req_blocked,1678217720,2.003709,,,,true,,POST,http://20.210.36.32:8080/prediction/knn,HTTP/1.1,contacts,,200,,,http://20.210.36.32:8080/prediction/knn,,
http_req_connecting,1678217720,1.939208,,,,true,,POST,http://20.210.36.32:8080/prediction/knn,HTTP/1.1,contacts,,200,,,http://20.210.36.32:8080/prediction/knn,,
http_req_tls_handshaking,1678217720,0.000000,,,,true,,POST,http://20.210.36.32:8080/prediction/knn,HTTP/1.1,contacts,,200,,,http://20.210.36.32:8080/prediction/knn,,
http_req_sending,1678217720,0.057700,,,,true,,POST,http://20.210.36.32:8080/prediction/knn,HTTP/1.1,contacts,,200,,,http://20.210.36.32:8080/prediction/knn,,
http_req_waiting,1678217720,1354.917224,,,,true,,POST,http://20.210.36.32:8080/prediction/knn,HTTP/1.1,contacts,,200,,,http://20.210.36.32:8080/prediction/knn,,
http_req_receiving,1678217720,7.822733,,,,true,,POST,http://20.210.36.32:8080/prediction/knn,HTTP/1.1,contacts,,200,,,http://20.210.36.32:8080/prediction/knn,,
http_req_failed,1678217720,0.000000,,,,true,,POST,http://20.210.36.32:8080/prediction/knn,HTTP/1.1,contacts,,200,,,http://20.210.36.32:8080/prediction/knn,,
responseTime,1678217720,1362.797657,,,,,,,,,contacts,,,,,,,
data_sent,1678217720,2088.000000,,,,,,,,,contacts,,,,,,,
data_received,1678217720,199.000000,,,,,,,,,contacts,,,,,,,
iteration_duration,1678217720,1365.199467,,,,,,,,,contacts,,,,,,,
iterations,1678217720,1.000000,,,,,,,,,contacts,,,,,,,
http_reqs,1678217720,1.000000,,,,true,,POST,http://20.210.36.32:8080/prediction/knn,HTTP/1.1,contacts,,200,,,http://20.210.36.32:8080/prediction/knn,,
http_req_duration,1678217720,1286.043833,,,,true,,POST,http://20.210.36.32:8080/prediction/knn,HTTP/1.1,contacts,,200,,,http://20.210.36.32:8080/prediction/knn,,
http_req_blocked,1678217720,2.444810,,,,true,,POST,http://20.210.36.32:8080/prediction/knn,HTTP/1.1,contacts,,200,,,http://20.210.36.32:8080/prediction/knn,,
http_req_connecting,1678217720,2.312410,,,,true,,POST,http://20.210.36.32:8080/prediction/knn,HTTP/1.1,contacts,,200,,,http://20.210.36.32:8080/prediction/knn,,
http_req_tls_handshaking,1678217720,0.000000,,,,true,,POST,http://20.210.36.32:8080/prediction/knn,HTTP/1.1,contacts,,200,,,http://20.210.36.32:8080/prediction/knn,,
http_req_sending,1678217720,0.056300,,,,true,,POST,http://20.210.36.32:8080/prediction/knn,HTTP/1.1,contacts,,200,,,http://20.210.36.32:8080/prediction/knn,,
http_req_waiting,1678217720,1284.286226,,,,true,,POST,http://20.210.36.32:8080/prediction/knn,HTTP/1.1,contacts,,200,,,http://20.210.36.32:8080/prediction/knn,,
http_req_receiving,1678217720,1.701307,,,,true,,POST,http://20.210.36.32:8080/prediction/knn,HTTP/1.1,contacts,,200,,,http://20.210.36.32:8080/prediction/knn,,
http_req_failed,1678217720,0.000000,,,,true,,POST,http://20.210.36.32:8080/prediction/knn,HTTP/1.1,contacts,,200,,,http://20.210.36.32:8080/prediction/knn,,
responseTime,1678217720,1286.043833,,,,,,,,,contacts,,,,,,,
data_sent,1678217720,2088.000000,,,,,,,,,contacts,,,,,,,
data_received,1678217720,199.000000,,,,,,,,,contacts,,,,,,,
iteration_duration,1678217720,1288.973246,,,,,,,,,contacts,,,,,,,
iterations,1678217720,1.000000,,,,,,,,,contacts,,,,,,,
http_reqs,1678217720,1.000000,,,,true,,POST,http://20.210.36.32:8080/prediction/knn,HTTP/1.1,contacts,,200,,,http://20.210.36.32:8080/prediction/knn,,
http_req_duration,1678217720,1242.162148,,,,true,,POST,http://20.210.36.32:8080/prediction/knn,HTTP/1.1,contacts,,200,,,http://20.210.36.32:8080/prediction/knn,,
http_req_blocked,1678217720,2.245309,,,,true,,POST,http://20.210.36.32:8080/prediction/knn,HTTP/1.1,contacts,,200,,,http://20.210.36.32:8080/prediction/knn,,
http_req_connecting,1678217720,2.172609,,,,true,,POST,http://20.210.36.32:8080/prediction/knn,HTTP/1.1,contacts,,200,,,http://20.210.36.32:8080/prediction/knn,,
http_req_tls_handshaking,1678217720,0.000000,,,,true,,POST,http://20.210.36.32:8080/prediction/knn,HTTP/1.1,contacts,,200,,,http://20.210.36.32:8080/prediction/knn,,
http_req_sending,1678217720,0.059300,,,,true,,POST,http://20.210.36.32:8080/prediction/knn,HTTP/1.1,contacts,,200,,,http://20.210.36.32:8080/prediction/knn,,
http_req_waiting,1678217720,1241.990047,,,,true,,POST,http://20.210.36.32:8080/prediction/knn,HTTP/1.1,contacts,,200,,,http://20.210.36.32:8080/prediction/knn,,
http_req_receiving,1678217720,0.112801,,,,true,,POST,http://20.210.36.32:8080/prediction/knn,HTTP/1.1,contacts,,200,,,http://20.210.36.32:8080/prediction/knn,,
http_req_failed,1678217720,0.000000,,,,true,,POST,http://20.210.36.32:8080/prediction/knn,HTTP/1.1,contacts,,200,,,http://20.210.36.32:8080/prediction/knn,,
responseTime,1678217720,1242.162148,,,,,,,,,contacts,,,,,,,
data_sent,1678217720,2088.000000,,,,,,,,,contacts,,,,,,,
data_received,1678217720,199.000000,,,,,,,,,contacts,,,,,,,
iteration_duration,1678217720,1244.833859,,,,,,,,,contacts,,,,,,,
iterations,1678217720,1.000000,,,,,,,,,contacts,,,,,,,
http_reqs,1678217720,1.000000,,,,true,,POST,http://20.210.36.32:8080/prediction/knn,HTTP/1.1,contacts,,200,,,http://20.210.36.32:8080/prediction/knn,,
http_req_duration,1678217720,1347.061591,,,,true,,POST,http://20.210.36.32:8080/prediction/knn,HTTP/1.1,contacts,,200,,,http://20.210.36.32:8080/prediction/knn,,
http_req_blocked,1678217720,2.075509,,,,true,,POST,http://20.210.36.32:8080/prediction/knn,HTTP/1.1,contacts,,200,,,http://20.210.36.32:8080/prediction/knn,,
http_req_connecting,1678217720,2.013208,,,,true,,POST,http://20.210.36.32:8080/prediction/knn,HTTP/1.1,contacts,,200,,,http://20.210.36.32:8080/prediction/knn,,
http_req_tls_handshaking,1678217720,0.000000,,,,true,,POST,http://20.210.36.32:8080/prediction/knn,HTTP/1.1,contacts,,200,,,http://20.210.36.32:8080/prediction/knn,,
http_req_sending,1678217720,0.060901,,,,true,,POST,http://20.210.36.32:8080/prediction/knn,HTTP/1.1,contacts,,200,,,http://20.210.36.32:8080/prediction/knn,,
http_req_waiting,1678217720,1341.221666,,,,true,,POST,http://20.210.36.32:8080/prediction/knn,HTTP/1.1,contacts,,200,,,http://20.210.36.32:8080/prediction/knn,,
http_req_receiving,1678217720,5.779024,,,,true,,POST,http://20.210.36.32:8080/prediction/knn,HTTP/1.1,contacts,,200,,,http://20.210.36.32:8080/prediction/knn,,
http_req_failed,1678217720,0.000000,,,,true,,POST,http://20.210.36.32:8080/prediction/knn,HTTP/1.1,contacts,,200,,,http://20.210.36.32:8080/prediction/knn,,
responseTime,1678217720,1347.061591,,,,,,,,,contacts,,,,,,,
data_sent,1678217720,2088.000000,,,,,,,,,contacts,,,,,,,
data_received,1678217720,199.000000,,,,,,,,,contacts,,,,,,,
iteration_duration,1678217720,1349.688002,,,,,,,,,contacts,,,,,,,
iterations,1678217720,1.000000,,,,,,,,,contacts,,,,,,,
http_reqs,1678217720,1.000000,,,,true,,POST,http://20.210.36.32:8080/prediction/knn,HTTP/1.1,contacts,,200,,,http://20.210.36.32:8080/prediction/knn,,
http_req_duration,1678217720,1392.114081,,,,true,,POST,http://20.210.36.32:8080/prediction/knn,HTTP/1.1,contacts,,200,,,http://20.210.36.32:8080/prediction/knn,,
http_req_blocked,1678217720,2.388810,,,,true,,POST,http://20.210.36.32:8080/prediction/knn,HTTP/1.1,contacts,,200,,,http://20.210.36.32:8080/prediction/knn,,
http_req_connecting,1678217720,2.326810,,,,true,,POST,http://20.210.36.32:8080/prediction/knn,HTTP/1.1,contacts,,200,,,http://20.210.36.32:8080/prediction/knn,,
http_req_tls_handshaking,1678217720,0.000000,,,,true,,POST,http://20.210.36.32:8080/prediction/knn,HTTP/1.1,contacts,,200,,,http://20.210.36.32:8080/prediction/knn,,
http_req_sending,1678217720,0.064300,,,,true,,POST,http://20.210.36.32:8080/prediction/knn,HTTP/1.1,contacts,,200,,,http://20.210.36.32:8080/prediction/knn,,
http_req_waiting,1678217720,1390.538975,,,,true,,POST,http://20.210.36.32:8080/prediction/knn,HTTP/1.1,contacts,,200,,,http://20.210.36.32:8080/prediction/knn,,
http_req_receiving,1678217720,1.510806,,,,true,,POST,http://20.210.36.32:8080/prediction/knn,HTTP/1.1,contacts,,200,,,http://20.210.36.32:8080/prediction/knn,,
http_req_failed,1678217720,0.000000,,,,true,,POST,http://20.210.36.32:8080/prediction/knn,HTTP/1.1,contacts,,200,,,http://20.210.36.32:8080/prediction/knn,,
responseTime,1678217720,1392.114081,,,,,,,,,contacts,,,,,,,
data_sent,1678217720,2088.000000,,,,,,,,,contacts,,,,,,,
data_received,1678217720,199.000000,,,,,,,,,contacts,,,,,,,
iteration_duration,1678217720,1394.872893,,,,,,,,,contacts,,,,,,,
iterations,1678217720,1.000000,,,,,,,,,contacts,,,,,,,
http_reqs,1678217720,1.000000,,,,true,,POST,http://20.210.36.32:8080/prediction/knn,HTTP/1.1,contacts,,200,,,http://20.210.36.32:8080/prediction/knn,,
http_req_duration,1678217720,1349.819902,,,,true,,POST,http://20.210.36.32:8080/prediction/knn,HTTP/1.1,contacts,,200,,,http://20.210.36.32:8080/prediction/knn,,
http_req_blocked,1678217720,2.093309,,,,true,,POST,http://20.210.36.32:8080/prediction/knn,HTTP/1.1,contacts,,200,,,http://20.210.36.32:8080/prediction/knn,,
http_req_connecting,1678217720,2.018709,,,,true,,POST,http://20.210.36.32:8080/prediction/knn,HTTP/1.1,contacts,,200,,,http://20.210.36.32:8080/prediction/knn,,
http_req_tls_handshaking,1678217720,0.000000,,,,true,,POST,http://20.210.36.32:8080/prediction/knn,HTTP/1.1,contacts,,200,,,http://20.210.36.32:8080/prediction/knn,,
http_req_sending,1678217720,0.112500,,,,true,,POST,http://20.210.36.32:8080/prediction/knn,HTTP/1.1,contacts,,200,,,http://20.210.36.32:8080/prediction/knn,,
http_req_waiting,1678217720,1344.096278,,,,true,,POST,http://20.210.36.32:8080/prediction/knn,HTTP/1.1,contacts,,200,,,http://20.210.36.32:8080/prediction/knn,,
http_req_receiving,1678217720,5.611124,,,,true,,POST,http://20.210.36.32:8080/prediction/knn,HTTP/1.1,contacts,,200,,,http://20.210.36.32:8080/prediction/knn,,
http_req_failed,1678217720,0.000000,,,,true,,POST,http://20.210.36.32:8080/prediction/knn,HTTP/1.1,contacts,,200,,,http://20.210.36.32:8080/prediction/knn,,
responseTime,1678217720,1349.819902,,,,,,,,,contacts,,,,,,,
data_sent,1678217720,2088.000000,,,,,,,,,contacts,,,,,,,
data_received,1678217720,199.000000,,,,,,,,,contacts,,,,,,,
iteration_duration,1678217720,1352.539814,,,,,,,,,contacts,,,,,,,
iterations,1678217720,1.000000,,,,,,,,,contacts,,,,,,,
http_reqs,1678217720,1.000000,,,,true,,POST,http://20.210.36.32:8080/prediction/knn,HTTP/1.1,contacts,,200,,,http://20.210.36.32:8080/prediction/knn,,
http_req_duration,1678217720,1254.757500,,,,true,,POST,http://20.210.36.32:8080/prediction/knn,HTTP/1.1,contacts,,200,,,http://20.210.36.32:8080/prediction/knn,,
http_req_blocked,1678217720,2.185410,,,,true,,POST,http://20.210.36.32:8080/prediction/knn,HTTP/1.1,contacts,,200,,,http://20.210.36.32:8080/prediction/knn,,
http_req_connecting,1678217720,2.127709,,,,true,,POST,http://20.210.36.32:8080/prediction/knn,HTTP/1.1,contacts,,200,,,http://20.210.36.32:8080/prediction/knn,,
http_req_tls_handshaking,1678217720,0.000000,,,,true,,POST,http://20.210.36.32:8080/prediction/knn,HTTP/1.1,contacts,,200,,,http://20.210.36.32:8080/prediction/knn,,
http_req_sending,1678217720,0.048000,,,,true,,POST,http://20.210.36.32:8080/prediction/knn,HTTP/1.1,contacts,,200,,,http://20.210.36.32:8080/prediction/knn,,
http_req_waiting,1678217720,1249.821080,,,,true,,POST,http://20.210.36.32:8080/prediction/knn,HTTP/1.1,contacts,,200,,,http://20.210.36.32:8080/prediction/knn,,
http_req_receiving,1678217720,4.888420,,,,true,,POST,http://20.210.36.32:8080/prediction/knn,HTTP/1.1,contacts,,200,,,http://20.210.36.32:8080/prediction/knn,,
http_req_failed,1678217720,0.000000,,,,true,,POST,http://20.210.36.32:8080/prediction/knn,HTTP/1.1,contacts,,200,,,http://20.210.36.32:8080/prediction/knn,,
responseTime,1678217720,1254.757500,,,,,,,,,contacts,,,,,,,
data_sent,1678217720,2088.000000,,,,,,,,,contacts,,,,,,,
data_received,1678217720,199.000000,,,,,,,,,contacts,,,,,,,
iteration_duration,1678217720,1257.849714,,,,,,,,,contacts,,,,,,,
iterations,1678217720,1.000000,,,,,,,,,contacts,,,,,,,
http_reqs,1678217720,1.000000,,,,true,,POST,http://20.210.36.32:8080/prediction/knn,HTTP/1.1,contacts,,200,,,http://20.210.36.32:8080/prediction/knn,,
http_req_duration,1678217720,1276.599194,,,,true,,POST,http://20.210.36.32:8080/prediction/knn,HTTP/1.1,contacts,,200,,,http://20.210.36.32:8080/prediction/knn,,
http_req_blocked,1678217720,2.237510,,,,true,,POST,http://20.210.36.32:8080/prediction/knn,HTTP/1.1,contacts,,200,,,http://20.210.36.32:8080/prediction/knn,,
http_req_connecting,1678217720,2.168109,,,,true,,POST,http://20.210.36.32:8080/prediction/knn,HTTP/1.1,contacts,,200,,,http://20.210.36.32:8080/prediction/knn,,
http_req_tls_handshaking,1678217720,0.000000,,,,true,,POST,http://20.210.36.32:8080/prediction/knn,HTTP/1.1,contacts,,200,,,http://20.210.36.32:8080/prediction/knn,,
http_req_sending,1678217720,0.053401,,,,true,,POST,http://20.210.36.32:8080/prediction/knn,HTTP/1.1,contacts,,200,,,http://20.210.36.32:8080/prediction/knn,,
http_req_waiting,1678217720,1276.375992,,,,true,,POST,http://20.210.36.32:8080/prediction/knn,HTTP/1.1,contacts,,200,,,http://20.210.36.32:8080/prediction/knn,,
http_req_receiving,1678217720,0.169801,,,,true,,POST,http://20.210.36.32:8080/prediction/knn,HTTP/1.1,contacts,,200,,,http://20.210.36.32:8080/prediction/knn,,
http_req_failed,1678217720,0.000000,,,,true,,POST,http://20.210.36.32:8080/prediction/knn,HTTP/1.1,contacts,,200,,,http://20.210.36.32:8080/prediction/knn,,
http_reqs,1678217720,1.000000,,,,true,,POST,http://20.210.36.32:8080/prediction/knn,HTTP/1.1,contacts,,200,,,http://20.210.36.32:8080/prediction/knn,,
http_req_duration,1678217720,1297.422781,,,,true,,POST,http://20.210.36.32:8080/prediction/knn,HTTP/1.1,contacts,,200,,,http://20.210.36.32:8080/prediction/knn,,
http_req_blocked,1678217720,2.045609,,,,true,,POST,http://20.210.36.32:8080/prediction/knn,HTTP/1.1,contacts,,200,,,http://20.210.36.32:8080/prediction/knn,,
http_req_connecting,1678217720,1.996109,,,,true,,POST,http://20.210.36.32:8080/prediction/knn,HTTP/1.1,contacts,,200,,,http://20.210.36.32:8080/prediction/knn,,
http_req_tls_handshaking,1678217720,0.000000,,,,true,,POST,http://20.210.36.32:8080/prediction/knn,HTTP/1.1,contacts,,200,,,http://20.210.36.32:8080/prediction/knn,,
http_req_sending,1678217720,0.053300,,,,true,,POST,http://20.210.36.32:8080/prediction/knn,HTTP/1.1,contacts,,200,,,http://20.210.36.32:8080/prediction/knn,,
http_req_waiting,1678217720,1290.484852,,,,true,,POST,http://20.210.36.32:8080/prediction/knn,HTTP/1.1,contacts,,200,,,http://20.210.36.32:8080/prediction/knn,,
http_req_receiving,1678217720,6.884629,,,,true,,POST,http://20.210.36.32:8080/prediction/knn,HTTP/1.1,contacts,,200,,,http://20.210.36.32:8080/prediction/knn,,
http_req_failed,1678217720,0.000000,,,,true,,POST,http://20.210.36.32:8080/prediction/knn,HTTP/1.1,contacts,,200,,,http://20.210.36.32:8080/prediction/knn,,
responseTime,1678217720,1297.422781,,,,,,,,,contacts,,,,,,,
data_sent,1678217720,2088.000000,,,,,,,,,contacts,,,,,,,
data_received,1678217720,199.000000,,,,,,,,,contacts,,,,,,,
iteration_duration,1678217720,1299.890992,,,,,,,,,contacts,,,,,,,
iterations,1678217720,1.000000,,,,,,,,,contacts,,,,,,,
responseTime,1678217720,1276.599194,,,,,,,,,contacts,,,,,,,
data_sent,1678217720,2088.000000,,,,,,,,,contacts,,,,,,,
data_received,1678217720,199.000000,,,,,,,,,contacts,,,,,,,
iteration_duration,1678217720,1279.618306,,,,,,,,,contacts,,,,,,,
iterations,1678217720,1.000000,,,,,,,,,contacts,,,,,,,
http_reqs,1678217720,1.000000,,,,true,,POST,http://20.210.36.32:8080/prediction/knn,HTTP/1.1,contacts,,200,,,http://20.210.36.32:8080/prediction/knn,,
http_req_duration,1678217720,1322.640588,,,,true,,POST,http://20.210.36.32:8080/prediction/knn,HTTP/1.1,contacts,,200,,,http://20.210.36.32:8080/prediction/knn,,
http_req_blocked,1678217720,2.105909,,,,true,,POST,http://20.210.36.32:8080/prediction/knn,HTTP/1.1,contacts,,200,,,http://20.210.36.32:8080/prediction/knn,,
http_req_connecting,1678217720,2.026609,,,,true,,POST,http://20.210.36.32:8080/prediction/knn,HTTP/1.1,contacts,,200,,,http://20.210.36.32:8080/prediction/knn,,
http_req_tls_handshaking,1678217720,0.000000,,,,true,,POST,http://20.210.36.32:8080/prediction/knn,HTTP/1.1,contacts,,200,,,http://20.210.36.32:8080/prediction/knn,,
http_req_sending,1678217720,0.069400,,,,true,,POST,http://20.210.36.32:8080/prediction/knn,HTTP/1.1,contacts,,200,,,http://20.210.36.32:8080/prediction/knn,,
http_req_waiting,1678217720,1322.491887,,,,true,,POST,http://20.210.36.32:8080/prediction/knn,HTTP/1.1,contacts,,200,,,http://20.210.36.32:8080/prediction/knn,,
http_req_receiving,1678217720,0.079301,,,,true,,POST,http://20.210.36.32:8080/prediction/knn,HTTP/1.1,contacts,,200,,,http://20.210.36.32:8080/prediction/knn,,
http_req_failed,1678217720,0.000000,,,,true,,POST,http://20.210.36.32:8080/prediction/knn,HTTP/1.1,contacts,,200,,,http://20.210.36.32:8080/prediction/knn,,
responseTime,1678217720,1322.640588,,,,,,,,,contacts,,,,,,,
data_sent,1678217720,2088.000000,,,,,,,,,contacts,,,,,,,
data_received,1678217720,199.000000,,,,,,,,,contacts,,,,,,,
iteration_duration,1678217720,1325.106598,,,,,,,,,contacts,,,,,,,
iterations,1678217720,1.000000,,,,,,,,,contacts,,,,,,,
http_reqs,1678217720,1.000000,,,,true,,POST,http://20.210.36.32:8080/prediction/knn,HTTP/1.1,contacts,,200,,,http://20.210.36.32:8080/prediction/knn,,
http_req_duration,1678217720,1294.903171,,,,true,,POST,http://20.210.36.32:8080/prediction/knn,HTTP/1.1,contacts,,200,,,http://20.210.36.32:8080/prediction/knn,,
http_req_blocked,1678217720,2.913313,,,,true,,POST,http://20.210.36.32:8080/prediction/knn,HTTP/1.1,contacts,,200,,,http://20.210.36.32:8080/prediction/knn,,
http_req_connecting,1678217720,2.830912,,,,true,,POST,http://20.210.36.32:8080/prediction/knn,HTTP/1.1,contacts,,200,,,http://20.210.36.32:8080/prediction/knn,,
http_req_tls_handshaking,1678217720,0.000000,,,,true,,POST,http://20.210.36.32:8080/prediction/knn,HTTP/1.1,contacts,,200,,,http://20.210.36.32:8080/prediction/knn,,
http_req_sending,1678217720,0.047801,,,,true,,POST,http://20.210.36.32:8080/prediction/knn,HTTP/1.1,contacts,,200,,,http://20.210.36.32:8080/prediction/knn,,
http_req_waiting,1678217720,1289.906949,,,,true,,POST,http://20.210.36.32:8080/prediction/knn,HTTP/1.1,contacts,,200,,,http://20.210.36.32:8080/prediction/knn,,
http_req_receiving,1678217720,4.948421,,,,true,,POST,http://20.210.36.32:8080/prediction/knn,HTTP/1.1,contacts,,200,,,http://20.210.36.32:8080/prediction/knn,,
http_req_failed,1678217720,0.000000,,,,true,,POST,http://20.210.36.32:8080/prediction/knn,HTTP/1.1,contacts,,200,,,http://20.210.36.32:8080/prediction/knn,,
responseTime,1678217720,1294.903171,,,,,,,,,contacts,,,,,,,
data_sent,1678217720,2088.000000,,,,,,,,,contacts,,,,,,,
data_received,1678217720,199.000000,,,,,,,,,contacts,,,,,,,
iteration_duration,1678217720,1298.593586,,,,,,,,,contacts,,,,,,,
iterations,1678217720,1.000000,,,,,,,,,contacts,,,,,,,
http_reqs,1678217720,1.000000,,,,true,,POST,http://20.210.36.32:8080/prediction/knn,HTTP/1.1,contacts,,200,,,http://20.210.36.32:8080/prediction/knn,,
http_req_duration,1678217720,1332.391029,,,,true,,POST,http://20.210.36.32:8080/prediction/knn,HTTP/1.1,contacts,,200,,,http://20.210.36.32:8080/prediction/knn,,
http_req_blocked,1678217720,1.924308,,,,true,,POST,http://20.210.36.32:8080/prediction/knn,HTTP/1.1,contacts,,200,,,http://20.210.36.32:8080/prediction/knn,,
http_req_connecting,1678217720,1.881008,,,,true,,POST,http://20.210.36.32:8080/prediction/knn,HTTP/1.1,contacts,,200,,,http://20.210.36.32:8080/prediction/knn,,
http_req_tls_handshaking,1678217720,0.000000,,,,true,,POST,http://20.210.36.32:8080/prediction/knn,HTTP/1.1,contacts,,200,,,http://20.210.36.32:8080/prediction/knn,,
http_req_sending,1678217720,0.048801,,,,true,,POST,http://20.210.36.32:8080/prediction/knn,HTTP/1.1,contacts,,200,,,http://20.210.36.32:8080/prediction/knn,,
http_req_waiting,1678217720,1331.693325,,,,true,,POST,http://20.210.36.32:8080/prediction/knn,HTTP/1.1,contacts,,200,,,http://20.210.36.32:8080/prediction/knn,,
http_req_receiving,1678217720,0.648903,,,,true,,POST,http://20.210.36.32:8080/prediction/knn,HTTP/1.1,contacts,,200,,,http://20.210.36.32:8080/prediction/knn,,
http_req_failed,1678217720,0.000000,,,,true,,POST,http://20.210.36.32:8080/prediction/knn,HTTP/1.1,contacts,,200,,,http://20.210.36.32:8080/prediction/knn,,
responseTime,1678217720,1332.391029,,,,,,,,,contacts,,,,,,,
data_sent,1678217720,2088.000000,,,,,,,,,contacts,,,,,,,
data_received,1678217720,199.000000,,,,,,,,,contacts,,,,,,,
iteration_duration,1678217720,1334.585438,,,,,,,,,contacts,,,,,,,
iterations,1678217720,1.000000,,,,,,,,,contacts,,,,,,,
http_reqs,1678217720,1.000000,,,,true,,POST,http://20.210.36.32:8080/prediction/knn,HTTP/1.1,contacts,,200,,,http://20.210.36.32:8080/prediction/knn,,
http_req_duration,1678217720,1381.491336,,,,true,,POST,http://20.210.36.32:8080/prediction/knn,HTTP/1.1,contacts,,200,,,http://20.210.36.32:8080/prediction/knn,,
http_req_blocked,1678217720,2.271810,,,,true,,POST,http://20.210.36.32:8080/prediction/knn,HTTP/1.1,contacts,,200,,,http://20.210.36.32:8080/prediction/knn,,
http_req_connecting,1678217720,2.156509,,,,true,,POST,http://20.210.36.32:8080/prediction/knn,HTTP/1.1,contacts,,200,,,http://20.210.36.32:8080/prediction/knn,,
http_req_tls_handshaking,1678217720,0.000000,,,,true,,POST,http://20.210.36.32:8080/prediction/knn,HTTP/1.1,contacts,,200,,,http://20.210.36.32:8080/prediction/knn,,
http_req_sending,1678217720,0.100300,,,,true,,POST,http://20.210.36.32:8080/prediction/knn,HTTP/1.1,contacts,,200,,,http://20.210.36.32:8080/prediction/knn,,
http_req_waiting,1678217720,1381.304436,,,,true,,POST,http://20.210.36.32:8080/prediction/knn,HTTP/1.1,contacts,,200,,,http://20.210.36.32:8080/prediction/knn,,
http_req_receiving,1678217720,0.086600,,,,true,,POST,http://20.210.36.32:8080/prediction/knn,HTTP/1.1,contacts,,200,,,http://20.210.36.32:8080/prediction/knn,,
http_req_failed,1678217720,0.000000,,,,true,,POST,http://20.210.36.32:8080/prediction/knn,HTTP/1.1,contacts,,200,,,http://20.210.36.32:8080/prediction/knn,,
responseTime,1678217720,1381.491336,,,,,,,,,contacts,,,,,,,
data_sent,1678217720,2088.000000,,,,,,,,,contacts,,,,,,,
data_received,1678217720,199.000000,,,,,,,,,contacts,,,,,,,
iteration_duration,1678217720,1384.281848,,,,,,,,,contacts,,,,,,,
iterations,1678217720,1.000000,,,,,,,,,contacts,,,,,,,
http_reqs,1678217720,1.000000,,,,true,,POST,http://20.210.36.32:8080/prediction/knn,HTTP/1.1,contacts,,200,,,http://20.210.36.32:8080/prediction/knn,,
http_req_duration,1678217720,1350.722606,,,,true,,POST,http://20.210.36.32:8080/prediction/knn,HTTP/1.1,contacts,,200,,,http://20.210.36.32:8080/prediction/knn,,
http_req_blocked,1678217720,2.090609,,,,true,,POST,http://20.210.36.32:8080/prediction/knn,HTTP/1.1,contacts,,200,,,http://20.210.36.32:8080/prediction/knn,,
http_req_connecting,1678217720,2.026909,,,,true,,POST,http://20.210.36.32:8080/prediction/knn,HTTP/1.1,contacts,,200,,,http://20.210.36.32:8080/prediction/knn,,
http_req_tls_handshaking,1678217720,0.000000,,,,true,,POST,http://20.210.36.32:8080/prediction/knn,HTTP/1.1,contacts,,200,,,http://20.210.36.32:8080/prediction/knn,,
http_req_sending,1678217720,0.072400,,,,true,,POST,http://20.210.36.32:8080/prediction/knn,HTTP/1.1,contacts,,200,,,http://20.210.36.32:8080/prediction/knn,,
http_req_waiting,1678217720,1350.516006,,,,true,,POST,http://20.210.36.32:8080/prediction/knn,HTTP/1.1,contacts,,200,,,http://20.210.36.32:8080/prediction/knn,,
http_req_receiving,1678217720,0.134200,,,,true,,POST,http://20.210.36.32:8080/prediction/knn,HTTP/1.1,contacts,,200,,,http://20.210.36.32:8080/prediction/knn,,
http_req_failed,1678217720,0.000000,,,,true,,POST,http://20.210.36.32:8080/prediction/knn,HTTP/1.1,contacts,,200,,,http://20.210.36.32:8080/prediction/knn,,
responseTime,1678217720,1350.722606,,,,,,,,,contacts,,,,,,,
data_sent,1678217720,2088.000000,,,,,,,,,contacts,,,,,,,
data_received,1678217720,199.000000,,,,,,,,,contacts,,,,,,,
iteration_duration,1678217720,1353.277117,,,,,,,,,contacts,,,,,,,
iterations,1678217720,1.000000,,,,,,,,,contacts,,,,,,,
http_reqs,1678217720,1.000000,,,,true,,POST,http://20.210.36.32:8080/prediction/knn,HTTP/1.1,contacts,,200,,,http://20.210.36.32:8080/prediction/knn,,
http_req_duration,1678217720,1369.872788,,,,true,,POST,http://20.210.36.32:8080/prediction/knn,HTTP/1.1,contacts,,200,,,http://20.210.36.32:8080/prediction/knn,,
http_req_blocked,1678217720,2.788912,,,,true,,POST,http://20.210.36.32:8080/prediction/knn,HTTP/1.1,contacts,,200,,,http://20.210.36.32:8080/prediction/knn,,
http_req_connecting,1678217720,2.728711,,,,true,,POST,http://20.210.36.32:8080/prediction/knn,HTTP/1.1,contacts,,200,,,http://20.210.36.32:8080/prediction/knn,,
http_req_tls_handshaking,1678217720,0.000000,,,,true,,POST,http://20.210.36.32:8080/prediction/knn,HTTP/1.1,contacts,,200,,,http://20.210.36.32:8080/prediction/knn,,
http_req_sending,1678217720,0.116001,,,,true,,POST,http://20.210.36.32:8080/prediction/knn,HTTP/1.1,contacts,,200,,,http://20.210.36.32:8080/prediction/knn,,
http_req_waiting,1678217720,1353.061916,,,,true,,POST,http://20.210.36.32:8080/prediction/knn,HTTP/1.1,contacts,,200,,,http://20.210.36.32:8080/prediction/knn,,
http_req_receiving,1678217720,16.694871,,,,true,,POST,http://20.210.36.32:8080/prediction/knn,HTTP/1.1,contacts,,200,,,http://20.210.36.32:8080/prediction/knn,,
http_req_failed,1678217720,0.000000,,,,true,,POST,http://20.210.36.32:8080/prediction/knn,HTTP/1.1,contacts,,200,,,http://20.210.36.32:8080/prediction/knn,,
responseTime,1678217720,1369.872788,,,,,,,,,contacts,,,,,,,
data_sent,1678217720,2088.000000,,,,,,,,,contacts,,,,,,,
data_received,1678217720,199.000000,,,,,,,,,contacts,,,,,,,
iteration_duration,1678217720,1373.341402,,,,,,,,,contacts,,,,,,,
iterations,1678217720,1.000000,,,,,,,,,contacts,,,,,,,
http_reqs,1678217720,1.000000,,,,true,,POST,http://20.210.36.32:8080/prediction/knn,HTTP/1.1,contacts,,200,,,http://20.210.36.32:8080/prediction/knn,,
http_req_duration,1678217720,1476.224736,,,,true,,POST,http://20.210.36.32:8080/prediction/knn,HTTP/1.1,contacts,,200,,,http://20.210.36.32:8080/prediction/knn,,
http_req_blocked,1678217720,2.085409,,,,true,,POST,http://20.210.36.32:8080/prediction/knn,HTTP/1.1,contacts,,200,,,http://20.210.36.32:8080/prediction/knn,,
http_req_connecting,1678217720,2.005309,,,,true,,POST,http://20.210.36.32:8080/prediction/knn,HTTP/1.1,contacts,,200,,,http://20.210.36.32:8080/prediction/knn,,
http_req_tls_handshaking,1678217720,0.000000,,,,true,,POST,http://20.210.36.32:8080/prediction/knn,HTTP/1.1,contacts,,200,,,http://20.210.36.32:8080/prediction/knn,,
http_req_sending,1678217720,0.092400,,,,true,,POST,http://20.210.36.32:8080/prediction/knn,HTTP/1.1,contacts,,200,,,http://20.210.36.32:8080/prediction/knn,,
http_req_waiting,1678217720,1474.345729,,,,true,,POST,http://20.210.36.32:8080/prediction/knn,HTTP/1.1,contacts,,200,,,http://20.210.36.32:8080/prediction/knn,,
http_req_receiving,1678217720,1.786607,,,,true,,POST,http://20.210.36.32:8080/prediction/knn,HTTP/1.1,contacts,,200,,,http://20.210.36.32:8080/prediction/knn,,
http_req_failed,1678217720,0.000000,,,,true,,POST,http://20.210.36.32:8080/prediction/knn,HTTP/1.1,contacts,,200,,,http://20.210.36.32:8080/prediction/knn,,
responseTime,1678217720,1476.224736,,,,,,,,,contacts,,,,,,,
data_sent,1678217720,2088.000000,,,,,,,,,contacts,,,,,,,
data_received,1678217720,199.000000,,,,,,,,,contacts,,,,,,,
iteration_duration,1678217720,1478.814747,,,,,,,,,contacts,,,,,,,
iterations,1678217720,1.000000,,,,,,,,,contacts,,,,,,,
http_reqs,1678217720,1.000000,,,,true,,POST,http://20.210.36.32:8080/prediction/knn,HTTP/1.1,contacts,,200,,,http://20.210.36.32:8080/prediction/knn,,
http_req_duration,1678217720,1437.743174,,,,true,,POST,http://20.210.36.32:8080/prediction/knn,HTTP/1.1,contacts,,200,,,http://20.210.36.32:8080/prediction/knn,,
http_req_blocked,1678217720,1.809707,,,,true,,POST,http://20.210.36.32:8080/prediction/knn,HTTP/1.1,contacts,,200,,,http://20.210.36.32:8080/prediction/knn,,
http_req_connecting,1678217720,1.764907,,,,true,,POST,http://20.210.36.32:8080/prediction/knn,HTTP/1.1,contacts,,200,,,http://20.210.36.32:8080/prediction/knn,,
http_req_tls_handshaking,1678217720,0.000000,,,,true,,POST,http://20.210.36.32:8080/prediction/knn,HTTP/1.1,contacts,,200,,,http://20.210.36.32:8080/prediction/knn,,
http_req_sending,1678217720,0.044900,,,,true,,POST,http://20.210.36.32:8080/prediction/knn,HTTP/1.1,contacts,,200,,,http://20.210.36.32:8080/prediction/knn,,
http_req_waiting,1678217720,1437.618274,,,,true,,POST,http://20.210.36.32:8080/prediction/knn,HTTP/1.1,contacts,,200,,,http://20.210.36.32:8080/prediction/knn,,
http_req_receiving,1678217720,0.080000,,,,true,,POST,http://20.210.36.32:8080/prediction/knn,HTTP/1.1,contacts,,200,,,http://20.210.36.32:8080/prediction/knn,,
http_req_failed,1678217720,0.000000,,,,true,,POST,http://20.210.36.32:8080/prediction/knn,HTTP/1.1,contacts,,200,,,http://20.210.36.32:8080/prediction/knn,,
responseTime,1678217720,1437.743174,,,,,,,,,contacts,,,,,,,
data_sent,1678217720,2088.000000,,,,,,,,,contacts,,,,,,,
data_received,1678217720,199.000000,,,,,,,,,contacts,,,,,,,
iteration_duration,1678217720,1439.771983,,,,,,,,,contacts,,,,,,,
iterations,1678217720,1.000000,,,,,,,,,contacts,,,,,,,
http_reqs,1678217720,1.000000,,,,true,,POST,http://20.210.36.32:8080/prediction/knn,HTTP/1.1,contacts,,200,,,http://20.210.36.32:8080/prediction/knn,,
http_req_duration,1678217720,1458.237960,,,,true,,POST,http://20.210.36.32:8080/prediction/knn,HTTP/1.1,contacts,,200,,,http://20.210.36.32:8080/prediction/knn,,
http_req_blocked,1678217720,2.096309,,,,true,,POST,http://20.210.36.32:8080/prediction/knn,HTTP/1.1,contacts,,200,,,http://20.210.36.32:8080/prediction/knn,,
http_req_connecting,1678217720,1.999109,,,,true,,POST,http://20.210.36.32:8080/prediction/knn,HTTP/1.1,contacts,,200,,,http://20.210.36.32:8080/prediction/knn,,
http_req_tls_handshaking,1678217720,0.000000,,,,true,,POST,http://20.210.36.32:8080/prediction/knn,HTTP/1.1,contacts,,200,,,http://20.210.36.32:8080/prediction/knn,,
http_req_sending,1678217720,0.074000,,,,true,,POST,http://20.210.36.32:8080/prediction/knn,HTTP/1.1,contacts,,200,,,http://20.210.36.32:8080/prediction/knn,,
http_req_waiting,1678217720,1457.291157,,,,true,,POST,http://20.210.36.32:8080/prediction/knn,HTTP/1.1,contacts,,200,,,http://20.210.36.32:8080/prediction/knn,,
http_req_receiving,1678217720,0.872803,,,,true,,POST,http://20.210.36.32:8080/prediction/knn,HTTP/1.1,contacts,,200,,,http://20.210.36.32:8080/prediction/knn,,
http_req_failed,1678217720,0.000000,,,,true,,POST,http://20.210.36.32:8080/prediction/knn,HTTP/1.1,contacts,,200,,,http://20.210.36.32:8080/prediction/knn,,
responseTime,1678217720,1458.237960,,,,,,,,,contacts,,,,,,,
data_sent,1678217720,2088.000000,,,,,,,,,contacts,,,,,,,
data_received,1678217720,199.000000,,,,,,,,,contacts,,,,,,,
iteration_duration,1678217720,1460.966272,,,,,,,,,contacts,,,,,,,
iterations,1678217720,1.000000,,,,,,,,,contacts,,,,,,,
http_reqs,1678217720,1.000000,,,,true,,POST,http://20.210.36.32:8080/prediction/knn,HTTP/1.1,contacts,,200,,,http://20.210.36.32:8080/prediction/knn,,
http_req_duration,1678217720,1423.161613,,,,true,,POST,http://20.210.36.32:8080/prediction/knn,HTTP/1.1,contacts,,200,,,http://20.210.36.32:8080/prediction/knn,,
http_req_blocked,1678217720,2.061109,,,,true,,POST,http://20.210.36.32:8080/prediction/knn,HTTP/1.1,contacts,,200,,,http://20.210.36.32:8080/prediction/knn,,
http_req_connecting,1678217720,1.990308,,,,true,,POST,http://20.210.36.32:8080/prediction/knn,HTTP/1.1,contacts,,200,,,http://20.210.36.32:8080/prediction/knn,,
http_req_tls_handshaking,1678217720,0.000000,,,,true,,POST,http://20.210.36.32:8080/prediction/knn,HTTP/1.1,contacts,,200,,,http://20.210.36.32:8080/prediction/knn,,
http_req_sending,1678217720,0.074901,,,,true,,POST,http://20.210.36.32:8080/prediction/knn,HTTP/1.1,contacts,,200,,,http://20.210.36.32:8080/prediction/knn,,
http_req_waiting,1678217720,1420.530401,,,,true,,POST,http://20.210.36.32:8080/prediction/knn,HTTP/1.1,contacts,,200,,,http://20.210.36.32:8080/prediction/knn,,
http_req_receiving,1678217720,2.556311,,,,true,,POST,http://20.210.36.32:8080/prediction/knn,HTTP/1.1,contacts,,200,,,http://20.210.36.32:8080/prediction/knn,,
http_req_failed,1678217720,0.000000,,,,true,,POST,http://20.210.36.32:8080/prediction/knn,HTTP/1.1,contacts,,200,,,http://20.210.36.32:8080/prediction/knn,,
responseTime,1678217720,1423.161613,,,,,,,,,contacts,,,,,,,
data_sent,1678217720,2088.000000,,,,,,,,,contacts,,,,,,,
data_received,1678217720,199.000000,,,,,,,,,contacts,,,,,,,
iteration_duration,1678217720,1425.572622,,,,,,,,,contacts,,,,,,,
iterations,1678217720,1.000000,,,,,,,,,contacts,,,,,,,
http_reqs,1678217720,1.000000,,,,true,,POST,http://20.210.36.32:8080/prediction/knn,HTTP/1.1,contacts,,200,,,http://20.210.36.32:8080/prediction/knn,,
http_req_duration,1678217720,1463.697284,,,,true,,POST,http://20.210.36.32:8080/prediction/knn,HTTP/1.1,contacts,,200,,,http://20.210.36.32:8080/prediction/knn,,
http_req_blocked,1678217720,2.133609,,,,true,,POST,http://20.210.36.32:8080/prediction/knn,HTTP/1.1,contacts,,200,,,http://20.210.36.32:8080/prediction/knn,,
http_req_connecting,1678217720,2.072409,,,,true,,POST,http://20.210.36.32:8080/prediction/knn,HTTP/1.1,contacts,,200,,,http://20.210.36.32:8080/prediction/knn,,
http_req_tls_handshaking,1678217720,0.000000,,,,true,,POST,http://20.210.36.32:8080/prediction/knn,HTTP/1.1,contacts,,200,,,http://20.210.36.32:8080/prediction/knn,,
http_req_sending,1678217720,0.098500,,,,true,,POST,http://20.210.36.32:8080/prediction/knn,HTTP/1.1,contacts,,200,,,http://20.210.36.32:8080/prediction/knn,,
http_req_waiting,1678217720,1463.517083,,,,true,,POST,http://20.210.36.32:8080/prediction/knn,HTTP/1.1,contacts,,200,,,http://20.210.36.32:8080/prediction/knn,,
http_req_receiving,1678217720,0.081701,,,,true,,POST,http://20.210.36.32:8080/prediction/knn,HTTP/1.1,contacts,,200,,,http://20.210.36.32:8080/prediction/knn,,
http_req_failed,1678217720,0.000000,,,,true,,POST,http://20.210.36.32:8080/prediction/knn,HTTP/1.1,contacts,,200,,,http://20.210.36.32:8080/prediction/knn,,
responseTime,1678217720,1463.697284,,,,,,,,,contacts,,,,,,,
data_sent,1678217720,2088.000000,,,,,,,,,contacts,,,,,,,
data_received,1678217720,199.000000,,,,,,,,,contacts,,,,,,,
iteration_duration,1678217720,1466.140594,,,,,,,,,contacts,,,,,,,
iterations,1678217720,1.000000,,,,,,,,,contacts,,,,,,,
http_reqs,1678217721,1.000000,,,,true,,POST,http://20.210.36.32:8080/prediction/knn,HTTP/1.1,contacts,,200,,,http://20.210.36.32:8080/prediction/knn,,
http_req_duration,1678217721,1450.475128,,,,true,,POST,http://20.210.36.32:8080/prediction/knn,HTTP/1.1,contacts,,200,,,http://20.210.36.32:8080/prediction/knn,,
http_req_blocked,1678217721,2.194809,,,,true,,POST,http://20.210.36.32:8080/prediction/knn,HTTP/1.1,contacts,,200,,,http://20.210.36.32:8080/prediction/knn,,
http_req_connecting,1678217721,2.128809,,,,true,,POST,http://20.210.36.32:8080/prediction/knn,HTTP/1.1,contacts,,200,,,http://20.210.36.32:8080/prediction/knn,,
http_req_tls_handshaking,1678217721,0.000000,,,,true,,POST,http://20.210.36.32:8080/prediction/knn,HTTP/1.1,contacts,,200,,,http://20.210.36.32:8080/prediction/knn,,
http_req_sending,1678217721,0.045900,,,,true,,POST,http://20.210.36.32:8080/prediction/knn,HTTP/1.1,contacts,,200,,,http://20.210.36.32:8080/prediction/knn,,
http_req_waiting,1678217721,1450.251327,,,,true,,POST,http://20.210.36.32:8080/prediction/knn,HTTP/1.1,contacts,,200,,,http://20.210.36.32:8080/prediction/knn,,
http_req_receiving,1678217721,0.177901,,,,true,,POST,http://20.210.36.32:8080/prediction/knn,HTTP/1.1,contacts,,200,,,http://20.210.36.32:8080/prediction/knn,,
http_req_failed,1678217721,0.000000,,,,true,,POST,http://20.210.36.32:8080/prediction/knn,HTTP/1.1,contacts,,200,,,http://20.210.36.32:8080/prediction/knn,,
responseTime,1678217721,1450.475128,,,,,,,,,contacts,,,,,,,
data_sent,1678217721,2088.000000,,,,,,,,,contacts,,,,,,,
data_received,1678217721,199.000000,,,,,,,,,contacts,,,,,,,
iteration_duration,1678217721,1453.114638,,,,,,,,,contacts,,,,,,,
iterations,1678217721,1.000000,,,,,,,,,contacts,,,,,,,
http_reqs,1678217721,1.000000,,,,true,,POST,http://20.210.36.32:8080/prediction/knn,HTTP/1.1,contacts,,200,,,http://20.210.36.32:8080/prediction/knn,,
http_req_duration,1678217721,1482.728264,,,,true,,POST,http://20.210.36.32:8080/prediction/knn,HTTP/1.1,contacts,,200,,,http://20.210.36.32:8080/prediction/knn,,
http_req_blocked,1678217721,2.202909,,,,true,,POST,http://20.210.36.32:8080/prediction/knn,HTTP/1.1,contacts,,200,,,http://20.210.36.32:8080/prediction/knn,,
http_req_connecting,1678217721,2.136909,,,,true,,POST,http://20.210.36.32:8080/prediction/knn,HTTP/1.1,contacts,,200,,,http://20.210.36.32:8080/prediction/knn,,
http_req_tls_handshaking,1678217721,0.000000,,,,true,,POST,http://20.210.36.32:8080/prediction/knn,HTTP/1.1,contacts,,200,,,http://20.210.36.32:8080/prediction/knn,,
http_req_sending,1678217721,0.033800,,,,true,,POST,http://20.210.36.32:8080/prediction/knn,HTTP/1.1,contacts,,200,,,http://20.210.36.32:8080/prediction/knn,,
http_req_waiting,1678217721,1457.097956,,,,true,,POST,http://20.210.36.32:8080/prediction/knn,HTTP/1.1,contacts,,200,,,http://20.210.36.32:8080/prediction/knn,,
http_req_receiving,1678217721,25.596508,,,,true,,POST,http://20.210.36.32:8080/prediction/knn,HTTP/1.1,contacts,,200,,,http://20.210.36.32:8080/prediction/knn,,
http_req_failed,1678217721,0.000000,,,,true,,POST,http://20.210.36.32:8080/prediction/knn,HTTP/1.1,contacts,,200,,,http://20.210.36.32:8080/prediction/knn,,
responseTime,1678217721,1482.728264,,,,,,,,,contacts,,,,,,,
data_sent,1678217721,2088.000000,,,,,,,,,contacts,,,,,,,
data_received,1678217721,199.000000,,,,,,,,,contacts,,,,,,,
iteration_duration,1678217721,1485.306875,,,,,,,,,contacts,,,,,,,
iterations,1678217721,1.000000,,,,,,,,,contacts,,,,,,,
http_reqs,1678217721,1.000000,,,,true,,POST,http://20.210.36.32:8080/prediction/knn,HTTP/1.1,contacts,,200,,,http://20.210.36.32:8080/prediction/knn,,
http_req_duration,1678217721,1501.499843,,,,true,,POST,http://20.210.36.32:8080/prediction/knn,HTTP/1.1,contacts,,200,,,http://20.210.36.32:8080/prediction/knn,,
http_req_blocked,1678217721,2.174609,,,,true,,POST,http://20.210.36.32:8080/prediction/knn,HTTP/1.1,contacts,,200,,,http://20.210.36.32:8080/prediction/knn,,
http_req_connecting,1678217721,2.080009,,,,true,,POST,http://20.210.36.32:8080/prediction/knn,HTTP/1.1,contacts,,200,,,http://20.210.36.32:8080/prediction/knn,,
http_req_tls_handshaking,1678217721,0.000000,,,,true,,POST,http://20.210.36.32:8080/prediction/knn,HTTP/1.1,contacts,,200,,,http://20.210.36.32:8080/prediction/knn,,
http_req_sending,1678217721,0.098001,,,,true,,POST,http://20.210.36.32:8080/prediction/knn,HTTP/1.1,contacts,,200,,,http://20.210.36.32:8080/prediction/knn,,
http_req_waiting,1678217721,1499.839036,,,,true,,POST,http://20.210.36.32:8080/prediction/knn,HTTP/1.1,contacts,,200,,,http://20.210.36.32:8080/prediction/knn,,
http_req_receiving,1678217721,1.562806,,,,true,,POST,http://20.210.36.32:8080/prediction/knn,HTTP/1.1,contacts,,200,,,http://20.210.36.32:8080/prediction/knn,,
http_req_failed,1678217721,0.000000,,,,true,,POST,http://20.210.36.32:8080/prediction/knn,HTTP/1.1,contacts,,200,,,http://20.210.36.32:8080/prediction/knn,,
responseTime,1678217721,1501.499843,,,,,,,,,contacts,,,,,,,
data_sent,1678217721,2088.000000,,,,,,,,,contacts,,,,,,,
data_received,1678217721,199.000000,,,,,,,,,contacts,,,,,,,
iteration_duration,1678217721,1504.161354,,,,,,,,,contacts,,,,,,,
iterations,1678217721,1.000000,,,,,,,,,contacts,,,,,,,
http_reqs,1678217721,1.000000,,,,true,,POST,http://20.210.36.32:8080/prediction/knn,HTTP/1.1,contacts,,200,,,http://20.210.36.32:8080/prediction/knn,,
http_req_duration,1678217721,1437.153872,,,,true,,POST,http://20.210.36.32:8080/prediction/knn,HTTP/1.1,contacts,,200,,,http://20.210.36.32:8080/prediction/knn,,
http_req_blocked,1678217721,2.126809,,,,true,,POST,http://20.210.36.32:8080/prediction/knn,HTTP/1.1,contacts,,200,,,http://20.210.36.32:8080/prediction/knn,,
http_req_connecting,1678217721,2.054808,,,,true,,POST,http://20.210.36.32:8080/prediction/knn,HTTP/1.1,contacts,,200,,,http://20.210.36.32:8080/prediction/knn,,
http_req_tls_handshaking,1678217721,0.000000,,,,true,,POST,http://20.210.36.32:8080/prediction/knn,HTTP/1.1,contacts,,200,,,http://20.210.36.32:8080/prediction/knn,,
http_req_sending,1678217721,0.055701,,,,true,,POST,http://20.210.36.32:8080/prediction/knn,HTTP/1.1,contacts,,200,,,http://20.210.36.32:8080/prediction/knn,,
http_req_waiting,1678217721,1435.582264,,,,true,,POST,http://20.210.36.32:8080/prediction/knn,HTTP/1.1,contacts,,200,,,http://20.210.36.32:8080/prediction/knn,,
http_req_receiving,1678217721,1.515907,,,,true,,POST,http://20.210.36.32:8080/prediction/knn,HTTP/1.1,contacts,,200,,,http://20.210.36.32:8080/prediction/knn,,
http_req_failed,1678217721,0.000000,,,,true,,POST,http://20.210.36.32:8080/prediction/knn,HTTP/1.1,contacts,,200,,,http://20.210.36.32:8080/prediction/knn,,
responseTime,1678217721,1437.153872,,,,,,,,,contacts,,,,,,,
data_sent,1678217721,2088.000000,,,,,,,,,contacts,,,,,,,
data_received,1678217721,199.000000,,,,,,,,,contacts,,,,,,,
iteration_duration,1678217721,1439.999984,,,,,,,,,contacts,,,,,,,
iterations,1678217721,1.000000,,,,,,,,,contacts,,,,,,,
http_reqs,1678217721,1.000000,,,,true,,POST,http://20.210.36.32:8080/prediction/knn,HTTP/1.1,contacts,,200,,,http://20.210.36.32:8080/prediction/knn,,
http_req_duration,1678217721,1501.127641,,,,true,,POST,http://20.210.36.32:8080/prediction/knn,HTTP/1.1,contacts,,200,,,http://20.210.36.32:8080/prediction/knn,,
http_req_blocked,1678217721,2.132309,,,,true,,POST,http://20.210.36.32:8080/prediction/knn,HTTP/1.1,contacts,,200,,,http://20.210.36.32:8080/prediction/knn,,
http_req_connecting,1678217721,2.072309,,,,true,,POST,http://20.210.36.32:8080/prediction/knn,HTTP/1.1,contacts,,200,,,http://20.210.36.32:8080/prediction/knn,,
http_req_tls_handshaking,1678217721,0.000000,,,,true,,POST,http://20.210.36.32:8080/prediction/knn,HTTP/1.1,contacts,,200,,,http://20.210.36.32:8080/prediction/knn,,
http_req_sending,1678217721,0.069400,,,,true,,POST,http://20.210.36.32:8080/prediction/knn,HTTP/1.1,contacts,,200,,,http://20.210.36.32:8080/prediction/knn,,
http_req_waiting,1678217721,1500.934141,,,,true,,POST,http://20.210.36.32:8080/prediction/knn,HTTP/1.1,contacts,,200,,,http://20.210.36.32:8080/prediction/knn,,
http_req_receiving,1678217721,0.124100,,,,true,,POST,http://20.210.36.32:8080/prediction/knn,HTTP/1.1,contacts,,200,,,http://20.210.36.32:8080/prediction/knn,,
http_req_failed,1678217721,0.000000,,,,true,,POST,http://20.210.36.32:8080/prediction/knn,HTTP/1.1,contacts,,200,,,http://20.210.36.32:8080/prediction/knn,,
responseTime,1678217721,1501.127641,,,,,,,,,contacts,,,,,,,
data_sent,1678217721,2088.000000,,,,,,,,,contacts,,,,,,,
data_received,1678217721,199.000000,,,,,,,,,contacts,,,,,,,
iteration_duration,1678217721,1503.715352,,,,,,,,,contacts,,,,,,,
iterations,1678217721,1.000000,,,,,,,,,contacts,,,,,,,
http_reqs,1678217721,1.000000,,,,true,,POST,http://20.210.36.32:8080/prediction/knn,HTTP/1.1,contacts,,200,,,http://20.210.36.32:8080/prediction/knn,,
http_req_duration,1678217721,1489.594493,,,,true,,POST,http://20.210.36.32:8080/prediction/knn,HTTP/1.1,contacts,,200,,,http://20.210.36.32:8080/prediction/knn,,
http_req_blocked,1678217721,2.301610,,,,true,,POST,http://20.210.36.32:8080/prediction/knn,HTTP/1.1,contacts,,200,,,http://20.210.36.32:8080/prediction/knn,,
http_req_connecting,1678217721,2.208810,,,,true,,POST,http://20.210.36.32:8080/prediction/knn,HTTP/1.1,contacts,,200,,,http://20.210.36.32:8080/prediction/knn,,
http_req_tls_handshaking,1678217721,0.000000,,,,true,,POST,http://20.210.36.32:8080/prediction/knn,HTTP/1.1,contacts,,200,,,http://20.210.36.32:8080/prediction/knn,,
http_req_sending,1678217721,0.089500,,,,true,,POST,http://20.210.36.32:8080/prediction/knn,HTTP/1.1,contacts,,200,,,http://20.210.36.32:8080/prediction/knn,,
http_req_waiting,1678217721,1489.436292,,,,true,,POST,http://20.210.36.32:8080/prediction/knn,HTTP/1.1,contacts,,200,,,http://20.210.36.32:8080/prediction/knn,,
http_req_receiving,1678217721,0.068701,,,,true,,POST,http://20.210.36.32:8080/prediction/knn,HTTP/1.1,contacts,,200,,,http://20.210.36.32:8080/prediction/knn,,
http_req_failed,1678217721,0.000000,,,,true,,POST,http://20.210.36.32:8080/prediction/knn,HTTP/1.1,contacts,,200,,,http://20.210.36.32:8080/prediction/knn,,
responseTime,1678217721,1489.594493,,,,,,,,,contacts,,,,,,,
data_sent,1678217721,2088.000000,,,,,,,,,contacts,,,,,,,
data_received,1678217721,199.000000,,,,,,,,,contacts,,,,,,,
iteration_duration,1678217721,1492.173004,,,,,,,,,contacts,,,,,,,
iterations,1678217721,1.000000,,,,,,,,,contacts,,,,,,,
http_reqs,1678217721,1.000000,,,,true,,POST,http://20.210.36.32:8080/prediction/knn,HTTP/1.1,contacts,,200,,,http://20.210.36.32:8080/prediction/knn,,
http_req_duration,1678217721,1523.529036,,,,true,,POST,http://20.210.36.32:8080/prediction/knn,HTTP/1.1,contacts,,200,,,http://20.210.36.32:8080/prediction/knn,,
http_req_blocked,1678217721,2.154409,,,,true,,POST,http://20.210.36.32:8080/prediction/knn,HTTP/1.1,contacts,,200,,,http://20.210.36.32:8080/prediction/knn,,
http_req_connecting,1678217721,2.090609,,,,true,,POST,http://20.210.36.32:8080/prediction/knn,HTTP/1.1,contacts,,200,,,http://20.210.36.32:8080/prediction/knn,,
http_req_tls_handshaking,1678217721,0.000000,,,,true,,POST,http://20.210.36.32:8080/prediction/knn,HTTP/1.1,contacts,,200,,,http://20.210.36.32:8080/prediction/knn,,
http_req_sending,1678217721,0.052300,,,,true,,POST,http://20.210.36.32:8080/prediction/knn,HTTP/1.1,contacts,,200,,,http://20.210.36.32:8080/prediction/knn,,
http_req_waiting,1678217721,1523.354036,,,,true,,POST,http://20.210.36.32:8080/prediction/knn,HTTP/1.1,contacts,,200,,,http://20.210.36.32:8080/prediction/knn,,
http_req_receiving,1678217721,0.122700,,,,true,,POST,http://20.210.36.32:8080/prediction/knn,HTTP/1.1,contacts,,200,,,http://20.210.36.32:8080/prediction/knn,,
http_req_failed,1678217721,0.000000,,,,true,,POST,http://20.210.36.32:8080/prediction/knn,HTTP/1.1,contacts,,200,,,http://20.210.36.32:8080/prediction/knn,,
responseTime,1678217721,1523.529036,,,,,,,,,contacts,,,,,,,
data_sent,1678217721,2088.000000,,,,,,,,,contacts,,,,,,,
data_received,1678217721,199.000000,,,,,,,,,contacts,,,,,,,
iteration_duration,1678217721,1526.213948,,,,,,,,,contacts,,,,,,,
iterations,1678217721,1.000000,,,,,,,,,contacts,,,,,,,
http_reqs,1678217721,1.000000,,,,true,,POST,http://20.210.36.32:8080/prediction/knn,HTTP/1.1,contacts,,200,,,http://20.210.36.32:8080/prediction/knn,,
http_req_duration,1678217721,1485.821977,,,,true,,POST,http://20.210.36.32:8080/prediction/knn,HTTP/1.1,contacts,,200,,,http://20.210.36.32:8080/prediction/knn,,
http_req_blocked,1678217721,1.959308,,,,true,,POST,http://20.210.36.32:8080/prediction/knn,HTTP/1.1,contacts,,200,,,http://20.210.36.32:8080/prediction/knn,,
http_req_connecting,1678217721,1.828208,,,,true,,POST,http://20.210.36.32:8080/prediction/knn,HTTP/1.1,contacts,,200,,,http://20.210.36.32:8080/prediction/knn,,
http_req_tls_handshaking,1678217721,0.000000,,,,true,,POST,http://20.210.36.32:8080/prediction/knn,HTTP/1.1,contacts,,200,,,http://20.210.36.32:8080/prediction/knn,,
http_req_sending,1678217721,0.085800,,,,true,,POST,http://20.210.36.32:8080/prediction/knn,HTTP/1.1,contacts,,200,,,http://20.210.36.32:8080/prediction/knn,,
http_req_waiting,1678217721,1485.644977,,,,true,,POST,http://20.210.36.32:8080/prediction/knn,HTTP/1.1,contacts,,200,,,http://20.210.36.32:8080/prediction/knn,,
http_req_receiving,1678217721,0.091200,,,,true,,POST,http://20.210.36.32:8080/prediction/knn,HTTP/1.1,contacts,,200,,,http://20.210.36.32:8080/prediction/knn,,
http_req_failed,1678217721,0.000000,,,,true,,POST,http://20.210.36.32:8080/prediction/knn,HTTP/1.1,contacts,,200,,,http://20.210.36.32:8080/prediction/knn,,
responseTime,1678217721,1485.821977,,,,,,,,,contacts,,,,,,,
data_sent,1678217721,2088.000000,,,,,,,,,contacts,,,,,,,
data_received,1678217721,199.000000,,,,,,,,,contacts,,,,,,,
iteration_duration,1678217721,1488.161187,,,,,,,,,contacts,,,,,,,
iterations,1678217721,1.000000,,,,,,,,,contacts,,,,,,,
http_reqs,1678217721,1.000000,,,,true,,POST,http://20.210.36.32:8080/prediction/knn,HTTP/1.1,contacts,,200,,,http://20.210.36.32:8080/prediction/knn,,
http_req_duration,1678217721,1488.120487,,,,true,,POST,http://20.210.36.32:8080/prediction/knn,HTTP/1.1,contacts,,200,,,http://20.210.36.32:8080/prediction/knn,,
http_req_blocked,1678217721,2.183509,,,,true,,POST,http://20.210.36.32:8080/prediction/knn,HTTP/1.1,contacts,,200,,,http://20.210.36.32:8080/prediction/knn,,
http_req_connecting,1678217721,2.112909,,,,true,,POST,http://20.210.36.32:8080/prediction/knn,HTTP/1.1,contacts,,200,,,http://20.210.36.32:8080/prediction/knn,,
http_req_tls_handshaking,1678217721,0.000000,,,,true,,POST,http://20.210.36.32:8080/prediction/knn,HTTP/1.1,contacts,,200,,,http://20.210.36.32:8080/prediction/knn,,
http_req_sending,1678217721,0.057700,,,,true,,POST,http://20.210.36.32:8080/prediction/knn,HTTP/1.1,contacts,,200,,,http://20.210.36.32:8080/prediction/knn,,
http_req_waiting,1678217721,1487.979887,,,,true,,POST,http://20.210.36.32:8080/prediction/knn,HTTP/1.1,contacts,,200,,,http://20.210.36.32:8080/prediction/knn,,
http_req_receiving,1678217721,0.082900,,,,true,,POST,http://20.210.36.32:8080/prediction/knn,HTTP/1.1,contacts,,200,,,http://20.210.36.32:8080/prediction/knn,,
http_req_failed,1678217721,0.000000,,,,true,,POST,http://20.210.36.32:8080/prediction/knn,HTTP/1.1,contacts,,200,,,http://20.210.36.32:8080/prediction/knn,,
responseTime,1678217721,1488.120487,,,,,,,,,contacts,,,,,,,
data_sent,1678217721,2088.000000,,,,,,,,,contacts,,,,,,,
data_received,1678217721,199.000000,,,,,,,,,contacts,,,,,,,
iteration_duration,1678217721,1490.842199,,,,,,,,,contacts,,,,,,,
iterations,1678217721,1.000000,,,,,,,,,contacts,,,,,,,
http_reqs,1678217721,1.000000,,,,true,,POST,http://20.210.36.32:8080/prediction/knn,HTTP/1.1,contacts,,200,,,http://20.210.36.32:8080/prediction/knn,,
http_req_duration,1678217721,1517.741912,,,,true,,POST,http://20.210.36.32:8080/prediction/knn,HTTP/1.1,contacts,,200,,,http://20.210.36.32:8080/prediction/knn,,
http_req_blocked,1678217721,2.131309,,,,true,,POST,http://20.210.36.32:8080/prediction/knn,HTTP/1.1,contacts,,200,,,http://20.210.36.32:8080/prediction/knn,,
http_req_connecting,1678217721,2.007508,,,,true,,POST,http://20.210.36.32:8080/prediction/knn,HTTP/1.1,contacts,,200,,,http://20.210.36.32:8080/prediction/knn,,
http_req_tls_handshaking,1678217721,0.000000,,,,true,,POST,http://20.210.36.32:8080/prediction/knn,HTTP/1.1,contacts,,200,,,http://20.210.36.32:8080/prediction/knn,,
http_req_sending,1678217721,0.098400,,,,true,,POST,http://20.210.36.32:8080/prediction/knn,HTTP/1.1,contacts,,200,,,http://20.210.36.32:8080/prediction/knn,,
http_req_waiting,1678217721,1509.114776,,,,true,,POST,http://20.210.36.32:8080/prediction/knn,HTTP/1.1,contacts,,200,,,http://20.210.36.32:8080/prediction/knn,,
http_req_receiving,1678217721,8.528736,,,,true,,POST,http://20.210.36.32:8080/prediction/knn,HTTP/1.1,contacts,,200,,,http://20.210.36.32:8080/prediction/knn,,
http_req_failed,1678217721,0.000000,,,,true,,POST,http://20.210.36.32:8080/prediction/knn,HTTP/1.1,contacts,,200,,,http://20.210.36.32:8080/prediction/knn,,
responseTime,1678217721,1517.741912,,,,,,,,,contacts,,,,,,,
data_sent,1678217721,2088.000000,,,,,,,,,contacts,,,,,,,
data_received,1678217721,199.000000,,,,,,,,,contacts,,,,,,,
iteration_duration,1678217721,1520.263523,,,,,,,,,contacts,,,,,,,
iterations,1678217721,1.000000,,,,,,,,,contacts,,,,,,,
http_reqs,1678217721,1.000000,,,,true,,POST,http://20.210.36.32:8080/prediction/knn,HTTP/1.1,contacts,,200,,,http://20.210.36.32:8080/prediction/knn,,
http_req_duration,1678217721,1542.162415,,,,true,,POST,http://20.210.36.32:8080/prediction/knn,HTTP/1.1,contacts,,200,,,http://20.210.36.32:8080/prediction/knn,,
http_req_blocked,1678217721,2.189909,,,,true,,POST,http://20.210.36.32:8080/prediction/knn,HTTP/1.1,contacts,,200,,,http://20.210.36.32:8080/prediction/knn,,
http_req_connecting,1678217721,2.088709,,,,true,,POST,http://20.210.36.32:8080/prediction/knn,HTTP/1.1,contacts,,200,,,http://20.210.36.32:8080/prediction/knn,,
http_req_tls_handshaking,1678217721,0.000000,,,,true,,POST,http://20.210.36.32:8080/prediction/knn,HTTP/1.1,contacts,,200,,,http://20.210.36.32:8080/prediction/knn,,
http_req_sending,1678217721,0.113900,,,,true,,POST,http://20.210.36.32:8080/prediction/knn,HTTP/1.1,contacts,,200,,,http://20.210.36.32:8080/prediction/knn,,
http_req_waiting,1678217721,1532.838976,,,,true,,POST,http://20.210.36.32:8080/prediction/knn,HTTP/1.1,contacts,,200,,,http://20.210.36.32:8080/prediction/knn,,
http_req_receiving,1678217721,9.209539,,,,true,,POST,http://20.210.36.32:8080/prediction/knn,HTTP/1.1,contacts,,200,,,http://20.210.36.32:8080/prediction/knn,,
http_req_failed,1678217721,0.000000,,,,true,,POST,http://20.210.36.32:8080/prediction/knn,HTTP/1.1,contacts,,200,,,http://20.210.36.32:8080/prediction/knn,,
responseTime,1678217721,1542.162415,,,,,,,,,contacts,,,,,,,
data_sent,1678217721,2088.000000,,,,,,,,,contacts,,,,,,,
data_received,1678217721,199.000000,,,,,,,,,contacts,,,,,,,
iteration_duration,1678217721,1544.752826,,,,,,,,,contacts,,,,,,,
iterations,1678217721,1.000000,,,,,,,,,contacts,,,,,,,
http_reqs,1678217721,1.000000,,,,true,,POST,http://20.210.36.32:8080/prediction/knn,HTTP/1.1,contacts,,200,,,http://20.210.36.32:8080/prediction/knn,,
http_req_duration,1678217721,1549.120544,,,,true,,POST,http://20.210.36.32:8080/prediction/knn,HTTP/1.1,contacts,,200,,,http://20.210.36.32:8080/prediction/knn,,
http_req_blocked,1678217721,2.624711,,,,true,,POST,http://20.210.36.32:8080/prediction/knn,HTTP/1.1,contacts,,200,,,http://20.210.36.32:8080/prediction/knn,,
http_req_connecting,1678217721,2.547711,,,,true,,POST,http://20.210.36.32:8080/prediction/knn,HTTP/1.1,contacts,,200,,,http://20.210.36.32:8080/prediction/knn,,
http_req_tls_handshaking,1678217721,0.000000,,,,true,,POST,http://20.210.36.32:8080/prediction/knn,HTTP/1.1,contacts,,200,,,http://20.210.36.32:8080/prediction/knn,,
http_req_sending,1678217721,0.045400,,,,true,,POST,http://20.210.36.32:8080/prediction/knn,HTTP/1.1,contacts,,200,,,http://20.210.36.32:8080/prediction/knn,,
http_req_waiting,1678217721,1548.967944,,,,true,,POST,http://20.210.36.32:8080/prediction/knn,HTTP/1.1,contacts,,200,,,http://20.210.36.32:8080/prediction/knn,,
http_req_receiving,1678217721,0.107200,,,,true,,POST,http://20.210.36.32:8080/prediction/knn,HTTP/1.1,contacts,,200,,,http://20.210.36.32:8080/prediction/knn,,
http_req_failed,1678217721,0.000000,,,,true,,POST,http://20.210.36.32:8080/prediction/knn,HTTP/1.1,contacts,,200,,,http://20.210.36.32:8080/prediction/knn,,
responseTime,1678217721,1549.120544,,,,,,,,,contacts,,,,,,,
data_sent,1678217721,2088.000000,,,,,,,,,contacts,,,,,,,
data_received,1678217721,199.000000,,,,,,,,,contacts,,,,,,,
iteration_duration,1678217721,1552.292457,,,,,,,,,contacts,,,,,,,
iterations,1678217721,1.000000,,,,,,,,,contacts,,,,,,,
http_reqs,1678217721,1.000000,,,,true,,POST,http://20.210.36.32:8080/prediction/knn,HTTP/1.1,contacts,,200,,,http://20.210.36.32:8080/prediction/knn,,
http_req_duration,1678217721,1577.781466,,,,true,,POST,http://20.210.36.32:8080/prediction/knn,HTTP/1.1,contacts,,200,,,http://20.210.36.32:8080/prediction/knn,,
http_req_blocked,1678217721,2.014608,,,,true,,POST,http://20.210.36.32:8080/prediction/knn,HTTP/1.1,contacts,,200,,,http://20.210.36.32:8080/prediction/knn,,
http_req_connecting,1678217721,1.960708,,,,true,,POST,http://20.210.36.32:8080/prediction/knn,HTTP/1.1,contacts,,200,,,http://20.210.36.32:8080/prediction/knn,,
http_req_tls_handshaking,1678217721,0.000000,,,,true,,POST,http://20.210.36.32:8080/prediction/knn,HTTP/1.1,contacts,,200,,,http://20.210.36.32:8080/prediction/knn,,
http_req_sending,1678217721,0.033100,,,,true,,POST,http://20.210.36.32:8080/prediction/knn,HTTP/1.1,contacts,,200,,,http://20.210.36.32:8080/prediction/knn,,
http_req_waiting,1678217721,1553.625764,,,,true,,POST,http://20.210.36.32:8080/prediction/knn,HTTP/1.1,contacts,,200,,,http://20.210.36.32:8080/prediction/knn,,
http_req_receiving,1678217721,24.122602,,,,true,,POST,http://20.210.36.32:8080/prediction/knn,HTTP/1.1,contacts,,200,,,http://20.210.36.32:8080/prediction/knn,,
http_req_failed,1678217721,0.000000,,,,true,,POST,http://20.210.36.32:8080/prediction/knn,HTTP/1.1,contacts,,200,,,http://20.210.36.32:8080/prediction/knn,,
responseTime,1678217721,1577.781466,,,,,,,,,contacts,,,,,,,
data_sent,1678217721,2088.000000,,,,,,,,,contacts,,,,,,,
data_received,1678217721,199.000000,,,,,,,,,contacts,,,,,,,
iteration_duration,1678217721,1580.132875,,,,,,,,,contacts,,,,,,,
iterations,1678217721,1.000000,,,,,,,,,contacts,,,,,,,
http_reqs,1678217721,1.000000,,,,true,,POST,http://20.210.36.32:8080/prediction/knn,HTTP/1.1,contacts,,200,,,http://20.210.36.32:8080/prediction/knn,,
http_req_duration,1678217721,1455.706050,,,,true,,POST,http://20.210.36.32:8080/prediction/knn,HTTP/1.1,contacts,,200,,,http://20.210.36.32:8080/prediction/knn,,
http_req_blocked,1678217721,3.719516,,,,true,,POST,http://20.210.36.32:8080/prediction/knn,HTTP/1.1,contacts,,200,,,http://20.210.36.32:8080/prediction/knn,,
http_req_connecting,1678217721,3.653015,,,,true,,POST,http://20.210.36.32:8080/prediction/knn,HTTP/1.1,contacts,,200,,,http://20.210.36.32:8080/prediction/knn,,
http_req_tls_handshaking,1678217721,0.000000,,,,true,,POST,http://20.210.36.32:8080/prediction/knn,HTTP/1.1,contacts,,200,,,http://20.210.36.32:8080/prediction/knn,,
http_req_sending,1678217721,0.072100,,,,true,,POST,http://20.210.36.32:8080/prediction/knn,HTTP/1.1,contacts,,200,,,http://20.210.36.32:8080/prediction/knn,,
http_req_waiting,1678217721,1453.724042,,,,true,,POST,http://20.210.36.32:8080/prediction/knn,HTTP/1.1,contacts,,200,,,http://20.210.36.32:8080/prediction/knn,,
http_req_receiving,1678217721,1.909908,,,,true,,POST,http://20.210.36.32:8080/prediction/knn,HTTP/1.1,contacts,,200,,,http://20.210.36.32:8080/prediction/knn,,
http_req_failed,1678217721,0.000000,,,,true,,POST,http://20.210.36.32:8080/prediction/knn,HTTP/1.1,contacts,,200,,,http://20.210.36.32:8080/prediction/knn,,
responseTime,1678217721,1455.706050,,,,,,,,,contacts,,,,,,,
data_sent,1678217721,2088.000000,,,,,,,,,contacts,,,,,,,
data_received,1678217721,199.000000,,,,,,,,,contacts,,,,,,,
iteration_duration,1678217721,1460.063368,,,,,,,,,contacts,,,,,,,
iterations,1678217721,1.000000,,,,,,,,,contacts,,,,,,,
http_reqs,1678217721,1.000000,,,,true,,POST,http://20.210.36.32:8080/prediction/knn,HTTP/1.1,contacts,,200,,,http://20.210.36.32:8080/prediction/knn,,
http_req_duration,1678217721,1475.140932,,,,true,,POST,http://20.210.36.32:8080/prediction/knn,HTTP/1.1,contacts,,200,,,http://20.210.36.32:8080/prediction/knn,,
http_req_blocked,1678217721,2.829612,,,,true,,POST,http://20.210.36.32:8080/prediction/knn,HTTP/1.1,contacts,,200,,,http://20.210.36.32:8080/prediction/knn,,
http_req_connecting,1678217721,2.695511,,,,true,,POST,http://20.210.36.32:8080/prediction/knn,HTTP/1.1,contacts,,200,,,http://20.210.36.32:8080/prediction/knn,,
http_req_tls_handshaking,1678217721,0.000000,,,,true,,POST,http://20.210.36.32:8080/prediction/knn,HTTP/1.1,contacts,,200,,,http://20.210.36.32:8080/prediction/knn,,
http_req_sending,1678217721,0.071800,,,,true,,POST,http://20.210.36.32:8080/prediction/knn,HTTP/1.1,contacts,,200,,,http://20.210.36.32:8080/prediction/knn,,
http_req_waiting,1678217721,1474.877531,,,,true,,POST,http://20.210.36.32:8080/prediction/knn,HTTP/1.1,contacts,,200,,,http://20.210.36.32:8080/prediction/knn,,
http_req_receiving,1678217721,0.191601,,,,true,,POST,http://20.210.36.32:8080/prediction/knn,HTTP/1.1,contacts,,200,,,http://20.210.36.32:8080/prediction/knn,,
http_req_failed,1678217721,0.000000,,,,true,,POST,http://20.210.36.32:8080/prediction/knn,HTTP/1.1,contacts,,200,,,http://20.210.36.32:8080/prediction/knn,,
responseTime,1678217721,1475.140932,,,,,,,,,contacts,,,,,,,
data_sent,1678217721,2088.000000,,,,,,,,,contacts,,,,,,,
data_received,1678217721,199.000000,,,,,,,,,contacts,,,,,,,
iteration_duration,1678217721,1478.598446,,,,,,,,,contacts,,,,,,,
iterations,1678217721,1.000000,,,,,,,,,contacts,,,,,,,
http_reqs,1678217721,1.000000,,,,true,,POST,http://20.210.36.32:8080/prediction/knn,HTTP/1.1,contacts,,200,,,http://20.210.36.32:8080/prediction/knn,,
http_req_duration,1678217721,1478.914248,,,,true,,POST,http://20.210.36.32:8080/prediction/knn,HTTP/1.1,contacts,,200,,,http://20.210.36.32:8080/prediction/knn,,
http_req_blocked,1678217721,4.033317,,,,true,,POST,http://20.210.36.32:8080/prediction/knn,HTTP/1.1,contacts,,200,,,http://20.210.36.32:8080/prediction/knn,,
http_req_connecting,1678217721,3.968117,,,,true,,POST,http://20.210.36.32:8080/prediction/knn,HTTP/1.1,contacts,,200,,,http://20.210.36.32:8080/prediction/knn,,
http_req_tls_handshaking,1678217721,0.000000,,,,true,,POST,http://20.210.36.32:8080/prediction/knn,HTTP/1.1,contacts,,200,,,http://20.210.36.32:8080/prediction/knn,,
http_req_sending,1678217721,0.059601,,,,true,,POST,http://20.210.36.32:8080/prediction/knn,HTTP/1.1,contacts,,200,,,http://20.210.36.32:8080/prediction/knn,,
http_req_waiting,1678217721,1478.689946,,,,true,,POST,http://20.210.36.32:8080/prediction/knn,HTTP/1.1,contacts,,200,,,http://20.210.36.32:8080/prediction/knn,,
http_req_receiving,1678217721,0.164701,,,,true,,POST,http://20.210.36.32:8080/prediction/knn,HTTP/1.1,contacts,,200,,,http://20.210.36.32:8080/prediction/knn,,
http_req_failed,1678217721,0.000000,,,,true,,POST,http://20.210.36.32:8080/prediction/knn,HTTP/1.1,contacts,,200,,,http://20.210.36.32:8080/prediction/knn,,
responseTime,1678217721,1478.914248,,,,,,,,,contacts,,,,,,,
data_sent,1678217721,2088.000000,,,,,,,,,contacts,,,,,,,
data_received,1678217721,199.000000,,,,,,,,,contacts,,,,,,,
iteration_duration,1678217721,1483.640968,,,,,,,,,contacts,,,,,,,
iterations,1678217721,1.000000,,,,,,,,,contacts,,,,,,,
http_reqs,1678217721,1.000000,,,,true,,POST,http://20.210.36.32:8080/prediction/knn,HTTP/1.1,contacts,,200,,,http://20.210.36.32:8080/prediction/knn,,
http_req_duration,1678217721,1542.247915,,,,true,,POST,http://20.210.36.32:8080/prediction/knn,HTTP/1.1,contacts,,200,,,http://20.210.36.32:8080/prediction/knn,,
http_req_blocked,1678217721,3.646315,,,,true,,POST,http://20.210.36.32:8080/prediction/knn,HTTP/1.1,contacts,,200,,,http://20.210.36.32:8080/prediction/knn,,
http_req_connecting,1678217721,3.592015,,,,true,,POST,http://20.210.36.32:8080/prediction/knn,HTTP/1.1,contacts,,200,,,http://20.210.36.32:8080/prediction/knn,,
http_req_tls_handshaking,1678217721,0.000000,,,,true,,POST,http://20.210.36.32:8080/prediction/knn,HTTP/1.1,contacts,,200,,,http://20.210.36.32:8080/prediction/knn,,
http_req_sending,1678217721,0.055700,,,,true,,POST,http://20.210.36.32:8080/prediction/knn,HTTP/1.1,contacts,,200,,,http://20.210.36.32:8080/prediction/knn,,
http_req_waiting,1678217721,1542.051315,,,,true,,POST,http://20.210.36.32:8080/prediction/knn,HTTP/1.1,contacts,,200,,,http://20.210.36.32:8080/prediction/knn,,
http_req_receiving,1678217721,0.140900,,,,true,,POST,http://20.210.36.32:8080/prediction/knn,HTTP/1.1,contacts,,200,,,http://20.210.36.32:8080/prediction/knn,,
http_req_failed,1678217721,0.000000,,,,true,,POST,http://20.210.36.32:8080/prediction/knn,HTTP/1.1,contacts,,200,,,http://20.210.36.32:8080/prediction/knn,,
responseTime,1678217721,1542.247915,,,,,,,,,contacts,,,,,,,
data_sent,1678217721,2088.000000,,,,,,,,,contacts,,,,,,,
data_received,1678217721,199.000000,,,,,,,,,contacts,,,,,,,
iteration_duration,1678217721,1546.274632,,,,,,,,,contacts,,,,,,,
iterations,1678217721,1.000000,,,,,,,,,contacts,,,,,,,
http_reqs,1678217721,1.000000,,,,true,,POST,http://20.210.36.32:8080/prediction/knn,HTTP/1.1,contacts,,200,,,http://20.210.36.32:8080/prediction/knn,,
http_req_duration,1678217721,1576.791662,,,,true,,POST,http://20.210.36.32:8080/prediction/knn,HTTP/1.1,contacts,,200,,,http://20.210.36.32:8080/prediction/knn,,
http_req_blocked,1678217721,3.983916,,,,true,,POST,http://20.210.36.32:8080/prediction/knn,HTTP/1.1,contacts,,200,,,http://20.210.36.32:8080/prediction/knn,,
http_req_connecting,1678217721,3.895716,,,,true,,POST,http://20.210.36.32:8080/prediction/knn,HTTP/1.1,contacts,,200,,,http://20.210.36.32:8080/prediction/knn,,
http_req_tls_handshaking,1678217721,0.000000,,,,true,,POST,http://20.210.36.32:8080/prediction/knn,HTTP/1.1,contacts,,200,,,http://20.210.36.32:8080/prediction/knn,,
http_req_sending,1678217721,0.095601,,,,true,,POST,http://20.210.36.32:8080/prediction/knn,HTTP/1.1,contacts,,200,,,http://20.210.36.32:8080/prediction/knn,,
http_req_waiting,1678217721,1574.530451,,,,true,,POST,http://20.210.36.32:8080/prediction/knn,HTTP/1.1,contacts,,200,,,http://20.210.36.32:8080/prediction/knn,,
http_req_receiving,1678217721,2.165610,,,,true,,POST,http://20.210.36.32:8080/prediction/knn,HTTP/1.1,contacts,,200,,,http://20.210.36.32:8080/prediction/knn,,
http_req_failed,1678217721,0.000000,,,,true,,POST,http://20.210.36.32:8080/prediction/knn,HTTP/1.1,contacts,,200,,,http://20.210.36.32:8080/prediction/knn,,
responseTime,1678217721,1576.791662,,,,,,,,,contacts,,,,,,,
data_sent,1678217721,2088.000000,,,,,,,,,contacts,,,,,,,
data_received,1678217721,199.000000,,,,,,,,,contacts,,,,,,,
iteration_duration,1678217721,1581.438081,,,,,,,,,contacts,,,,,,,
iterations,1678217721,1.000000,,,,,,,,,contacts,,,,,,,
http_reqs,1678217721,1.000000,,,,true,,POST,http://20.210.36.32:8080/prediction/knn,HTTP/1.1,contacts,,200,,,http://20.210.36.32:8080/prediction/knn,,
http_req_duration,1678217721,1586.835904,,,,true,,POST,http://20.210.36.32:8080/prediction/knn,HTTP/1.1,contacts,,200,,,http://20.210.36.32:8080/prediction/knn,,
http_req_blocked,1678217721,4.107818,,,,true,,POST,http://20.210.36.32:8080/prediction/knn,HTTP/1.1,contacts,,200,,,http://20.210.36.32:8080/prediction/knn,,
http_req_connecting,1678217721,4.059117,,,,true,,POST,http://20.210.36.32:8080/prediction/knn,HTTP/1.1,contacts,,200,,,http://20.210.36.32:8080/prediction/knn,,
http_req_tls_handshaking,1678217721,0.000000,,,,true,,POST,http://20.210.36.32:8080/prediction/knn,HTTP/1.1,contacts,,200,,,http://20.210.36.32:8080/prediction/knn,,
http_req_sending,1678217721,0.039500,,,,true,,POST,http://20.210.36.32:8080/prediction/knn,HTTP/1.1,contacts,,200,,,http://20.210.36.32:8080/prediction/knn,,
http_req_waiting,1678217721,1586.692003,,,,true,,POST,http://20.210.36.32:8080/prediction/knn,HTTP/1.1,contacts,,200,,,http://20.210.36.32:8080/prediction/knn,,
http_req_receiving,1678217721,0.104401,,,,true,,POST,http://20.210.36.32:8080/prediction/knn,HTTP/1.1,contacts,,200,,,http://20.210.36.32:8080/prediction/knn,,
http_req_failed,1678217721,0.000000,,,,true,,POST,http://20.210.36.32:8080/prediction/knn,HTTP/1.1,contacts,,200,,,http://20.210.36.32:8080/prediction/knn,,
responseTime,1678217721,1586.835904,,,,,,,,,contacts,,,,,,,
data_sent,1678217721,2088.000000,,,,,,,,,contacts,,,,,,,
data_received,1678217721,199.000000,,,,,,,,,contacts,,,,,,,
iteration_duration,1678217721,1591.401724,,,,,,,,,contacts,,,,,,,
iterations,1678217721,1.000000,,,,,,,,,contacts,,,,,,,
http_reqs,1678217721,1.000000,,,,true,,POST,http://20.210.36.32:8080/prediction/knn,HTTP/1.1,contacts,,200,,,http://20.210.36.32:8080/prediction/knn,,
http_req_duration,1678217721,1581.036279,,,,true,,POST,http://20.210.36.32:8080/prediction/knn,HTTP/1.1,contacts,,200,,,http://20.210.36.32:8080/prediction/knn,,
http_req_blocked,1678217721,3.581015,,,,true,,POST,http://20.210.36.32:8080/prediction/knn,HTTP/1.1,contacts,,200,,,http://20.210.36.32:8080/prediction/knn,,
http_req_connecting,1678217721,3.525415,,,,true,,POST,http://20.210.36.32:8080/prediction/knn,HTTP/1.1,contacts,,200,,,http://20.210.36.32:8080/prediction/knn,,
http_req_tls_handshaking,1678217721,0.000000,,,,true,,POST,http://20.210.36.32:8080/prediction/knn,HTTP/1.1,contacts,,200,,,http://20.210.36.32:8080/prediction/knn,,
http_req_sending,1678217721,0.047100,,,,true,,POST,http://20.210.36.32:8080/prediction/knn,HTTP/1.1,contacts,,200,,,http://20.210.36.32:8080/prediction/knn,,
http_req_waiting,1678217721,1580.885379,,,,true,,POST,http://20.210.36.32:8080/prediction/knn,HTTP/1.1,contacts,,200,,,http://20.210.36.32:8080/prediction/knn,,
http_req_receiving,1678217721,0.103800,,,,true,,POST,http://20.210.36.32:8080/prediction/knn,HTTP/1.1,contacts,,200,,,http://20.210.36.32:8080/prediction/knn,,
http_req_failed,1678217721,0.000000,,,,true,,POST,http://20.210.36.32:8080/prediction/knn,HTTP/1.1,contacts,,200,,,http://20.210.36.32:8080/prediction/knn,,
responseTime,1678217721,1581.036279,,,,,,,,,contacts,,,,,,,
data_sent,1678217721,2088.000000,,,,,,,,,contacts,,,,,,,
data_received,1678217721,199.000000,,,,,,,,,contacts,,,,,,,
iteration_duration,1678217721,1585.039996,,,,,,,,,contacts,,,,,,,
iterations,1678217721,1.000000,,,,,,,,,contacts,,,,,,,
http_reqs,1678217721,1.000000,,,,true,,POST,http://20.210.36.32:8080/prediction/knn,HTTP/1.1,contacts,,200,,,http://20.210.36.32:8080/prediction/knn,,
http_req_duration,1678217721,1623.742960,,,,true,,POST,http://20.210.36.32:8080/prediction/knn,HTTP/1.1,contacts,,200,,,http://20.210.36.32:8080/prediction/knn,,
http_req_blocked,1678217721,3.715016,,,,true,,POST,http://20.210.36.32:8080/prediction/knn,HTTP/1.1,contacts,,200,,,http://20.210.36.32:8080/prediction/knn,,
http_req_connecting,1678217721,3.668816,,,,true,,POST,http://20.210.36.32:8080/prediction/knn,HTTP/1.1,contacts,,200,,,http://20.210.36.32:8080/prediction/knn,,
http_req_tls_handshaking,1678217721,0.000000,,,,true,,POST,http://20.210.36.32:8080/prediction/knn,HTTP/1.1,contacts,,200,,,http://20.210.36.32:8080/prediction/knn,,
http_req_sending,1678217721,0.040800,,,,true,,POST,http://20.210.36.32:8080/prediction/knn,HTTP/1.1,contacts,,200,,,http://20.210.36.32:8080/prediction/knn,,
http_req_waiting,1678217721,1606.282486,,,,true,,POST,http://20.210.36.32:8080/prediction/knn,HTTP/1.1,contacts,,200,,,http://20.210.36.32:8080/prediction/knn,,
http_req_receiving,1678217721,17.419674,,,,true,,POST,http://20.210.36.32:8080/prediction/knn,HTTP/1.1,contacts,,200,,,http://20.210.36.32:8080/prediction/knn,,
http_req_failed,1678217721,0.000000,,,,true,,POST,http://20.210.36.32:8080/prediction/knn,HTTP/1.1,contacts,,200,,,http://20.210.36.32:8080/prediction/knn,,
responseTime,1678217721,1623.742960,,,,,,,,,contacts,,,,,,,
data_sent,1678217721,2088.000000,,,,,,,,,contacts,,,,,,,
data_received,1678217721,199.000000,,,,,,,,,contacts,,,,,,,
iteration_duration,1678217721,1627.906378,,,,,,,,,contacts,,,,,,,
iterations,1678217721,1.000000,,,,,,,,,contacts,,,,,,,
http_reqs,1678217721,1.000000,,,,true,,POST,http://20.210.36.32:8080/prediction/knn,HTTP/1.1,contacts,,200,,,http://20.210.36.32:8080/prediction/knn,,
http_req_duration,1678217721,1657.687303,,,,true,,POST,http://20.210.36.32:8080/prediction/knn,HTTP/1.1,contacts,,200,,,http://20.210.36.32:8080/prediction/knn,,
http_req_blocked,1678217721,3.756216,,,,true,,POST,http://20.210.36.32:8080/prediction/knn,HTTP/1.1,contacts,,200,,,http://20.210.36.32:8080/prediction/knn,,
http_req_connecting,1678217721,3.693216,,,,true,,POST,http://20.210.36.32:8080/prediction/knn,HTTP/1.1,contacts,,200,,,http://20.210.36.32:8080/prediction/knn,,
http_req_tls_handshaking,1678217721,0.000000,,,,true,,POST,http://20.210.36.32:8080/prediction/knn,HTTP/1.1,contacts,,200,,,http://20.210.36.32:8080/prediction/knn,,
http_req_sending,1678217721,0.058600,,,,true,,POST,http://20.210.36.32:8080/prediction/knn,HTTP/1.1,contacts,,200,,,http://20.210.36.32:8080/prediction/knn,,
http_req_waiting,1678217721,1657.586103,,,,true,,POST,http://20.210.36.32:8080/prediction/knn,HTTP/1.1,contacts,,200,,,http://20.210.36.32:8080/prediction/knn,,
http_req_receiving,1678217721,0.042600,,,,true,,POST,http://20.210.36.32:8080/prediction/knn,HTTP/1.1,contacts,,200,,,http://20.210.36.32:8080/prediction/knn,,
http_req_failed,1678217721,0.000000,,,,true,,POST,http://20.210.36.32:8080/prediction/knn,HTTP/1.1,contacts,,200,,,http://20.210.36.32:8080/prediction/knn,,
responseTime,1678217721,1657.687303,,,,,,,,,contacts,,,,,,,
data_sent,1678217721,2088.000000,,,,,,,,,contacts,,,,,,,
data_received,1678217721,199.000000,,,,,,,,,contacts,,,,,,,
iteration_duration,1678217721,1661.845921,,,,,,,,,contacts,,,,,,,
iterations,1678217721,1.000000,,,,,,,,,contacts,,,,,,,
http_reqs,1678217721,1.000000,,,,true,,POST,http://20.210.36.32:8080/prediction/knn,HTTP/1.1,contacts,,200,,,http://20.210.36.32:8080/prediction/knn,,
http_req_duration,1678217721,1624.505663,,,,true,,POST,http://20.210.36.32:8080/prediction/knn,HTTP/1.1,contacts,,200,,,http://20.210.36.32:8080/prediction/knn,,
http_req_blocked,1678217721,3.726416,,,,true,,POST,http://20.210.36.32:8080/prediction/knn,HTTP/1.1,contacts,,200,,,http://20.210.36.32:8080/prediction/knn,,
http_req_connecting,1678217721,3.654116,,,,true,,POST,http://20.210.36.32:8080/prediction/knn,HTTP/1.1,contacts,,200,,,http://20.210.36.32:8080/prediction/knn,,
http_req_tls_handshaking,1678217721,0.000000,,,,true,,POST,http://20.210.36.32:8080/prediction/knn,HTTP/1.1,contacts,,200,,,http://20.210.36.32:8080/prediction/knn,,
http_req_sending,1678217721,0.054800,,,,true,,POST,http://20.210.36.32:8080/prediction/knn,HTTP/1.1,contacts,,200,,,http://20.210.36.32:8080/prediction/knn,,
http_req_waiting,1678217721,1624.373063,,,,true,,POST,http://20.210.36.32:8080/prediction/knn,HTTP/1.1,contacts,,200,,,http://20.210.36.32:8080/prediction/knn,,
http_req_receiving,1678217721,0.077800,,,,true,,POST,http://20.210.36.32:8080/prediction/knn,HTTP/1.1,contacts,,200,,,http://20.210.36.32:8080/prediction/knn,,
http_req_failed,1678217721,0.000000,,,,true,,POST,http://20.210.36.32:8080/prediction/knn,HTTP/1.1,contacts,,200,,,http://20.210.36.32:8080/prediction/knn,,
responseTime,1678217721,1624.505663,,,,,,,,,contacts,,,,,,,
data_sent,1678217721,2088.000000,,,,,,,,,contacts,,,,,,,
data_received,1678217721,199.000000,,,,,,,,,contacts,,,,,,,
iteration_duration,1678217721,1628.760981,,,,,,,,,contacts,,,,,,,
iterations,1678217721,1.000000,,,,,,,,,contacts,,,,,,,
http_reqs,1678217721,1.000000,,,,true,,POST,http://20.210.36.32:8080/prediction/knn,HTTP/1.1,contacts,,200,,,http://20.210.36.32:8080/prediction/knn,,
http_req_duration,1678217721,1448.938621,,,,true,,POST,http://20.210.36.32:8080/prediction/knn,HTTP/1.1,contacts,,200,,,http://20.210.36.32:8080/prediction/knn,,
http_req_blocked,1678217721,4.166817,,,,true,,POST,http://20.210.36.32:8080/prediction/knn,HTTP/1.1,contacts,,200,,,http://20.210.36.32:8080/prediction/knn,,
http_req_connecting,1678217721,4.040717,,,,true,,POST,http://20.210.36.32:8080/prediction/knn,HTTP/1.1,contacts,,200,,,http://20.210.36.32:8080/prediction/knn,,
http_req_tls_handshaking,1678217721,0.000000,,,,true,,POST,http://20.210.36.32:8080/prediction/knn,HTTP/1.1,contacts,,200,,,http://20.210.36.32:8080/prediction/knn,,
http_req_sending,1678217721,0.123401,,,,true,,POST,http://20.210.36.32:8080/prediction/knn,HTTP/1.1,contacts,,200,,,http://20.210.36.32:8080/prediction/knn,,
http_req_waiting,1678217721,1448.698120,,,,true,,POST,http://20.210.36.32:8080/prediction/knn,HTTP/1.1,contacts,,200,,,http://20.210.36.32:8080/prediction/knn,,
http_req_receiving,1678217721,0.117100,,,,true,,POST,http://20.210.36.32:8080/prediction/knn,HTTP/1.1,contacts,,200,,,http://20.210.36.32:8080/prediction/knn,,
http_req_failed,1678217721,0.000000,,,,true,,POST,http://20.210.36.32:8080/prediction/knn,HTTP/1.1,contacts,,200,,,http://20.210.36.32:8080/prediction/knn,,
responseTime,1678217721,1448.938621,,,,,,,,,contacts,,,,,,,
data_sent,1678217721,2088.000000,,,,,,,,,contacts,,,,,,,
data_received,1678217721,199.000000,,,,,,,,,contacts,,,,,,,
iteration_duration,1678217721,1453.469040,,,,,,,,,contacts,,,,,,,
iterations,1678217721,1.000000,,,,,,,,,contacts,,,,,,,
http_reqs,1678217721,1.000000,,,,true,,POST,http://20.210.36.32:8080/prediction/knn,HTTP/1.1,contacts,,200,,,http://20.210.36.32:8080/prediction/knn,,
http_req_duration,1678217721,1548.348341,,,,true,,POST,http://20.210.36.32:8080/prediction/knn,HTTP/1.1,contacts,,200,,,http://20.210.36.32:8080/prediction/knn,,
http_req_blocked,1678217721,4.272718,,,,true,,POST,http://20.210.36.32:8080/prediction/knn,HTTP/1.1,contacts,,200,,,http://20.210.36.32:8080/prediction/knn,,
http_req_connecting,1678217721,4.184918,,,,true,,POST,http://20.210.36.32:8080/prediction/knn,HTTP/1.1,contacts,,200,,,http://20.210.36.32:8080/prediction/knn,,
http_req_tls_handshaking,1678217721,0.000000,,,,true,,POST,http://20.210.36.32:8080/prediction/knn,HTTP/1.1,contacts,,200,,,http://20.210.36.32:8080/prediction/knn,,
http_req_sending,1678217721,0.063500,,,,true,,POST,http://20.210.36.32:8080/prediction/knn,HTTP/1.1,contacts,,200,,,http://20.210.36.32:8080/prediction/knn,,
http_req_waiting,1678217721,1540.139907,,,,true,,POST,http://20.210.36.32:8080/prediction/knn,HTTP/1.1,contacts,,200,,,http://20.210.36.32:8080/prediction/knn,,
http_req_receiving,1678217721,8.144934,,,,true,,POST,http://20.210.36.32:8080/prediction/knn,HTTP/1.1,contacts,,200,,,http://20.210.36.32:8080/prediction/knn,,
http_req_failed,1678217721,0.000000,,,,true,,POST,http://20.210.36.32:8080/prediction/knn,HTTP/1.1,contacts,,200,,,http://20.210.36.32:8080/prediction/knn,,
responseTime,1678217721,1548.348341,,,,,,,,,contacts,,,,,,,
data_sent,1678217721,2088.000000,,,,,,,,,contacts,,,,,,,
data_received,1678217721,199.000000,,,,,,,,,contacts,,,,,,,
iteration_duration,1678217721,1553.061161,,,,,,,,,contacts,,,,,,,
iterations,1678217721,1.000000,,,,,,,,,contacts,,,,,,,
vus,1678217721,84.000000,,,,,,,,,,,,,,,,
vus_max,1678217721,100.000000,,,,,,,,,,,,,,,,
http_reqs,1678217721,1.000000,,,,true,,POST,http://20.210.36.32:8080/prediction/knn,HTTP/1.1,contacts,,200,,,http://20.210.36.32:8080/prediction/knn,,
http_req_duration,1678217721,1684.741417,,,,true,,POST,http://20.210.36.32:8080/prediction/knn,HTTP/1.1,contacts,,200,,,http://20.210.36.32:8080/prediction/knn,,
http_req_blocked,1678217721,3.841116,,,,true,,POST,http://20.210.36.32:8080/prediction/knn,HTTP/1.1,contacts,,200,,,http://20.210.36.32:8080/prediction/knn,,
http_req_connecting,1678217721,3.776416,,,,true,,POST,http://20.210.36.32:8080/prediction/knn,HTTP/1.1,contacts,,200,,,http://20.210.36.32:8080/prediction/knn,,
http_req_tls_handshaking,1678217721,0.000000,,,,true,,POST,http://20.210.36.32:8080/prediction/knn,HTTP/1.1,contacts,,200,,,http://20.210.36.32:8080/prediction/knn,,
http_req_sending,1678217721,0.047500,,,,true,,POST,http://20.210.36.32:8080/prediction/knn,HTTP/1.1,contacts,,200,,,http://20.210.36.32:8080/prediction/knn,,
http_req_waiting,1678217721,1684.598617,,,,true,,POST,http://20.210.36.32:8080/prediction/knn,HTTP/1.1,contacts,,200,,,http://20.210.36.32:8080/prediction/knn,,
http_req_receiving,1678217721,0.095300,,,,true,,POST,http://20.210.36.32:8080/prediction/knn,HTTP/1.1,contacts,,200,,,http://20.210.36.32:8080/prediction/knn,,
http_req_failed,1678217721,0.000000,,,,true,,POST,http://20.210.36.32:8080/prediction/knn,HTTP/1.1,contacts,,200,,,http://20.210.36.32:8080/prediction/knn,,
responseTime,1678217721,1684.741417,,,,,,,,,contacts,,,,,,,
data_sent,1678217721,2088.000000,,,,,,,,,contacts,,,,,,,
data_received,1678217721,199.000000,,,,,,,,,contacts,,,,,,,
iteration_duration,1678217721,1689.002335,,,,,,,,,contacts,,,,,,,
iterations,1678217721,1.000000,,,,,,,,,contacts,,,,,,,
http_reqs,1678217721,1.000000,,,,true,,POST,http://20.210.36.32:8080/prediction/knn,HTTP/1.1,contacts,,200,,,http://20.210.36.32:8080/prediction/knn,,
http_req_duration,1678217721,1547.422137,,,,true,,POST,http://20.210.36.32:8080/prediction/knn,HTTP/1.1,contacts,,200,,,http://20.210.36.32:8080/prediction/knn,,
http_req_blocked,1678217721,4.126718,,,,true,,POST,http://20.210.36.32:8080/prediction/knn,HTTP/1.1,contacts,,200,,,http://20.210.36.32:8080/prediction/knn,,
http_req_connecting,1678217721,4.066718,,,,true,,POST,http://20.210.36.32:8080/prediction/knn,HTTP/1.1,contacts,,200,,,http://20.210.36.32:8080/prediction/knn,,
http_req_tls_handshaking,1678217721,0.000000,,,,true,,POST,http://20.210.36.32:8080/prediction/knn,HTTP/1.1,contacts,,200,,,http://20.210.36.32:8080/prediction/knn,,
http_req_sending,1678217721,0.047600,,,,true,,POST,http://20.210.36.32:8080/prediction/knn,HTTP/1.1,contacts,,200,,,http://20.210.36.32:8080/prediction/knn,,
http_req_waiting,1678217721,1547.293737,,,,true,,POST,http://20.210.36.32:8080/prediction/knn,HTTP/1.1,contacts,,200,,,http://20.210.36.32:8080/prediction/knn,,
http_req_receiving,1678217721,0.080800,,,,true,,POST,http://20.210.36.32:8080/prediction/knn,HTTP/1.1,contacts,,200,,,http://20.210.36.32:8080/prediction/knn,,
http_req_failed,1678217721,0.000000,,,,true,,POST,http://20.210.36.32:8080/prediction/knn,HTTP/1.1,contacts,,200,,,http://20.210.36.32:8080/prediction/knn,,
responseTime,1678217721,1547.422137,,,,,,,,,contacts,,,,,,,
data_sent,1678217721,2088.000000,,,,,,,,,contacts,,,,,,,
data_received,1678217721,199.000000,,,,,,,,,contacts,,,,,,,
iteration_duration,1678217721,1551.878157,,,,,,,,,contacts,,,,,,,
iterations,1678217721,1.000000,,,,,,,,,contacts,,,,,,,
http_reqs,1678217721,1.000000,,,,true,,POST,http://20.210.36.32:8080/prediction/knn,HTTP/1.1,contacts,,200,,,http://20.210.36.32:8080/prediction/knn,,
http_req_duration,1678217721,1496.747024,,,,true,,POST,http://20.210.36.32:8080/prediction/knn,HTTP/1.1,contacts,,200,,,http://20.210.36.32:8080/prediction/knn,,
http_req_blocked,1678217721,3.694515,,,,true,,POST,http://20.210.36.32:8080/prediction/knn,HTTP/1.1,contacts,,200,,,http://20.210.36.32:8080/prediction/knn,,
http_req_connecting,1678217721,3.621815,,,,true,,POST,http://20.210.36.32:8080/prediction/knn,HTTP/1.1,contacts,,200,,,http://20.210.36.32:8080/prediction/knn,,
http_req_tls_handshaking,1678217721,0.000000,,,,true,,POST,http://20.210.36.32:8080/prediction/knn,HTTP/1.1,contacts,,200,,,http://20.210.36.32:8080/prediction/knn,,
http_req_sending,1678217721,0.063501,,,,true,,POST,http://20.210.36.32:8080/prediction/knn,HTTP/1.1,contacts,,200,,,http://20.210.36.32:8080/prediction/knn,,
http_req_waiting,1678217721,1496.560422,,,,true,,POST,http://20.210.36.32:8080/prediction/knn,HTTP/1.1,contacts,,200,,,http://20.210.36.32:8080/prediction/knn,,
http_req_receiving,1678217721,0.123101,,,,true,,POST,http://20.210.36.32:8080/prediction/knn,HTTP/1.1,contacts,,200,,,http://20.210.36.32:8080/prediction/knn,,
http_req_failed,1678217721,0.000000,,,,true,,POST,http://20.210.36.32:8080/prediction/knn,HTTP/1.1,contacts,,200,,,http://20.210.36.32:8080/prediction/knn,,
responseTime,1678217721,1496.747024,,,,,,,,,contacts,,,,,,,
data_sent,1678217721,2088.000000,,,,,,,,,contacts,,,,,,,
data_received,1678217721,199.000000,,,,,,,,,contacts,,,,,,,
iteration_duration,1678217721,1500.819640,,,,,,,,,contacts,,,,,,,
iterations,1678217721,1.000000,,,,,,,,,contacts,,,,,,,
http_reqs,1678217721,1.000000,,,,true,,POST,http://20.210.36.32:8080/prediction/knn,HTTP/1.1,contacts,,200,,,http://20.210.36.32:8080/prediction/knn,,
http_req_duration,1678217721,1479.624651,,,,true,,POST,http://20.210.36.32:8080/prediction/knn,HTTP/1.1,contacts,,200,,,http://20.210.36.32:8080/prediction/knn,,
http_req_blocked,1678217721,3.875516,,,,true,,POST,http://20.210.36.32:8080/prediction/knn,HTTP/1.1,contacts,,200,,,http://20.210.36.32:8080/prediction/knn,,
http_req_connecting,1678217721,3.769416,,,,true,,POST,http://20.210.36.32:8080/prediction/knn,HTTP/1.1,contacts,,200,,,http://20.210.36.32:8080/prediction/knn,,
http_req_tls_handshaking,1678217721,0.000000,,,,true,,POST,http://20.210.36.32:8080/prediction/knn,HTTP/1.1,contacts,,200,,,http://20.210.36.32:8080/prediction/knn,,
http_req_sending,1678217721,0.059000,,,,true,,POST,http://20.210.36.32:8080/prediction/knn,HTTP/1.1,contacts,,200,,,http://20.210.36.32:8080/prediction/knn,,
http_req_waiting,1678217721,1479.499751,,,,true,,POST,http://20.210.36.32:8080/prediction/knn,HTTP/1.1,contacts,,200,,,http://20.210.36.32:8080/prediction/knn,,
http_req_receiving,1678217721,0.065900,,,,true,,POST,http://20.210.36.32:8080/prediction/knn,HTTP/1.1,contacts,,200,,,http://20.210.36.32:8080/prediction/knn,,
http_req_failed,1678217721,0.000000,,,,true,,POST,http://20.210.36.32:8080/prediction/knn,HTTP/1.1,contacts,,200,,,http://20.210.36.32:8080/prediction/knn,,
responseTime,1678217721,1479.624651,,,,,,,,,contacts,,,,,,,
data_sent,1678217721,2088.000000,,,,,,,,,contacts,,,,,,,
data_received,1678217721,199.000000,,,,,,,,,contacts,,,,,,,
iteration_duration,1678217721,1483.788668,,,,,,,,,contacts,,,,,,,
iterations,1678217721,1.000000,,,,,,,,,contacts,,,,,,,
http_reqs,1678217721,1.000000,,,,true,,POST,http://20.210.36.32:8080/prediction/knn,HTTP/1.1,contacts,,200,,,http://20.210.36.32:8080/prediction/knn,,
http_req_duration,1678217721,1546.682834,,,,true,,POST,http://20.210.36.32:8080/prediction/knn,HTTP/1.1,contacts,,200,,,http://20.210.36.32:8080/prediction/knn,,
http_req_blocked,1678217721,3.981117,,,,true,,POST,http://20.210.36.32:8080/prediction/knn,HTTP/1.1,contacts,,200,,,http://20.210.36.32:8080/prediction/knn,,
http_req_connecting,1678217721,3.924916,,,,true,,POST,http://20.210.36.32:8080/prediction/knn,HTTP/1.1,contacts,,200,,,http://20.210.36.32:8080/prediction/knn,,
http_req_tls_handshaking,1678217721,0.000000,,,,true,,POST,http://20.210.36.32:8080/prediction/knn,HTTP/1.1,contacts,,200,,,http://20.210.36.32:8080/prediction/knn,,
http_req_sending,1678217721,0.054400,,,,true,,POST,http://20.210.36.32:8080/prediction/knn,HTTP/1.1,contacts,,200,,,http://20.210.36.32:8080/prediction/knn,,
http_req_waiting,1678217721,1546.540334,,,,true,,POST,http://20.210.36.32:8080/prediction/knn,HTTP/1.1,contacts,,200,,,http://20.210.36.32:8080/prediction/knn,,
http_req_receiving,1678217721,0.088100,,,,true,,POST,http://20.210.36.32:8080/prediction/knn,HTTP/1.1,contacts,,200,,,http://20.210.36.32:8080/prediction/knn,,
http_req_failed,1678217721,0.000000,,,,true,,POST,http://20.210.36.32:8080/prediction/knn,HTTP/1.1,contacts,,200,,,http://20.210.36.32:8080/prediction/knn,,
responseTime,1678217721,1546.682834,,,,,,,,,contacts,,,,,,,
data_sent,1678217721,2088.000000,,,,,,,,,contacts,,,,,,,
data_received,1678217721,199.000000,,,,,,,,,contacts,,,,,,,
iteration_duration,1678217721,1551.234954,,,,,,,,,contacts,,,,,,,
iterations,1678217721,1.000000,,,,,,,,,contacts,,,,,,,
http_reqs,1678217721,1.000000,,,,true,,POST,http://20.210.36.32:8080/prediction/knn,HTTP/1.1,contacts,,200,,,http://20.210.36.32:8080/prediction/knn,,
http_req_duration,1678217721,1510.628782,,,,true,,POST,http://20.210.36.32:8080/prediction/knn,HTTP/1.1,contacts,,200,,,http://20.210.36.32:8080/prediction/knn,,
http_req_blocked,1678217721,3.782216,,,,true,,POST,http://20.210.36.32:8080/prediction/knn,HTTP/1.1,contacts,,200,,,http://20.210.36.32:8080/prediction/knn,,
http_req_connecting,1678217721,3.716016,,,,true,,POST,http://20.210.36.32:8080/prediction/knn,HTTP/1.1,contacts,,200,,,http://20.210.36.32:8080/prediction/knn,,
http_req_tls_handshaking,1678217721,0.000000,,,,true,,POST,http://20.210.36.32:8080/prediction/knn,HTTP/1.1,contacts,,200,,,http://20.210.36.32:8080/prediction/knn,,
http_req_sending,1678217721,0.061500,,,,true,,POST,http://20.210.36.32:8080/prediction/knn,HTTP/1.1,contacts,,200,,,http://20.210.36.32:8080/prediction/knn,,
http_req_waiting,1678217721,1510.512682,,,,true,,POST,http://20.210.36.32:8080/prediction/knn,HTTP/1.1,contacts,,200,,,http://20.210.36.32:8080/prediction/knn,,
http_req_receiving,1678217721,0.054600,,,,true,,POST,http://20.210.36.32:8080/prediction/knn,HTTP/1.1,contacts,,200,,,http://20.210.36.32:8080/prediction/knn,,
http_req_failed,1678217721,0.000000,,,,true,,POST,http://20.210.36.32:8080/prediction/knn,HTTP/1.1,contacts,,200,,,http://20.210.36.32:8080/prediction/knn,,
responseTime,1678217721,1510.628782,,,,,,,,,contacts,,,,,,,
data_sent,1678217721,2088.000000,,,,,,,,,contacts,,,,,,,
data_received,1678217721,199.000000,,,,,,,,,contacts,,,,,,,
iteration_duration,1678217721,1514.728399,,,,,,,,,contacts,,,,,,,
iterations,1678217721,1.000000,,,,,,,,,contacts,,,,,,,
http_reqs,1678217721,1.000000,,,,true,,POST,http://20.210.36.32:8080/prediction/knn,HTTP/1.1,contacts,,200,,,http://20.210.36.32:8080/prediction/knn,,
http_req_duration,1678217721,1417.700889,,,,true,,POST,http://20.210.36.32:8080/prediction/knn,HTTP/1.1,contacts,,200,,,http://20.210.36.32:8080/prediction/knn,,
http_req_blocked,1678217721,3.699616,,,,true,,POST,http://20.210.36.32:8080/prediction/knn,HTTP/1.1,contacts,,200,,,http://20.210.36.32:8080/prediction/knn,,
http_req_connecting,1678217721,3.640415,,,,true,,POST,http://20.210.36.32:8080/prediction/knn,HTTP/1.1,contacts,,200,,,http://20.210.36.32:8080/prediction/knn,,
http_req_tls_handshaking,1678217721,0.000000,,,,true,,POST,http://20.210.36.32:8080/prediction/knn,HTTP/1.1,contacts,,200,,,http://20.210.36.32:8080/prediction/knn,,
http_req_sending,1678217721,0.067100,,,,true,,POST,http://20.210.36.32:8080/prediction/knn,HTTP/1.1,contacts,,200,,,http://20.210.36.32:8080/prediction/knn,,
http_req_waiting,1678217721,1417.315388,,,,true,,POST,http://20.210.36.32:8080/prediction/knn,HTTP/1.1,contacts,,200,,,http://20.210.36.32:8080/prediction/knn,,
http_req_receiving,1678217721,0.318401,,,,true,,POST,http://20.210.36.32:8080/prediction/knn,HTTP/1.1,contacts,,200,,,http://20.210.36.32:8080/prediction/knn,,
http_req_failed,1678217721,0.000000,,,,true,,POST,http://20.210.36.32:8080/prediction/knn,HTTP/1.1,contacts,,200,,,http://20.210.36.32:8080/prediction/knn,,
responseTime,1678217721,1417.700889,,,,,,,,,contacts,,,,,,,
data_sent,1678217721,2088.000000,,,,,,,,,contacts,,,,,,,
data_received,1678217721,199.000000,,,,,,,,,contacts,,,,,,,
iteration_duration,1678217721,1421.745207,,,,,,,,,contacts,,,,,,,
iterations,1678217721,1.000000,,,,,,,,,contacts,,,,,,,
http_reqs,1678217721,1.000000,,,,true,,POST,http://20.210.36.32:8080/prediction/knn,HTTP/1.1,contacts,,200,,,http://20.210.36.32:8080/prediction/knn,,
http_req_duration,1678217721,1408.996052,,,,true,,POST,http://20.210.36.32:8080/prediction/knn,HTTP/1.1,contacts,,200,,,http://20.210.36.32:8080/prediction/knn,,
http_req_blocked,1678217721,3.895217,,,,true,,POST,http://20.210.36.32:8080/prediction/knn,HTTP/1.1,contacts,,200,,,http://20.210.36.32:8080/prediction/knn,,
http_req_connecting,1678217721,3.840817,,,,true,,POST,http://20.210.36.32:8080/prediction/knn,HTTP/1.1,contacts,,200,,,http://20.210.36.32:8080/prediction/knn,,
http_req_tls_handshaking,1678217721,0.000000,,,,true,,POST,http://20.210.36.32:8080/prediction/knn,HTTP/1.1,contacts,,200,,,http://20.210.36.32:8080/prediction/knn,,
http_req_sending,1678217721,0.048400,,,,true,,POST,http://20.210.36.32:8080/prediction/knn,HTTP/1.1,contacts,,200,,,http://20.210.36.32:8080/prediction/knn,,
http_req_waiting,1678217721,1408.865652,,,,true,,POST,http://20.210.36.32:8080/prediction/knn,HTTP/1.1,contacts,,200,,,http://20.210.36.32:8080/prediction/knn,,
http_req_receiving,1678217721,0.082000,,,,true,,POST,http://20.210.36.32:8080/prediction/knn,HTTP/1.1,contacts,,200,,,http://20.210.36.32:8080/prediction/knn,,
http_req_failed,1678217721,0.000000,,,,true,,POST,http://20.210.36.32:8080/prediction/knn,HTTP/1.1,contacts,,200,,,http://20.210.36.32:8080/prediction/knn,,
responseTime,1678217721,1408.996052,,,,,,,,,contacts,,,,,,,
data_sent,1678217721,2088.000000,,,,,,,,,contacts,,,,,,,
data_received,1678217721,199.000000,,,,,,,,,contacts,,,,,,,
iteration_duration,1678217721,1413.260671,,,,,,,,,contacts,,,,,,,
iterations,1678217721,1.000000,,,,,,,,,contacts,,,,,,,
http_reqs,1678217721,1.000000,,,,true,,POST,http://20.210.36.32:8080/prediction/knn,HTTP/1.1,contacts,,200,,,http://20.210.36.32:8080/prediction/knn,,
http_req_duration,1678217721,1442.884795,,,,true,,POST,http://20.210.36.32:8080/prediction/knn,HTTP/1.1,contacts,,200,,,http://20.210.36.32:8080/prediction/knn,,
http_req_blocked,1678217721,3.533315,,,,true,,POST,http://20.210.36.32:8080/prediction/knn,HTTP/1.1,contacts,,200,,,http://20.210.36.32:8080/prediction/knn,,
http_req_connecting,1678217721,3.449215,,,,true,,POST,http://20.210.36.32:8080/prediction/knn,HTTP/1.1,contacts,,200,,,http://20.210.36.32:8080/prediction/knn,,
http_req_tls_handshaking,1678217721,0.000000,,,,true,,POST,http://20.210.36.32:8080/prediction/knn,HTTP/1.1,contacts,,200,,,http://20.210.36.32:8080/prediction/knn,,
http_req_sending,1678217721,0.051200,,,,true,,POST,http://20.210.36.32:8080/prediction/knn,HTTP/1.1,contacts,,200,,,http://20.210.36.32:8080/prediction/knn,,
http_req_waiting,1678217721,1442.665495,,,,true,,POST,http://20.210.36.32:8080/prediction/knn,HTTP/1.1,contacts,,200,,,http://20.210.36.32:8080/prediction/knn,,
http_req_receiving,1678217721,0.168100,,,,true,,POST,http://20.210.36.32:8080/prediction/knn,HTTP/1.1,contacts,,200,,,http://20.210.36.32:8080/prediction/knn,,
http_req_failed,1678217721,0.000000,,,,true,,POST,http://20.210.36.32:8080/prediction/knn,HTTP/1.1,contacts,,200,,,http://20.210.36.32:8080/prediction/knn,,
responseTime,1678217721,1442.884795,,,,,,,,,contacts,,,,,,,
data_sent,1678217721,2088.000000,,,,,,,,,contacts,,,,,,,
data_received,1678217721,199.000000,,,,,,,,,contacts,,,,,,,
iteration_duration,1678217721,1446.738012,,,,,,,,,contacts,,,,,,,
iterations,1678217721,1.000000,,,,,,,,,contacts,,,,,,,
http_reqs,1678217721,1.000000,,,,true,,POST,http://20.210.36.32:8080/prediction/knn,HTTP/1.1,contacts,,200,,,http://20.210.36.32:8080/prediction/knn,,
http_req_duration,1678217721,1502.351847,,,,true,,POST,http://20.210.36.32:8080/prediction/knn,HTTP/1.1,contacts,,200,,,http://20.210.36.32:8080/prediction/knn,,
http_req_blocked,1678217721,3.635815,,,,true,,POST,http://20.210.36.32:8080/prediction/knn,HTTP/1.1,contacts,,200,,,http://20.210.36.32:8080/prediction/knn,,
http_req_connecting,1678217721,3.555715,,,,true,,POST,http://20.210.36.32:8080/prediction/knn,HTTP/1.1,contacts,,200,,,http://20.210.36.32:8080/prediction/knn,,
http_req_tls_handshaking,1678217721,0.000000,,,,true,,POST,http://20.210.36.32:8080/prediction/knn,HTTP/1.1,contacts,,200,,,http://20.210.36.32:8080/prediction/knn,,
http_req_sending,1678217721,0.065801,,,,true,,POST,http://20.210.36.32:8080/prediction/knn,HTTP/1.1,contacts,,200,,,http://20.210.36.32:8080/prediction/knn,,
http_req_waiting,1678217721,1497.986728,,,,true,,POST,http://20.210.36.32:8080/prediction/knn,HTTP/1.1,contacts,,200,,,http://20.210.36.32:8080/prediction/knn,,
http_req_receiving,1678217721,4.299318,,,,true,,POST,http://20.210.36.32:8080/prediction/knn,HTTP/1.1,contacts,,200,,,http://20.210.36.32:8080/prediction/knn,,
http_req_failed,1678217721,0.000000,,,,true,,POST,http://20.210.36.32:8080/prediction/knn,HTTP/1.1,contacts,,200,,,http://20.210.36.32:8080/prediction/knn,,
responseTime,1678217721,1502.351847,,,,,,,,,contacts,,,,,,,
data_sent,1678217721,2088.000000,,,,,,,,,contacts,,,,,,,
data_received,1678217721,199.000000,,,,,,,,,contacts,,,,,,,
iteration_duration,1678217721,1506.318864,,,,,,,,,contacts,,,,,,,
iterations,1678217721,1.000000,,,,,,,,,contacts,,,,,,,
http_reqs,1678217721,1.000000,,,,true,,POST,http://20.210.36.32:8080/prediction/knn,HTTP/1.1,contacts,,200,,,http://20.210.36.32:8080/prediction/knn,,
http_req_duration,1678217721,1489.613393,,,,true,,POST,http://20.210.36.32:8080/prediction/knn,HTTP/1.1,contacts,,200,,,http://20.210.36.32:8080/prediction/knn,,
http_req_blocked,1678217721,3.898817,,,,true,,POST,http://20.210.36.32:8080/prediction/knn,HTTP/1.1,contacts,,200,,,http://20.210.36.32:8080/prediction/knn,,
http_req_connecting,1678217721,3.839817,,,,true,,POST,http://20.210.36.32:8080/prediction/knn,HTTP/1.1,contacts,,200,,,http://20.210.36.32:8080/prediction/knn,,
http_req_tls_handshaking,1678217721,0.000000,,,,true,,POST,http://20.210.36.32:8080/prediction/knn,HTTP/1.1,contacts,,200,,,http://20.210.36.32:8080/prediction/knn,,
http_req_sending,1678217721,0.066700,,,,true,,POST,http://20.210.36.32:8080/prediction/knn,HTTP/1.1,contacts,,200,,,http://20.210.36.32:8080/prediction/knn,,
http_req_waiting,1678217721,1489.135591,,,,true,,POST,http://20.210.36.32:8080/prediction/knn,HTTP/1.1,contacts,,200,,,http://20.210.36.32:8080/prediction/knn,,
http_req_receiving,1678217721,0.411102,,,,true,,POST,http://20.210.36.32:8080/prediction/knn,HTTP/1.1,contacts,,200,,,http://20.210.36.32:8080/prediction/knn,,
http_req_failed,1678217721,0.000000,,,,true,,POST,http://20.210.36.32:8080/prediction/knn,HTTP/1.1,contacts,,200,,,http://20.210.36.32:8080/prediction/knn,,
responseTime,1678217721,1489.613393,,,,,,,,,contacts,,,,,,,
data_sent,1678217721,2088.000000,,,,,,,,,contacts,,,,,,,
data_received,1678217721,199.000000,,,,,,,,,contacts,,,,,,,
iteration_duration,1678217721,1493.970711,,,,,,,,,contacts,,,,,,,
iterations,1678217721,1.000000,,,,,,,,,contacts,,,,,,,
http_reqs,1678217721,1.000000,,,,true,,POST,http://20.210.36.32:8080/prediction/knn,HTTP/1.1,contacts,,200,,,http://20.210.36.32:8080/prediction/knn,,
http_req_duration,1678217721,1531.285970,,,,true,,POST,http://20.210.36.32:8080/prediction/knn,HTTP/1.1,contacts,,200,,,http://20.210.36.32:8080/prediction/knn,,
http_req_blocked,1678217721,3.876417,,,,true,,POST,http://20.210.36.32:8080/prediction/knn,HTTP/1.1,contacts,,200,,,http://20.210.36.32:8080/prediction/knn,,
http_req_connecting,1678217721,3.807816,,,,true,,POST,http://20.210.36.32:8080/prediction/knn,HTTP/1.1,contacts,,200,,,http://20.210.36.32:8080/prediction/knn,,
http_req_tls_handshaking,1678217721,0.000000,,,,true,,POST,http://20.210.36.32:8080/prediction/knn,HTTP/1.1,contacts,,200,,,http://20.210.36.32:8080/prediction/knn,,
http_req_sending,1678217721,0.053101,,,,true,,POST,http://20.210.36.32:8080/prediction/knn,HTTP/1.1,contacts,,200,,,http://20.210.36.32:8080/prediction/knn,,
http_req_waiting,1678217721,1527.565353,,,,true,,POST,http://20.210.36.32:8080/prediction/knn,HTTP/1.1,contacts,,200,,,http://20.210.36.32:8080/prediction/knn,,
http_req_receiving,1678217721,3.667516,,,,true,,POST,http://20.210.36.32:8080/prediction/knn,HTTP/1.1,contacts,,200,,,http://20.210.36.32:8080/prediction/knn,,
http_req_failed,1678217721,0.000000,,,,true,,POST,http://20.210.36.32:8080/prediction/knn,HTTP/1.1,contacts,,200,,,http://20.210.36.32:8080/prediction/knn,,
responseTime,1678217721,1531.285970,,,,,,,,,contacts,,,,,,,
data_sent,1678217721,2088.000000,,,,,,,,,contacts,,,,,,,
data_received,1678217721,199.000000,,,,,,,,,contacts,,,,,,,
iteration_duration,1678217721,1535.552687,,,,,,,,,contacts,,,,,,,
iterations,1678217721,1.000000,,,,,,,,,contacts,,,,,,,
http_reqs,1678217721,1.000000,,,,true,,POST,http://20.210.36.32:8080/prediction/knn,HTTP/1.1,contacts,,200,,,http://20.210.36.32:8080/prediction/knn,,
http_req_duration,1678217721,1632.411097,,,,true,,POST,http://20.210.36.32:8080/prediction/knn,HTTP/1.1,contacts,,200,,,http://20.210.36.32:8080/prediction/knn,,
http_req_blocked,1678217721,4.151018,,,,true,,POST,http://20.210.36.32:8080/prediction/knn,HTTP/1.1,contacts,,200,,,http://20.210.36.32:8080/prediction/knn,,
http_req_connecting,1678217721,4.061817,,,,true,,POST,http://20.210.36.32:8080/prediction/knn,HTTP/1.1,contacts,,200,,,http://20.210.36.32:8080/prediction/knn,,
http_req_tls_handshaking,1678217721,0.000000,,,,true,,POST,http://20.210.36.32:8080/prediction/knn,HTTP/1.1,contacts,,200,,,http://20.210.36.32:8080/prediction/knn,,
http_req_sending,1678217721,0.066701,,,,true,,POST,http://20.210.36.32:8080/prediction/knn,HTTP/1.1,contacts,,200,,,http://20.210.36.32:8080/prediction/knn,,
http_req_waiting,1678217721,1632.161695,,,,true,,POST,http://20.210.36.32:8080/prediction/knn,HTTP/1.1,contacts,,200,,,http://20.210.36.32:8080/prediction/knn,,
http_req_receiving,1678217721,0.182701,,,,true,,POST,http://20.210.36.32:8080/prediction/knn,HTTP/1.1,contacts,,200,,,http://20.210.36.32:8080/prediction/knn,,
http_req_failed,1678217721,0.000000,,,,true,,POST,http://20.210.36.32:8080/prediction/knn,HTTP/1.1,contacts,,200,,,http://20.210.36.32:8080/prediction/knn,,
responseTime,1678217721,1632.411097,,,,,,,,,contacts,,,,,,,
data_sent,1678217721,2088.000000,,,,,,,,,contacts,,,,,,,
data_received,1678217721,199.000000,,,,,,,,,contacts,,,,,,,
iteration_duration,1678217721,1636.961515,,,,,,,,,contacts,,,,,,,
iterations,1678217721,1.000000,,,,,,,,,contacts,,,,,,,
http_reqs,1678217721,1.000000,,,,true,,POST,http://20.210.36.32:8080/prediction/knn,HTTP/1.1,contacts,,200,,,http://20.210.36.32:8080/prediction/knn,,
http_req_duration,1678217721,1584.054292,,,,true,,POST,http://20.210.36.32:8080/prediction/knn,HTTP/1.1,contacts,,200,,,http://20.210.36.32:8080/prediction/knn,,
http_req_blocked,1678217721,3.671116,,,,true,,POST,http://20.210.36.32:8080/prediction/knn,HTTP/1.1,contacts,,200,,,http://20.210.36.32:8080/prediction/knn,,
http_req_connecting,1678217721,3.586716,,,,true,,POST,http://20.210.36.32:8080/prediction/knn,HTTP/1.1,contacts,,200,,,http://20.210.36.32:8080/prediction/knn,,
http_req_tls_handshaking,1678217721,0.000000,,,,true,,POST,http://20.210.36.32:8080/prediction/knn,HTTP/1.1,contacts,,200,,,http://20.210.36.32:8080/prediction/knn,,
http_req_sending,1678217721,0.074400,,,,true,,POST,http://20.210.36.32:8080/prediction/knn,HTTP/1.1,contacts,,200,,,http://20.210.36.32:8080/prediction/knn,,
http_req_waiting,1678217721,1570.309734,,,,true,,POST,http://20.210.36.32:8080/prediction/knn,HTTP/1.1,contacts,,200,,,http://20.210.36.32:8080/prediction/knn,,
http_req_receiving,1678217721,13.670158,,,,true,,POST,http://20.210.36.32:8080/prediction/knn,HTTP/1.1,contacts,,200,,,http://20.210.36.32:8080/prediction/knn,,
http_req_failed,1678217721,0.000000,,,,true,,POST,http://20.210.36.32:8080/prediction/knn,HTTP/1.1,contacts,,200,,,http://20.210.36.32:8080/prediction/knn,,
responseTime,1678217721,1584.054292,,,,,,,,,contacts,,,,,,,
data_sent,1678217721,2088.000000,,,,,,,,,contacts,,,,,,,
data_received,1678217721,199.000000,,,,,,,,,contacts,,,,,,,
iteration_duration,1678217721,1588.258210,,,,,,,,,contacts,,,,,,,
iterations,1678217721,1.000000,,,,,,,,,contacts,,,,,,,
http_reqs,1678217721,1.000000,,,,true,,POST,http://20.210.36.32:8080/prediction/knn,HTTP/1.1,contacts,,200,,,http://20.210.36.32:8080/prediction/knn,,
http_req_duration,1678217721,1610.998806,,,,true,,POST,http://20.210.36.32:8080/prediction/knn,HTTP/1.1,contacts,,200,,,http://20.210.36.32:8080/prediction/knn,,
http_req_blocked,1678217721,1.908008,,,,true,,POST,http://20.210.36.32:8080/prediction/knn,HTTP/1.1,contacts,,200,,,http://20.210.36.32:8080/prediction/knn,,
http_req_connecting,1678217721,1.856708,,,,true,,POST,http://20.210.36.32:8080/prediction/knn,HTTP/1.1,contacts,,200,,,http://20.210.36.32:8080/prediction/knn,,
http_req_tls_handshaking,1678217721,0.000000,,,,true,,POST,http://20.210.36.32:8080/prediction/knn,HTTP/1.1,contacts,,200,,,http://20.210.36.32:8080/prediction/knn,,
http_req_sending,1678217721,0.070500,,,,true,,POST,http://20.210.36.32:8080/prediction/knn,HTTP/1.1,contacts,,200,,,http://20.210.36.32:8080/prediction/knn,,
http_req_waiting,1678217721,1608.288395,,,,true,,POST,http://20.210.36.32:8080/prediction/knn,HTTP/1.1,contacts,,200,,,http://20.210.36.32:8080/prediction/knn,,
http_req_receiving,1678217721,2.639911,,,,true,,POST,http://20.210.36.32:8080/prediction/knn,HTTP/1.1,contacts,,200,,,http://20.210.36.32:8080/prediction/knn,,
http_req_failed,1678217721,0.000000,,,,true,,POST,http://20.210.36.32:8080/prediction/knn,HTTP/1.1,contacts,,200,,,http://20.210.36.32:8080/prediction/knn,,
responseTime,1678217721,1610.998806,,,,,,,,,contacts,,,,,,,
data_sent,1678217721,2088.000000,,,,,,,,,contacts,,,,,,,
data_received,1678217721,199.000000,,,,,,,,,contacts,,,,,,,
iteration_duration,1678217721,1613.325016,,,,,,,,,contacts,,,,,,,
iterations,1678217721,1.000000,,,,,,,,,contacts,,,,,,,
http_reqs,1678217721,1.000000,,,,true,,POST,http://20.210.36.32:8080/prediction/knn,HTTP/1.1,contacts,,200,,,http://20.210.36.32:8080/prediction/knn,,
http_req_duration,1678217721,1559.386088,,,,true,,POST,http://20.210.36.32:8080/prediction/knn,HTTP/1.1,contacts,,200,,,http://20.210.36.32:8080/prediction/knn,,
http_req_blocked,1678217721,2.086909,,,,true,,POST,http://20.210.36.32:8080/prediction/knn,HTTP/1.1,contacts,,200,,,http://20.210.36.32:8080/prediction/knn,,
http_req_connecting,1678217721,2.032908,,,,true,,POST,http://20.210.36.32:8080/prediction/knn,HTTP/1.1,contacts,,200,,,http://20.210.36.32:8080/prediction/knn,,
http_req_tls_handshaking,1678217721,0.000000,,,,true,,POST,http://20.210.36.32:8080/prediction/knn,HTTP/1.1,contacts,,200,,,http://20.210.36.32:8080/prediction/knn,,
http_req_sending,1678217721,0.050401,,,,true,,POST,http://20.210.36.32:8080/prediction/knn,HTTP/1.1,contacts,,200,,,http://20.210.36.32:8080/prediction/knn,,
http_req_waiting,1678217721,1559.213687,,,,true,,POST,http://20.210.36.32:8080/prediction/knn,HTTP/1.1,contacts,,200,,,http://20.210.36.32:8080/prediction/knn,,
http_req_receiving,1678217721,0.122000,,,,true,,POST,http://20.210.36.32:8080/prediction/knn,HTTP/1.1,contacts,,200,,,http://20.210.36.32:8080/prediction/knn,,
http_req_failed,1678217721,0.000000,,,,true,,POST,http://20.210.36.32:8080/prediction/knn,HTTP/1.1,contacts,,200,,,http://20.210.36.32:8080/prediction/knn,,
responseTime,1678217721,1559.386088,,,,,,,,,contacts,,,,,,,
data_sent,1678217721,2088.000000,,,,,,,,,contacts,,,,,,,
data_received,1678217721,199.000000,,,,,,,,,contacts,,,,,,,
iteration_duration,1678217721,1561.981998,,,,,,,,,contacts,,,,,,,
iterations,1678217721,1.000000,,,,,,,,,contacts,,,,,,,
http_reqs,1678217721,1.000000,,,,true,,POST,http://20.210.36.32:8080/prediction/knn,HTTP/1.1,contacts,,200,,,http://20.210.36.32:8080/prediction/knn,,
http_req_duration,1678217721,1566.151616,,,,true,,POST,http://20.210.36.32:8080/prediction/knn,HTTP/1.1,contacts,,200,,,http://20.210.36.32:8080/prediction/knn,,
http_req_blocked,1678217721,2.037209,,,,true,,POST,http://20.210.36.32:8080/prediction/knn,HTTP/1.1,contacts,,200,,,http://20.210.36.32:8080/prediction/knn,,
http_req_connecting,1678217721,1.946409,,,,true,,POST,http://20.210.36.32:8080/prediction/knn,HTTP/1.1,contacts,,200,,,http://20.210.36.32:8080/prediction/knn,,
http_req_tls_handshaking,1678217721,0.000000,,,,true,,POST,http://20.210.36.32:8080/prediction/knn,HTTP/1.1,contacts,,200,,,http://20.210.36.32:8080/prediction/knn,,
http_req_sending,1678217721,0.091500,,,,true,,POST,http://20.210.36.32:8080/prediction/knn,HTTP/1.1,contacts,,200,,,http://20.210.36.32:8080/prediction/knn,,
http_req_waiting,1678217721,1565.925216,,,,true,,POST,http://20.210.36.32:8080/prediction/knn,HTTP/1.1,contacts,,200,,,http://20.210.36.32:8080/prediction/knn,,
http_req_receiving,1678217721,0.134900,,,,true,,POST,http://20.210.36.32:8080/prediction/knn,HTTP/1.1,contacts,,200,,,http://20.210.36.32:8080/prediction/knn,,
http_req_failed,1678217721,0.000000,,,,true,,POST,http://20.210.36.32:8080/prediction/knn,HTTP/1.1,contacts,,200,,,http://20.210.36.32:8080/prediction/knn,,
responseTime,1678217721,1566.151616,,,,,,,,,contacts,,,,,,,
data_sent,1678217721,2088.000000,,,,,,,,,contacts,,,,,,,
data_received,1678217721,199.000000,,,,,,,,,contacts,,,,,,,
iteration_duration,1678217721,1568.543027,,,,,,,,,contacts,,,,,,,
iterations,1678217721,1.000000,,,,,,,,,contacts,,,,,,,
http_reqs,1678217721,1.000000,,,,true,,POST,http://20.210.36.32:8080/prediction/knn,HTTP/1.1,contacts,,200,,,http://20.210.36.32:8080/prediction/knn,,
http_req_duration,1678217721,1568.067525,,,,true,,POST,http://20.210.36.32:8080/prediction/knn,HTTP/1.1,contacts,,200,,,http://20.210.36.32:8080/prediction/knn,,
http_req_blocked,1678217721,1.947908,,,,true,,POST,http://20.210.36.32:8080/prediction/knn,HTTP/1.1,contacts,,200,,,http://20.210.36.32:8080/prediction/knn,,
http_req_connecting,1678217721,1.881308,,,,true,,POST,http://20.210.36.32:8080/prediction/knn,HTTP/1.1,contacts,,200,,,http://20.210.36.32:8080/prediction/knn,,
http_req_tls_handshaking,1678217721,0.000000,,,,true,,POST,http://20.210.36.32:8080/prediction/knn,HTTP/1.1,contacts,,200,,,http://20.210.36.32:8080/prediction/knn,,
http_req_sending,1678217721,0.055200,,,,true,,POST,http://20.210.36.32:8080/prediction/knn,HTTP/1.1,contacts,,200,,,http://20.210.36.32:8080/prediction/knn,,
http_req_waiting,1678217721,1567.965425,,,,true,,POST,http://20.210.36.32:8080/prediction/knn,HTTP/1.1,contacts,,200,,,http://20.210.36.32:8080/prediction/knn,,
http_req_receiving,1678217721,0.046900,,,,true,,POST,http://20.210.36.32:8080/prediction/knn,HTTP/1.1,contacts,,200,,,http://20.210.36.32:8080/prediction/knn,,
http_req_failed,1678217721,0.000000,,,,true,,POST,http://20.210.36.32:8080/prediction/knn,HTTP/1.1,contacts,,200,,,http://20.210.36.32:8080/prediction/knn,,
responseTime,1678217721,1568.067525,,,,,,,,,contacts,,,,,,,
data_sent,1678217721,2088.000000,,,,,,,,,contacts,,,,,,,
data_received,1678217721,199.000000,,,,,,,,,contacts,,,,,,,
iteration_duration,1678217721,1570.365034,,,,,,,,,contacts,,,,,,,
iterations,1678217721,1.000000,,,,,,,,,contacts,,,,,,,
http_reqs,1678217721,1.000000,,,,true,,POST,http://20.210.36.32:8080/prediction/knn,HTTP/1.1,contacts,,200,,,http://20.210.36.32:8080/prediction/knn,,
http_req_duration,1678217721,1725.870691,,,,true,,POST,http://20.210.36.32:8080/prediction/knn,HTTP/1.1,contacts,,200,,,http://20.210.36.32:8080/prediction/knn,,
http_req_blocked,1678217721,2.123909,,,,true,,POST,http://20.210.36.32:8080/prediction/knn,HTTP/1.1,contacts,,200,,,http://20.210.36.32:8080/prediction/knn,,
http_req_connecting,1678217721,2.050009,,,,true,,POST,http://20.210.36.32:8080/prediction/knn,HTTP/1.1,contacts,,200,,,http://20.210.36.32:8080/prediction/knn,,
http_req_tls_handshaking,1678217721,0.000000,,,,true,,POST,http://20.210.36.32:8080/prediction/knn,HTTP/1.1,contacts,,200,,,http://20.210.36.32:8080/prediction/knn,,
http_req_sending,1678217721,0.075200,,,,true,,POST,http://20.210.36.32:8080/prediction/knn,HTTP/1.1,contacts,,200,,,http://20.210.36.32:8080/prediction/knn,,
http_req_waiting,1678217721,1721.012771,,,,true,,POST,http://20.210.36.32:8080/prediction/knn,HTTP/1.1,contacts,,200,,,http://20.210.36.32:8080/prediction/knn,,
http_req_receiving,1678217721,4.782720,,,,true,,POST,http://20.210.36.32:8080/prediction/knn,HTTP/1.1,contacts,,200,,,http://20.210.36.32:8080/prediction/knn,,
http_req_failed,1678217721,0.000000,,,,true,,POST,http://20.210.36.32:8080/prediction/knn,HTTP/1.1,contacts,,200,,,http://20.210.36.32:8080/prediction/knn,,
responseTime,1678217721,1725.870691,,,,,,,,,contacts,,,,,,,
data_sent,1678217721,2088.000000,,,,,,,,,contacts,,,,,,,
data_received,1678217721,199.000000,,,,,,,,,contacts,,,,,,,
iteration_duration,1678217721,1728.345601,,,,,,,,,contacts,,,,,,,
iterations,1678217721,1.000000,,,,,,,,,contacts,,,,,,,
http_reqs,1678217721,1.000000,,,,true,,POST,http://20.210.36.32:8080/prediction/knn,HTTP/1.1,contacts,,200,,,http://20.210.36.32:8080/prediction/knn,,
http_req_duration,1678217721,1743.417766,,,,true,,POST,http://20.210.36.32:8080/prediction/knn,HTTP/1.1,contacts,,200,,,http://20.210.36.32:8080/prediction/knn,,
http_req_blocked,1678217721,2.341609,,,,true,,POST,http://20.210.36.32:8080/prediction/knn,HTTP/1.1,contacts,,200,,,http://20.210.36.32:8080/prediction/knn,,
http_req_connecting,1678217721,2.266309,,,,true,,POST,http://20.210.36.32:8080/prediction/knn,HTTP/1.1,contacts,,200,,,http://20.210.36.32:8080/prediction/knn,,
http_req_tls_handshaking,1678217721,0.000000,,,,true,,POST,http://20.210.36.32:8080/prediction/knn,HTTP/1.1,contacts,,200,,,http://20.210.36.32:8080/prediction/knn,,
http_req_sending,1678217721,0.063401,,,,true,,POST,http://20.210.36.32:8080/prediction/knn,HTTP/1.1,contacts,,200,,,http://20.210.36.32:8080/prediction/knn,,
http_req_waiting,1678217721,1741.102355,,,,true,,POST,http://20.210.36.32:8080/prediction/knn,HTTP/1.1,contacts,,200,,,http://20.210.36.32:8080/prediction/knn,,
http_req_receiving,1678217721,2.252010,,,,true,,POST,http://20.210.36.32:8080/prediction/knn,HTTP/1.1,contacts,,200,,,http://20.210.36.32:8080/prediction/knn,,
http_req_failed,1678217721,0.000000,,,,true,,POST,http://20.210.36.32:8080/prediction/knn,HTTP/1.1,contacts,,200,,,http://20.210.36.32:8080/prediction/knn,,
responseTime,1678217721,1743.417766,,,,,,,,,contacts,,,,,,,
data_sent,1678217721,2088.000000,,,,,,,,,contacts,,,,,,,
data_received,1678217721,199.000000,,,,,,,,,contacts,,,,,,,
iteration_duration,1678217721,1746.779479,,,,,,,,,contacts,,,,,,,
iterations,1678217721,1.000000,,,,,,,,,contacts,,,,,,,
http_reqs,1678217721,1.000000,,,,true,,POST,http://20.210.36.32:8080/prediction/knn,HTTP/1.1,contacts,,200,,,http://20.210.36.32:8080/prediction/knn,,
http_req_duration,1678217721,1684.252816,,,,true,,POST,http://20.210.36.32:8080/prediction/knn,HTTP/1.1,contacts,,200,,,http://20.210.36.32:8080/prediction/knn,,
http_req_blocked,1678217721,2.613111,,,,true,,POST,http://20.210.36.32:8080/prediction/knn,HTTP/1.1,contacts,,200,,,http://20.210.36.32:8080/prediction/knn,,
http_req_connecting,1678217721,2.532210,,,,true,,POST,http://20.210.36.32:8080/prediction/knn,HTTP/1.1,contacts,,200,,,http://20.210.36.32:8080/prediction/knn,,
http_req_tls_handshaking,1678217721,0.000000,,,,true,,POST,http://20.210.36.32:8080/prediction/knn,HTTP/1.1,contacts,,200,,,http://20.210.36.32:8080/prediction/knn,,
http_req_sending,1678217721,0.061101,,,,true,,POST,http://20.210.36.32:8080/prediction/knn,HTTP/1.1,contacts,,200,,,http://20.210.36.32:8080/prediction/knn,,
http_req_waiting,1678217721,1682.546008,,,,true,,POST,http://20.210.36.32:8080/prediction/knn,HTTP/1.1,contacts,,200,,,http://20.210.36.32:8080/prediction/knn,,
http_req_receiving,1678217721,1.645707,,,,true,,POST,http://20.210.36.32:8080/prediction/knn,HTTP/1.1,contacts,,200,,,http://20.210.36.32:8080/prediction/knn,,
http_req_failed,1678217721,0.000000,,,,true,,POST,http://20.210.36.32:8080/prediction/knn,HTTP/1.1,contacts,,200,,,http://20.210.36.32:8080/prediction/knn,,
responseTime,1678217721,1684.252816,,,,,,,,,contacts,,,,,,,
data_sent,1678217721,2088.000000,,,,,,,,,contacts,,,,,,,
data_received,1678217721,199.000000,,,,,,,,,contacts,,,,,,,
iteration_duration,1678217721,1687.224428,,,,,,,,,contacts,,,,,,,
iterations,1678217721,1.000000,,,,,,,,,contacts,,,,,,,
http_reqs,1678217721,1.000000,,,,true,,POST,http://20.210.36.32:8080/prediction/knn,HTTP/1.1,contacts,,200,,,http://20.210.36.32:8080/prediction/knn,,
http_req_duration,1678217721,1637.198817,,,,true,,POST,http://20.210.36.32:8080/prediction/knn,HTTP/1.1,contacts,,200,,,http://20.210.36.32:8080/prediction/knn,,
http_req_blocked,1678217721,2.129409,,,,true,,POST,http://20.210.36.32:8080/prediction/knn,HTTP/1.1,contacts,,200,,,http://20.210.36.32:8080/prediction/knn,,
http_req_connecting,1678217721,2.043508,,,,true,,POST,http://20.210.36.32:8080/prediction/knn,HTTP/1.1,contacts,,200,,,http://20.210.36.32:8080/prediction/knn,,
http_req_tls_handshaking,1678217721,0.000000,,,,true,,POST,http://20.210.36.32:8080/prediction/knn,HTTP/1.1,contacts,,200,,,http://20.210.36.32:8080/prediction/knn,,
http_req_sending,1678217721,0.053500,,,,true,,POST,http://20.210.36.32:8080/prediction/knn,HTTP/1.1,contacts,,200,,,http://20.210.36.32:8080/prediction/knn,,
http_req_waiting,1678217721,1637.063116,,,,true,,POST,http://20.210.36.32:8080/prediction/knn,HTTP/1.1,contacts,,200,,,http://20.210.36.32:8080/prediction/knn,,
http_req_receiving,1678217721,0.082201,,,,true,,POST,http://20.210.36.32:8080/prediction/knn,HTTP/1.1,contacts,,200,,,http://20.210.36.32:8080/prediction/knn,,
http_req_failed,1678217721,0.000000,,,,true,,POST,http://20.210.36.32:8080/prediction/knn,HTTP/1.1,contacts,,200,,,http://20.210.36.32:8080/prediction/knn,,
responseTime,1678217721,1637.198817,,,,,,,,,contacts,,,,,,,
data_sent,1678217721,2088.000000,,,,,,,,,contacts,,,,,,,
data_received,1678217721,199.000000,,,,,,,,,contacts,,,,,,,
iteration_duration,1678217721,1639.800627,,,,,,,,,contacts,,,,,,,
iterations,1678217721,1.000000,,,,,,,,,contacts,,,,,,,
http_reqs,1678217722,1.000000,,,,true,,POST,http://20.210.36.32:8080/prediction/knn,HTTP/1.1,contacts,,200,,,http://20.210.36.32:8080/prediction/knn,,
http_req_duration,1678217722,1649.233168,,,,true,,POST,http://20.210.36.32:8080/prediction/knn,HTTP/1.1,contacts,,200,,,http://20.210.36.32:8080/prediction/knn,,
http_req_blocked,1678217722,2.279609,,,,true,,POST,http://20.210.36.32:8080/prediction/knn,HTTP/1.1,contacts,,200,,,http://20.210.36.32:8080/prediction/knn,,
http_req_connecting,1678217722,2.209909,,,,true,,POST,http://20.210.36.32:8080/prediction/knn,HTTP/1.1,contacts,,200,,,http://20.210.36.32:8080/prediction/knn,,
http_req_tls_handshaking,1678217722,0.000000,,,,true,,POST,http://20.210.36.32:8080/prediction/knn,HTTP/1.1,contacts,,200,,,http://20.210.36.32:8080/prediction/knn,,
http_req_sending,1678217722,0.061900,,,,true,,POST,http://20.210.36.32:8080/prediction/knn,HTTP/1.1,contacts,,200,,,http://20.210.36.32:8080/prediction/knn,,
http_req_waiting,1678217722,1649.084667,,,,true,,POST,http://20.210.36.32:8080/prediction/knn,HTTP/1.1,contacts,,200,,,http://20.210.36.32:8080/prediction/knn,,
http_req_receiving,1678217722,0.086601,,,,true,,POST,http://20.210.36.32:8080/prediction/knn,HTTP/1.1,contacts,,200,,,http://20.210.36.32:8080/prediction/knn,,
http_req_failed,1678217722,0.000000,,,,true,,POST,http://20.210.36.32:8080/prediction/knn,HTTP/1.1,contacts,,200,,,http://20.210.36.32:8080/prediction/knn,,
http_reqs,1678217722,1.000000,,,,true,,POST,http://20.210.36.32:8080/prediction/knn,HTTP/1.1,contacts,,200,,,http://20.210.36.32:8080/prediction/knn,,
http_req_duration,1678217722,1600.087760,,,,true,,POST,http://20.210.36.32:8080/prediction/knn,HTTP/1.1,contacts,,200,,,http://20.210.36.32:8080/prediction/knn,,
http_req_blocked,1678217722,2.183909,,,,true,,POST,http://20.210.36.32:8080/prediction/knn,HTTP/1.1,contacts,,200,,,http://20.210.36.32:8080/prediction/knn,,
http_req_connecting,1678217722,2.085109,,,,true,,POST,http://20.210.36.32:8080/prediction/knn,HTTP/1.1,contacts,,200,,,http://20.210.36.32:8080/prediction/knn,,
http_req_tls_handshaking,1678217722,0.000000,,,,true,,POST,http://20.210.36.32:8080/prediction/knn,HTTP/1.1,contacts,,200,,,http://20.210.36.32:8080/prediction/knn,,
http_req_sending,1678217722,0.057700,,,,true,,POST,http://20.210.36.32:8080/prediction/knn,HTTP/1.1,contacts,,200,,,http://20.210.36.32:8080/prediction/knn,,
http_req_waiting,1678217722,1599.962860,,,,true,,POST,http://20.210.36.32:8080/prediction/knn,HTTP/1.1,contacts,,200,,,http://20.210.36.32:8080/prediction/knn,,
http_req_receiving,1678217722,0.067200,,,,true,,POST,http://20.210.36.32:8080/prediction/knn,HTTP/1.1,contacts,,200,,,http://20.210.36.32:8080/prediction/knn,,
http_req_failed,1678217722,0.000000,,,,true,,POST,http://20.210.36.32:8080/prediction/knn,HTTP/1.1,contacts,,200,,,http://20.210.36.32:8080/prediction/knn,,
responseTime,1678217722,1649.233168,,,,,,,,,contacts,,,,,,,
data_sent,1678217722,2088.000000,,,,,,,,,contacts,,,,,,,
data_received,1678217722,199.000000,,,,,,,,,contacts,,,,,,,
iteration_duration,1678217722,1652.441581,,,,,,,,,contacts,,,,,,,
iterations,1678217722,1.000000,,,,,,,,,contacts,,,,,,,
responseTime,1678217722,1600.087760,,,,,,,,,contacts,,,,,,,
data_sent,1678217722,2088.000000,,,,,,,,,contacts,,,,,,,
data_received,1678217722,199.000000,,,,,,,,,contacts,,,,,,,
iteration_duration,1678217722,1602.737171,,,,,,,,,contacts,,,,,,,
iterations,1678217722,1.000000,,,,,,,,,contacts,,,,,,,
http_reqs,1678217722,1.000000,,,,true,,POST,http://20.210.36.32:8080/prediction/knn,HTTP/1.1,contacts,,200,,,http://20.210.36.32:8080/prediction/knn,,
http_req_duration,1678217722,1738.395944,,,,true,,POST,http://20.210.36.32:8080/prediction/knn,HTTP/1.1,contacts,,200,,,http://20.210.36.32:8080/prediction/knn,,
http_req_blocked,1678217722,2.137709,,,,true,,POST,http://20.210.36.32:8080/prediction/knn,HTTP/1.1,contacts,,200,,,http://20.210.36.32:8080/prediction/knn,,
http_req_connecting,1678217722,2.067209,,,,true,,POST,http://20.210.36.32:8080/prediction/knn,HTTP/1.1,contacts,,200,,,http://20.210.36.32:8080/prediction/knn,,
http_req_tls_handshaking,1678217722,0.000000,,,,true,,POST,http://20.210.36.32:8080/prediction/knn,HTTP/1.1,contacts,,200,,,http://20.210.36.32:8080/prediction/knn,,
http_req_sending,1678217722,0.077800,,,,true,,POST,http://20.210.36.32:8080/prediction/knn,HTTP/1.1,contacts,,200,,,http://20.210.36.32:8080/prediction/knn,,
http_req_waiting,1678217722,1738.149144,,,,true,,POST,http://20.210.36.32:8080/prediction/knn,HTTP/1.1,contacts,,200,,,http://20.210.36.32:8080/prediction/knn,,
http_req_receiving,1678217722,0.169000,,,,true,,POST,http://20.210.36.32:8080/prediction/knn,HTTP/1.1,contacts,,200,,,http://20.210.36.32:8080/prediction/knn,,
http_req_failed,1678217722,0.000000,,,,true,,POST,http://20.210.36.32:8080/prediction/knn,HTTP/1.1,contacts,,200,,,http://20.210.36.32:8080/prediction/knn,,
http_reqs,1678217722,1.000000,,,,true,,POST,http://20.210.36.32:8080/prediction/knn,HTTP/1.1,contacts,,200,,,http://20.210.36.32:8080/prediction/knn,,
http_req_duration,1678217722,1606.385386,,,,true,,POST,http://20.210.36.32:8080/prediction/knn,HTTP/1.1,contacts,,200,,,http://20.210.36.32:8080/prediction/knn,,
http_req_blocked,1678217722,1.911808,,,,true,,POST,http://20.210.36.32:8080/prediction/knn,HTTP/1.1,contacts,,200,,,http://20.210.36.32:8080/prediction/knn,,
http_req_connecting,1678217722,1.825408,,,,true,,POST,http://20.210.36.32:8080/prediction/knn,HTTP/1.1,contacts,,200,,,http://20.210.36.32:8080/prediction/knn,,
http_req_tls_handshaking,1678217722,0.000000,,,,true,,POST,http://20.210.36.32:8080/prediction/knn,HTTP/1.1,contacts,,200,,,http://20.210.36.32:8080/prediction/knn,,
http_req_sending,1678217722,0.052600,,,,true,,POST,http://20.210.36.32:8080/prediction/knn,HTTP/1.1,contacts,,200,,,http://20.210.36.32:8080/prediction/knn,,
http_req_waiting,1678217722,1606.263486,,,,true,,POST,http://20.210.36.32:8080/prediction/knn,HTTP/1.1,contacts,,200,,,http://20.210.36.32:8080/prediction/knn,,
http_req_receiving,1678217722,0.069300,,,,true,,POST,http://20.210.36.32:8080/prediction/knn,HTTP/1.1,contacts,,200,,,http://20.210.36.32:8080/prediction/knn,,
http_req_failed,1678217722,0.000000,,,,true,,POST,http://20.210.36.32:8080/prediction/knn,HTTP/1.1,contacts,,200,,,http://20.210.36.32:8080/prediction/knn,,
responseTime,1678217722,1738.395944,,,,,,,,,contacts,,,,,,,
data_sent,1678217722,2088.000000,,,,,,,,,contacts,,,,,,,
data_received,1678217722,199.000000,,,,,,,,,contacts,,,,,,,
iteration_duration,1678217722,1740.873155,,,,,,,,,contacts,,,,,,,
iterations,1678217722,1.000000,,,,,,,,,contacts,,,,,,,
responseTime,1678217722,1606.385386,,,,,,,,,contacts,,,,,,,
data_sent,1678217722,2088.000000,,,,,,,,,contacts,,,,,,,
data_received,1678217722,199.000000,,,,,,,,,contacts,,,,,,,
iteration_duration,1678217722,1608.886397,,,,,,,,,contacts,,,,,,,
iterations,1678217722,1.000000,,,,,,,,,contacts,,,,,,,
http_reqs,1678217722,1.000000,,,,true,,POST,http://20.210.36.32:8080/prediction/knn,HTTP/1.1,contacts,,200,,,http://20.210.36.32:8080/prediction/knn,,
http_req_duration,1678217722,1667.665145,,,,true,,POST,http://20.210.36.32:8080/prediction/knn,HTTP/1.1,contacts,,200,,,http://20.210.36.32:8080/prediction/knn,,
http_req_blocked,1678217722,2.178409,,,,true,,POST,http://20.210.36.32:8080/prediction/knn,HTTP/1.1,contacts,,200,,,http://20.210.36.32:8080/prediction/knn,,
http_req_connecting,1678217722,2.092009,,,,true,,POST,http://20.210.36.32:8080/prediction/knn,HTTP/1.1,contacts,,200,,,http://20.210.36.32:8080/prediction/knn,,
http_req_tls_handshaking,1678217722,0.000000,,,,true,,POST,http://20.210.36.32:8080/prediction/knn,HTTP/1.1,contacts,,200,,,http://20.210.36.32:8080/prediction/knn,,
http_req_sending,1678217722,0.038100,,,,true,,POST,http://20.210.36.32:8080/prediction/knn,HTTP/1.1,contacts,,200,,,http://20.210.36.32:8080/prediction/knn,,
http_req_waiting,1678217722,1667.572145,,,,true,,POST,http://20.210.36.32:8080/prediction/knn,HTTP/1.1,contacts,,200,,,http://20.210.36.32:8080/prediction/knn,,
http_req_receiving,1678217722,0.054900,,,,true,,POST,http://20.210.36.32:8080/prediction/knn,HTTP/1.1,contacts,,200,,,http://20.210.36.32:8080/prediction/knn,,
http_req_failed,1678217722,0.000000,,,,true,,POST,http://20.210.36.32:8080/prediction/knn,HTTP/1.1,contacts,,200,,,http://20.210.36.32:8080/prediction/knn,,
http_reqs,1678217722,1.000000,,,,true,,POST,http://20.210.36.32:8080/prediction/knn,HTTP/1.1,contacts,,200,,,http://20.210.36.32:8080/prediction/knn,,
http_req_duration,1678217722,1695.027661,,,,true,,POST,http://20.210.36.32:8080/prediction/knn,HTTP/1.1,contacts,,200,,,http://20.210.36.32:8080/prediction/knn,,
http_req_blocked,1678217722,2.085509,,,,true,,POST,http://20.210.36.32:8080/prediction/knn,HTTP/1.1,contacts,,200,,,http://20.210.36.32:8080/prediction/knn,,
http_req_connecting,1678217722,2.008908,,,,true,,POST,http://20.210.36.32:8080/prediction/knn,HTTP/1.1,contacts,,200,,,http://20.210.36.32:8080/prediction/knn,,
http_req_tls_handshaking,1678217722,0.000000,,,,true,,POST,http://20.210.36.32:8080/prediction/knn,HTTP/1.1,contacts,,200,,,http://20.210.36.32:8080/prediction/knn,,
http_req_sending,1678217722,0.056701,,,,true,,POST,http://20.210.36.32:8080/prediction/knn,HTTP/1.1,contacts,,200,,,http://20.210.36.32:8080/prediction/knn,,
http_req_waiting,1678217722,1694.922660,,,,true,,POST,http://20.210.36.32:8080/prediction/knn,HTTP/1.1,contacts,,200,,,http://20.210.36.32:8080/prediction/knn,,
http_req_receiving,1678217722,0.048300,,,,true,,POST,http://20.210.36.32:8080/prediction/knn,HTTP/1.1,contacts,,200,,,http://20.210.36.32:8080/prediction/knn,,
http_req_failed,1678217722,0.000000,,,,true,,POST,http://20.210.36.32:8080/prediction/knn,HTTP/1.1,contacts,,200,,,http://20.210.36.32:8080/prediction/knn,,
responseTime,1678217722,1695.027661,,,,,,,,,contacts,,,,,,,
data_sent,1678217722,2088.000000,,,,,,,,,contacts,,,,,,,
data_received,1678217722,199.000000,,,,,,,,,contacts,,,,,,,
iteration_duration,1678217722,1697.480471,,,,,,,,,contacts,,,,,,,
iterations,1678217722,1.000000,,,,,,,,,contacts,,,,,,,
responseTime,1678217722,1667.665145,,,,,,,,,contacts,,,,,,,
data_sent,1678217722,2088.000000,,,,,,,,,contacts,,,,,,,
data_received,1678217722,199.000000,,,,,,,,,contacts,,,,,,,
iteration_duration,1678217722,1670.802959,,,,,,,,,contacts,,,,,,,
iterations,1678217722,1.000000,,,,,,,,,contacts,,,,,,,
http_reqs,1678217722,1.000000,,,,true,,POST,http://20.210.36.32:8080/prediction/knn,HTTP/1.1,contacts,,200,,,http://20.210.36.32:8080/prediction/knn,,
http_req_duration,1678217722,1628.301079,,,,true,,POST,http://20.210.36.32:8080/prediction/knn,HTTP/1.1,contacts,,200,,,http://20.210.36.32:8080/prediction/knn,,
http_req_blocked,1678217722,2.087709,,,,true,,POST,http://20.210.36.32:8080/prediction/knn,HTTP/1.1,contacts,,200,,,http://20.210.36.32:8080/prediction/knn,,
http_req_connecting,1678217722,2.011308,,,,true,,POST,http://20.210.36.32:8080/prediction/knn,HTTP/1.1,contacts,,200,,,http://20.210.36.32:8080/prediction/knn,,
http_req_tls_handshaking,1678217722,0.000000,,,,true,,POST,http://20.210.36.32:8080/prediction/knn,HTTP/1.1,contacts,,200,,,http://20.210.36.32:8080/prediction/knn,,
http_req_sending,1678217722,0.063100,,,,true,,POST,http://20.210.36.32:8080/prediction/knn,HTTP/1.1,contacts,,200,,,http://20.210.36.32:8080/prediction/knn,,
http_req_waiting,1678217722,1628.162079,,,,true,,POST,http://20.210.36.32:8080/prediction/knn,HTTP/1.1,contacts,,200,,,http://20.210.36.32:8080/prediction/knn,,
http_req_receiving,1678217722,0.075900,,,,true,,POST,http://20.210.36.32:8080/prediction/knn,HTTP/1.1,contacts,,200,,,http://20.210.36.32:8080/prediction/knn,,
http_req_failed,1678217722,0.000000,,,,true,,POST,http://20.210.36.32:8080/prediction/knn,HTTP/1.1,contacts,,200,,,http://20.210.36.32:8080/prediction/knn,,
http_reqs,1678217722,1.000000,,,,true,,POST,http://20.210.36.32:8080/prediction/knn,HTTP/1.1,contacts,,200,,,http://20.210.36.32:8080/prediction/knn,,
http_req_duration,1678217722,1665.386636,,,,true,,POST,http://20.210.36.32:8080/prediction/knn,HTTP/1.1,contacts,,200,,,http://20.210.36.32:8080/prediction/knn,,
http_req_blocked,1678217722,2.272809,,,,true,,POST,http://20.210.36.32:8080/prediction/knn,HTTP/1.1,contacts,,200,,,http://20.210.36.32:8080/prediction/knn,,
http_req_connecting,1678217722,2.195309,,,,true,,POST,http://20.210.36.32:8080/prediction/knn,HTTP/1.1,contacts,,200,,,http://20.210.36.32:8080/prediction/knn,,
http_req_tls_handshaking,1678217722,0.000000,,,,true,,POST,http://20.210.36.32:8080/prediction/knn,HTTP/1.1,contacts,,200,,,http://20.210.36.32:8080/prediction/knn,,
http_req_sending,1678217722,0.055000,,,,true,,POST,http://20.210.36.32:8080/prediction/knn,HTTP/1.1,contacts,,200,,,http://20.210.36.32:8080/prediction/knn,,
http_req_waiting,1678217722,1665.090935,,,,true,,POST,http://20.210.36.32:8080/prediction/knn,HTTP/1.1,contacts,,200,,,http://20.210.36.32:8080/prediction/knn,,
http_req_receiving,1678217722,0.240701,,,,true,,POST,http://20.210.36.32:8080/prediction/knn,HTTP/1.1,contacts,,200,,,http://20.210.36.32:8080/prediction/knn,,
http_req_failed,1678217722,0.000000,,,,true,,POST,http://20.210.36.32:8080/prediction/knn,HTTP/1.1,contacts,,200,,,http://20.210.36.32:8080/prediction/knn,,
responseTime,1678217722,1628.301079,,,,,,,,,contacts,,,,,,,
data_sent,1678217722,2088.000000,,,,,,,,,contacts,,,,,,,
data_received,1678217722,199.000000,,,,,,,,,contacts,,,,,,,
iteration_duration,1678217722,1630.957090,,,,,,,,,contacts,,,,,,,
iterations,1678217722,1.000000,,,,,,,,,contacts,,,,,,,
responseTime,1678217722,1665.386636,,,,,,,,,contacts,,,,,,,
data_sent,1678217722,2088.000000,,,,,,,,,contacts,,,,,,,
data_received,1678217722,199.000000,,,,,,,,,contacts,,,,,,,
iteration_duration,1678217722,1668.115747,,,,,,,,,contacts,,,,,,,
iterations,1678217722,1.000000,,,,,,,,,contacts,,,,,,,
http_reqs,1678217722,1.000000,,,,true,,POST,http://20.210.36.32:8080/prediction/knn,HTTP/1.1,contacts,,200,,,http://20.210.36.32:8080/prediction/knn,,
http_req_duration,1678217722,1493.730611,,,,true,,POST,http://20.210.36.32:8080/prediction/knn,HTTP/1.1,contacts,,200,,,http://20.210.36.32:8080/prediction/knn,,
http_req_blocked,1678217722,2.187109,,,,true,,POST,http://20.210.36.32:8080/prediction/knn,HTTP/1.1,contacts,,200,,,http://20.210.36.32:8080/prediction/knn,,
http_req_connecting,1678217722,2.126309,,,,true,,POST,http://20.210.36.32:8080/prediction/knn,HTTP/1.1,contacts,,200,,,http://20.210.36.32:8080/prediction/knn,,
http_req_tls_handshaking,1678217722,0.000000,,,,true,,POST,http://20.210.36.32:8080/prediction/knn,HTTP/1.1,contacts,,200,,,http://20.210.36.32:8080/prediction/knn,,
http_req_sending,1678217722,0.066001,,,,true,,POST,http://20.210.36.32:8080/prediction/knn,HTTP/1.1,contacts,,200,,,http://20.210.36.32:8080/prediction/knn,,
http_req_waiting,1678217722,1493.552009,,,,true,,POST,http://20.210.36.32:8080/prediction/knn,HTTP/1.1,contacts,,200,,,http://20.210.36.32:8080/prediction/knn,,
http_req_receiving,1678217722,0.112601,,,,true,,POST,http://20.210.36.32:8080/prediction/knn,HTTP/1.1,contacts,,200,,,http://20.210.36.32:8080/prediction/knn,,
http_req_failed,1678217722,0.000000,,,,true,,POST,http://20.210.36.32:8080/prediction/knn,HTTP/1.1,contacts,,200,,,http://20.210.36.32:8080/prediction/knn,,
responseTime,1678217722,1493.730611,,,,,,,,,contacts,,,,,,,
data_sent,1678217722,2088.000000,,,,,,,,,contacts,,,,,,,
data_received,1678217722,199.000000,,,,,,,,,contacts,,,,,,,
iteration_duration,1678217722,1496.567023,,,,,,,,,contacts,,,,,,,
iterations,1678217722,1.000000,,,,,,,,,contacts,,,,,,,
http_reqs,1678217722,1.000000,,,,true,,POST,http://20.210.36.32:8080/prediction/knn,HTTP/1.1,contacts,,200,,,http://20.210.36.32:8080/prediction/knn,,
http_req_duration,1678217722,1532.314273,,,,true,,POST,http://20.210.36.32:8080/prediction/knn,HTTP/1.1,contacts,,200,,,http://20.210.36.32:8080/prediction/knn,,
http_req_blocked,1678217722,2.736012,,,,true,,POST,http://20.210.36.32:8080/prediction/knn,HTTP/1.1,contacts,,200,,,http://20.210.36.32:8080/prediction/knn,,
http_req_connecting,1678217722,2.623911,,,,true,,POST,http://20.210.36.32:8080/prediction/knn,HTTP/1.1,contacts,,200,,,http://20.210.36.32:8080/prediction/knn,,
http_req_tls_handshaking,1678217722,0.000000,,,,true,,POST,http://20.210.36.32:8080/prediction/knn,HTTP/1.1,contacts,,200,,,http://20.210.36.32:8080/prediction/knn,,
http_req_sending,1678217722,0.065200,,,,true,,POST,http://20.210.36.32:8080/prediction/knn,HTTP/1.1,contacts,,200,,,http://20.210.36.32:8080/prediction/knn,,
http_req_waiting,1678217722,1532.128573,,,,true,,POST,http://20.210.36.32:8080/prediction/knn,HTTP/1.1,contacts,,200,,,http://20.210.36.32:8080/prediction/knn,,
http_req_receiving,1678217722,0.120500,,,,true,,POST,http://20.210.36.32:8080/prediction/knn,HTTP/1.1,contacts,,200,,,http://20.210.36.32:8080/prediction/knn,,
http_req_failed,1678217722,0.000000,,,,true,,POST,http://20.210.36.32:8080/prediction/knn,HTTP/1.1,contacts,,200,,,http://20.210.36.32:8080/prediction/knn,,
responseTime,1678217722,1532.314273,,,,,,,,,contacts,,,,,,,
data_sent,1678217722,2088.000000,,,,,,,,,contacts,,,,,,,
data_received,1678217722,199.000000,,,,,,,,,contacts,,,,,,,
iteration_duration,1678217722,1535.545987,,,,,,,,,contacts,,,,,,,
iterations,1678217722,1.000000,,,,,,,,,contacts,,,,,,,
http_reqs,1678217722,1.000000,,,,true,,POST,http://20.210.36.32:8080/prediction/knn,HTTP/1.1,contacts,,200,,,http://20.210.36.32:8080/prediction/knn,,
http_req_duration,1678217722,1512.012088,,,,true,,POST,http://20.210.36.32:8080/prediction/knn,HTTP/1.1,contacts,,200,,,http://20.210.36.32:8080/prediction/knn,,
http_req_blocked,1678217722,2.129409,,,,true,,POST,http://20.210.36.32:8080/prediction/knn,HTTP/1.1,contacts,,200,,,http://20.210.36.32:8080/prediction/knn,,
http_req_connecting,1678217722,2.045309,,,,true,,POST,http://20.210.36.32:8080/prediction/knn,HTTP/1.1,contacts,,200,,,http://20.210.36.32:8080/prediction/knn,,
http_req_tls_handshaking,1678217722,0.000000,,,,true,,POST,http://20.210.36.32:8080/prediction/knn,HTTP/1.1,contacts,,200,,,http://20.210.36.32:8080/prediction/knn,,
http_req_sending,1678217722,0.076400,,,,true,,POST,http://20.210.36.32:8080/prediction/knn,HTTP/1.1,contacts,,200,,,http://20.210.36.32:8080/prediction/knn,,
http_req_waiting,1678217722,1511.852987,,,,true,,POST,http://20.210.36.32:8080/prediction/knn,HTTP/1.1,contacts,,200,,,http://20.210.36.32:8080/prediction/knn,,
http_req_receiving,1678217722,0.082701,,,,true,,POST,http://20.210.36.32:8080/prediction/knn,HTTP/1.1,contacts,,200,,,http://20.210.36.32:8080/prediction/knn,,
http_req_failed,1678217722,0.000000,,,,true,,POST,http://20.210.36.32:8080/prediction/knn,HTTP/1.1,contacts,,200,,,http://20.210.36.32:8080/prediction/knn,,
responseTime,1678217722,1512.012088,,,,,,,,,contacts,,,,,,,
data_sent,1678217722,2088.000000,,,,,,,,,contacts,,,,,,,
data_received,1678217722,199.000000,,,,,,,,,contacts,,,,,,,
iteration_duration,1678217722,1514.635999,,,,,,,,,contacts,,,,,,,
iterations,1678217722,1.000000,,,,,,,,,contacts,,,,,,,
http_reqs,1678217722,1.000000,,,,true,,POST,http://20.210.36.32:8080/prediction/knn,HTTP/1.1,contacts,,200,,,http://20.210.36.32:8080/prediction/knn,,
http_req_duration,1678217722,1537.627596,,,,true,,POST,http://20.210.36.32:8080/prediction/knn,HTTP/1.1,contacts,,200,,,http://20.210.36.32:8080/prediction/knn,,
http_req_blocked,1678217722,2.021909,,,,true,,POST,http://20.210.36.32:8080/prediction/knn,HTTP/1.1,contacts,,200,,,http://20.210.36.32:8080/prediction/knn,,
http_req_connecting,1678217722,1.972209,,,,true,,POST,http://20.210.36.32:8080/prediction/knn,HTTP/1.1,contacts,,200,,,http://20.210.36.32:8080/prediction/knn,,
http_req_tls_handshaking,1678217722,0.000000,,,,true,,POST,http://20.210.36.32:8080/prediction/knn,HTTP/1.1,contacts,,200,,,http://20.210.36.32:8080/prediction/knn,,
http_req_sending,1678217722,0.055600,,,,true,,POST,http://20.210.36.32:8080/prediction/knn,HTTP/1.1,contacts,,200,,,http://20.210.36.32:8080/prediction/knn,,
http_req_waiting,1678217722,1537.462995,,,,true,,POST,http://20.210.36.32:8080/prediction/knn,HTTP/1.1,contacts,,200,,,http://20.210.36.32:8080/prediction/knn,,
http_req_receiving,1678217722,0.109001,,,,true,,POST,http://20.210.36.32:8080/prediction/knn,HTTP/1.1,contacts,,200,,,http://20.210.36.32:8080/prediction/knn,,
http_req_failed,1678217722,0.000000,,,,true,,POST,http://20.210.36.32:8080/prediction/knn,HTTP/1.1,contacts,,200,,,http://20.210.36.32:8080/prediction/knn,,
responseTime,1678217722,1537.627596,,,,,,,,,contacts,,,,,,,
data_sent,1678217722,2088.000000,,,,,,,,,contacts,,,,,,,
data_received,1678217722,199.000000,,,,,,,,,contacts,,,,,,,
iteration_duration,1678217722,1540.109406,,,,,,,,,contacts,,,,,,,
iterations,1678217722,1.000000,,,,,,,,,contacts,,,,,,,
http_reqs,1678217722,1.000000,,,,true,,POST,http://20.210.36.32:8080/prediction/knn,HTTP/1.1,contacts,,200,,,http://20.210.36.32:8080/prediction/knn,,
http_req_duration,1678217722,1548.969544,,,,true,,POST,http://20.210.36.32:8080/prediction/knn,HTTP/1.1,contacts,,200,,,http://20.210.36.32:8080/prediction/knn,,
http_req_blocked,1678217722,2.253709,,,,true,,POST,http://20.210.36.32:8080/prediction/knn,HTTP/1.1,contacts,,200,,,http://20.210.36.32:8080/prediction/knn,,
http_req_connecting,1678217722,2.209309,,,,true,,POST,http://20.210.36.32:8080/prediction/knn,HTTP/1.1,contacts,,200,,,http://20.210.36.32:8080/prediction/knn,,
http_req_tls_handshaking,1678217722,0.000000,,,,true,,POST,http://20.210.36.32:8080/prediction/knn,HTTP/1.1,contacts,,200,,,http://20.210.36.32:8080/prediction/knn,,
http_req_sending,1678217722,0.045900,,,,true,,POST,http://20.210.36.32:8080/prediction/knn,HTTP/1.1,contacts,,200,,,http://20.210.36.32:8080/prediction/knn,,
http_req_waiting,1678217722,1548.804644,,,,true,,POST,http://20.210.36.32:8080/prediction/knn,HTTP/1.1,contacts,,200,,,http://20.210.36.32:8080/prediction/knn,,
http_req_receiving,1678217722,0.119000,,,,true,,POST,http://20.210.36.32:8080/prediction/knn,HTTP/1.1,contacts,,200,,,http://20.210.36.32:8080/prediction/knn,,
http_req_failed,1678217722,0.000000,,,,true,,POST,http://20.210.36.32:8080/prediction/knn,HTTP/1.1,contacts,,200,,,http://20.210.36.32:8080/prediction/knn,,
responseTime,1678217722,1548.969544,,,,,,,,,contacts,,,,,,,
data_sent,1678217722,2088.000000,,,,,,,,,contacts,,,,,,,
data_received,1678217722,199.000000,,,,,,,,,contacts,,,,,,,
iteration_duration,1678217722,1551.618655,,,,,,,,,contacts,,,,,,,
iterations,1678217722,1.000000,,,,,,,,,contacts,,,,,,,
http_reqs,1678217722,1.000000,,,,true,,POST,http://20.210.36.32:8080/prediction/knn,HTTP/1.1,contacts,,200,,,http://20.210.36.32:8080/prediction/knn,,
http_req_duration,1678217722,1529.135860,,,,true,,POST,http://20.210.36.32:8080/prediction/knn,HTTP/1.1,contacts,,200,,,http://20.210.36.32:8080/prediction/knn,,
http_req_blocked,1678217722,2.568311,,,,true,,POST,http://20.210.36.32:8080/prediction/knn,HTTP/1.1,contacts,,200,,,http://20.210.36.32:8080/prediction/knn,,
http_req_connecting,1678217722,2.400310,,,,true,,POST,http://20.210.36.32:8080/prediction/knn,HTTP/1.1,contacts,,200,,,http://20.210.36.32:8080/prediction/knn,,
http_req_tls_handshaking,1678217722,0.000000,,,,true,,POST,http://20.210.36.32:8080/prediction/knn,HTTP/1.1,contacts,,200,,,http://20.210.36.32:8080/prediction/knn,,
http_req_sending,1678217722,0.160801,,,,true,,POST,http://20.210.36.32:8080/prediction/knn,HTTP/1.1,contacts,,200,,,http://20.210.36.32:8080/prediction/knn,,
http_req_waiting,1678217722,1522.526232,,,,true,,POST,http://20.210.36.32:8080/prediction/knn,HTTP/1.1,contacts,,200,,,http://20.210.36.32:8080/prediction/knn,,
http_req_receiving,1678217722,6.448827,,,,true,,POST,http://20.210.36.32:8080/prediction/knn,HTTP/1.1,contacts,,200,,,http://20.210.36.32:8080/prediction/knn,,
http_req_failed,1678217722,0.000000,,,,true,,POST,http://20.210.36.32:8080/prediction/knn,HTTP/1.1,contacts,,200,,,http://20.210.36.32:8080/prediction/knn,,
responseTime,1678217722,1529.135860,,,,,,,,,contacts,,,,,,,
data_sent,1678217722,2088.000000,,,,,,,,,contacts,,,,,,,
data_received,1678217722,199.000000,,,,,,,,,contacts,,,,,,,
iteration_duration,1678217722,1531.926972,,,,,,,,,contacts,,,,,,,
iterations,1678217722,1.000000,,,,,,,,,contacts,,,,,,,
http_reqs,1678217722,1.000000,,,,true,,POST,http://20.210.36.32:8080/prediction/knn,HTTP/1.1,contacts,,200,,,http://20.210.36.32:8080/prediction/knn,,
http_req_duration,1678217722,1492.458705,,,,true,,POST,http://20.210.36.32:8080/prediction/knn,HTTP/1.1,contacts,,200,,,http://20.210.36.32:8080/prediction/knn,,
http_req_blocked,1678217722,2.346110,,,,true,,POST,http://20.210.36.32:8080/prediction/knn,HTTP/1.1,contacts,,200,,,http://20.210.36.32:8080/prediction/knn,,
http_req_connecting,1678217722,2.276310,,,,true,,POST,http://20.210.36.32:8080/prediction/knn,HTTP/1.1,contacts,,200,,,http://20.210.36.32:8080/prediction/knn,,
http_req_tls_handshaking,1678217722,0.000000,,,,true,,POST,http://20.210.36.32:8080/prediction/knn,HTTP/1.1,contacts,,200,,,http://20.210.36.32:8080/prediction/knn,,
http_req_sending,1678217722,0.043500,,,,true,,POST,http://20.210.36.32:8080/prediction/knn,HTTP/1.1,contacts,,200,,,http://20.210.36.32:8080/prediction/knn,,
http_req_waiting,1678217722,1492.303104,,,,true,,POST,http://20.210.36.32:8080/prediction/knn,HTTP/1.1,contacts,,200,,,http://20.210.36.32:8080/prediction/knn,,
http_req_receiving,1678217722,0.112101,,,,true,,POST,http://20.210.36.32:8080/prediction/knn,HTTP/1.1,contacts,,200,,,http://20.210.36.32:8080/prediction/knn,,
http_req_failed,1678217722,0.000000,,,,true,,POST,http://20.210.36.32:8080/prediction/knn,HTTP/1.1,contacts,,200,,,http://20.210.36.32:8080/prediction/knn,,
responseTime,1678217722,1492.458705,,,,,,,,,contacts,,,,,,,
data_sent,1678217722,2088.000000,,,,,,,,,contacts,,,,,,,
data_received,1678217722,199.000000,,,,,,,,,contacts,,,,,,,
iteration_duration,1678217722,1495.200816,,,,,,,,,contacts,,,,,,,
iterations,1678217722,1.000000,,,,,,,,,contacts,,,,,,,
http_reqs,1678217722,1.000000,,,,true,,POST,http://20.210.36.32:8080/prediction/knn,HTTP/1.1,contacts,,200,,,http://20.210.36.32:8080/prediction/knn,,
http_req_duration,1678217722,1573.976449,,,,true,,POST,http://20.210.36.32:8080/prediction/knn,HTTP/1.1,contacts,,200,,,http://20.210.36.32:8080/prediction/knn,,
http_req_blocked,1678217722,2.641811,,,,true,,POST,http://20.210.36.32:8080/prediction/knn,HTTP/1.1,contacts,,200,,,http://20.210.36.32:8080/prediction/knn,,
http_req_connecting,1678217722,2.576411,,,,true,,POST,http://20.210.36.32:8080/prediction/knn,HTTP/1.1,contacts,,200,,,http://20.210.36.32:8080/prediction/knn,,
http_req_tls_handshaking,1678217722,0.000000,,,,true,,POST,http://20.210.36.32:8080/prediction/knn,HTTP/1.1,contacts,,200,,,http://20.210.36.32:8080/prediction/knn,,
http_req_sending,1678217722,0.051400,,,,true,,POST,http://20.210.36.32:8080/prediction/knn,HTTP/1.1,contacts,,200,,,http://20.210.36.32:8080/prediction/knn,,
http_req_waiting,1678217722,1566.234017,,,,true,,POST,http://20.210.36.32:8080/prediction/knn,HTTP/1.1,contacts,,200,,,http://20.210.36.32:8080/prediction/knn,,
http_req_receiving,1678217722,7.691032,,,,true,,POST,http://20.210.36.32:8080/prediction/knn,HTTP/1.1,contacts,,200,,,http://20.210.36.32:8080/prediction/knn,,
http_req_failed,1678217722,0.000000,,,,true,,POST,http://20.210.36.32:8080/prediction/knn,HTTP/1.1,contacts,,200,,,http://20.210.36.32:8080/prediction/knn,,
http_reqs,1678217722,1.000000,,,,true,,POST,http://20.210.36.32:8080/prediction/knn,HTTP/1.1,contacts,,200,,,http://20.210.36.32:8080/prediction/knn,,
http_req_duration,1678217722,1421.798307,,,,true,,POST,http://20.210.36.32:8080/prediction/knn,HTTP/1.1,contacts,,200,,,http://20.210.36.32:8080/prediction/knn,,
http_req_blocked,1678217722,2.516310,,,,true,,POST,http://20.210.36.32:8080/prediction/knn,HTTP/1.1,contacts,,200,,,http://20.210.36.32:8080/prediction/knn,,
http_req_connecting,1678217722,2.461510,,,,true,,POST,http://20.210.36.32:8080/prediction/knn,HTTP/1.1,contacts,,200,,,http://20.210.36.32:8080/prediction/knn,,
http_req_tls_handshaking,1678217722,0.000000,,,,true,,POST,http://20.210.36.32:8080/prediction/knn,HTTP/1.1,contacts,,200,,,http://20.210.36.32:8080/prediction/knn,,
http_req_sending,1678217722,0.048701,,,,true,,POST,http://20.210.36.32:8080/prediction/knn,HTTP/1.1,contacts,,200,,,http://20.210.36.32:8080/prediction/knn,,
http_req_waiting,1678217722,1421.691606,,,,true,,POST,http://20.210.36.32:8080/prediction/knn,HTTP/1.1,contacts,,200,,,http://20.210.36.32:8080/prediction/knn,,
http_req_receiving,1678217722,0.058000,,,,true,,POST,http://20.210.36.32:8080/prediction/knn,HTTP/1.1,contacts,,200,,,http://20.210.36.32:8080/prediction/knn,,
http_req_failed,1678217722,0.000000,,,,true,,POST,http://20.210.36.32:8080/prediction/knn,HTTP/1.1,contacts,,200,,,http://20.210.36.32:8080/prediction/knn,,
responseTime,1678217722,1573.976449,,,,,,,,,contacts,,,,,,,
data_sent,1678217722,2088.000000,,,,,,,,,contacts,,,,,,,
data_received,1678217722,199.000000,,,,,,,,,contacts,,,,,,,
iteration_duration,1678217722,1577.155463,,,,,,,,,contacts,,,,,,,
iterations,1678217722,1.000000,,,,,,,,,contacts,,,,,,,
responseTime,1678217722,1421.798307,,,,,,,,,contacts,,,,,,,
data_sent,1678217722,2088.000000,,,,,,,,,contacts,,,,,,,
data_received,1678217722,199.000000,,,,,,,,,contacts,,,,,,,
iteration_duration,1678217722,1425.250222,,,,,,,,,contacts,,,,,,,
iterations,1678217722,1.000000,,,,,,,,,contacts,,,,,,,
http_reqs,1678217722,1.000000,,,,true,,POST,http://20.210.36.32:8080/prediction/knn,HTTP/1.1,contacts,,200,,,http://20.210.36.32:8080/prediction/knn,,
http_req_duration,1678217722,1452.937338,,,,true,,POST,http://20.210.36.32:8080/prediction/knn,HTTP/1.1,contacts,,200,,,http://20.210.36.32:8080/prediction/knn,,
http_req_blocked,1678217722,1.967609,,,,true,,POST,http://20.210.36.32:8080/prediction/knn,HTTP/1.1,contacts,,200,,,http://20.210.36.32:8080/prediction/knn,,
http_req_connecting,1678217722,1.866208,,,,true,,POST,http://20.210.36.32:8080/prediction/knn,HTTP/1.1,contacts,,200,,,http://20.210.36.32:8080/prediction/knn,,
http_req_tls_handshaking,1678217722,0.000000,,,,true,,POST,http://20.210.36.32:8080/prediction/knn,HTTP/1.1,contacts,,200,,,http://20.210.36.32:8080/prediction/knn,,
http_req_sending,1678217722,0.051400,,,,true,,POST,http://20.210.36.32:8080/prediction/knn,HTTP/1.1,contacts,,200,,,http://20.210.36.32:8080/prediction/knn,,
http_req_waiting,1678217722,1452.685437,,,,true,,POST,http://20.210.36.32:8080/prediction/knn,HTTP/1.1,contacts,,200,,,http://20.210.36.32:8080/prediction/knn,,
http_req_receiving,1678217722,0.200501,,,,true,,POST,http://20.210.36.32:8080/prediction/knn,HTTP/1.1,contacts,,200,,,http://20.210.36.32:8080/prediction/knn,,
http_req_failed,1678217722,0.000000,,,,true,,POST,http://20.210.36.32:8080/prediction/knn,HTTP/1.1,contacts,,200,,,http://20.210.36.32:8080/prediction/knn,,
responseTime,1678217722,1452.937338,,,,,,,,,contacts,,,,,,,
data_sent,1678217722,2088.000000,,,,,,,,,contacts,,,,,,,
data_received,1678217722,199.000000,,,,,,,,,contacts,,,,,,,
iteration_duration,1678217722,1455.231547,,,,,,,,,contacts,,,,,,,
iterations,1678217722,1.000000,,,,,,,,,contacts,,,,,,,
http_reqs,1678217722,1.000000,,,,true,,POST,http://20.210.36.32:8080/prediction/knn,HTTP/1.1,contacts,,200,,,http://20.210.36.32:8080/prediction/knn,,
http_req_duration,1678217722,1481.841060,,,,true,,POST,http://20.210.36.32:8080/prediction/knn,HTTP/1.1,contacts,,200,,,http://20.210.36.32:8080/prediction/knn,,
http_req_blocked,1678217722,2.435010,,,,true,,POST,http://20.210.36.32:8080/prediction/knn,HTTP/1.1,contacts,,200,,,http://20.210.36.32:8080/prediction/knn,,
http_req_connecting,1678217722,2.318310,,,,true,,POST,http://20.210.36.32:8080/prediction/knn,HTTP/1.1,contacts,,200,,,http://20.210.36.32:8080/prediction/knn,,
http_req_tls_handshaking,1678217722,0.000000,,,,true,,POST,http://20.210.36.32:8080/prediction/knn,HTTP/1.1,contacts,,200,,,http://20.210.36.32:8080/prediction/knn,,
http_req_sending,1678217722,0.083800,,,,true,,POST,http://20.210.36.32:8080/prediction/knn,HTTP/1.1,contacts,,200,,,http://20.210.36.32:8080/prediction/knn,,
http_req_waiting,1678217722,1481.689460,,,,true,,POST,http://20.210.36.32:8080/prediction/knn,HTTP/1.1,contacts,,200,,,http://20.210.36.32:8080/prediction/knn,,
http_req_receiving,1678217722,0.067800,,,,true,,POST,http://20.210.36.32:8080/prediction/knn,HTTP/1.1,contacts,,200,,,http://20.210.36.32:8080/prediction/knn,,
http_req_failed,1678217722,0.000000,,,,true,,POST,http://20.210.36.32:8080/prediction/knn,HTTP/1.1,contacts,,200,,,http://20.210.36.32:8080/prediction/knn,,
responseTime,1678217722,1481.841060,,,,,,,,,contacts,,,,,,,
data_sent,1678217722,2088.000000,,,,,,,,,contacts,,,,,,,
data_received,1678217722,199.000000,,,,,,,,,contacts,,,,,,,
iteration_duration,1678217722,1484.823372,,,,,,,,,contacts,,,,,,,
iterations,1678217722,1.000000,,,,,,,,,contacts,,,,,,,
http_reqs,1678217722,1.000000,,,,true,,POST,http://20.210.36.32:8080/prediction/knn,HTTP/1.1,contacts,,200,,,http://20.210.36.32:8080/prediction/knn,,
http_req_duration,1678217722,1484.450271,,,,true,,POST,http://20.210.36.32:8080/prediction/knn,HTTP/1.1,contacts,,200,,,http://20.210.36.32:8080/prediction/knn,,
http_req_blocked,1678217722,4.106317,,,,true,,POST,http://20.210.36.32:8080/prediction/knn,HTTP/1.1,contacts,,200,,,http://20.210.36.32:8080/prediction/knn,,
http_req_connecting,1678217722,4.043117,,,,true,,POST,http://20.210.36.32:8080/prediction/knn,HTTP/1.1,contacts,,200,,,http://20.210.36.32:8080/prediction/knn,,
http_req_tls_handshaking,1678217722,0.000000,,,,true,,POST,http://20.210.36.32:8080/prediction/knn,HTTP/1.1,contacts,,200,,,http://20.210.36.32:8080/prediction/knn,,
http_req_sending,1678217722,0.056200,,,,true,,POST,http://20.210.36.32:8080/prediction/knn,HTTP/1.1,contacts,,200,,,http://20.210.36.32:8080/prediction/knn,,
http_req_waiting,1678217722,1484.278371,,,,true,,POST,http://20.210.36.32:8080/prediction/knn,HTTP/1.1,contacts,,200,,,http://20.210.36.32:8080/prediction/knn,,
http_req_receiving,1678217722,0.115700,,,,true,,POST,http://20.210.36.32:8080/prediction/knn,HTTP/1.1,contacts,,200,,,http://20.210.36.32:8080/prediction/knn,,
http_req_failed,1678217722,0.000000,,,,true,,POST,http://20.210.36.32:8080/prediction/knn,HTTP/1.1,contacts,,200,,,http://20.210.36.32:8080/prediction/knn,,
responseTime,1678217722,1484.450271,,,,,,,,,contacts,,,,,,,
data_sent,1678217722,2088.000000,,,,,,,,,contacts,,,,,,,
data_received,1678217722,199.000000,,,,,,,,,contacts,,,,,,,
iteration_duration,1678217722,1488.940790,,,,,,,,,contacts,,,,,,,
iterations,1678217722,1.000000,,,,,,,,,contacts,,,,,,,
http_reqs,1678217722,1.000000,,,,true,,POST,http://20.210.36.32:8080/prediction/knn,HTTP/1.1,contacts,,200,,,http://20.210.36.32:8080/prediction/knn,,
http_req_duration,1678217722,1516.028105,,,,true,,POST,http://20.210.36.32:8080/prediction/knn,HTTP/1.1,contacts,,200,,,http://20.210.36.32:8080/prediction/knn,,
http_req_blocked,1678217722,4.570619,,,,true,,POST,http://20.210.36.32:8080/prediction/knn,HTTP/1.1,contacts,,200,,,http://20.210.36.32:8080/prediction/knn,,
http_req_connecting,1678217722,4.518019,,,,true,,POST,http://20.210.36.32:8080/prediction/knn,HTTP/1.1,contacts,,200,,,http://20.210.36.32:8080/prediction/knn,,
http_req_tls_handshaking,1678217722,0.000000,,,,true,,POST,http://20.210.36.32:8080/prediction/knn,HTTP/1.1,contacts,,200,,,http://20.210.36.32:8080/prediction/knn,,
http_req_sending,1678217722,0.064000,,,,true,,POST,http://20.210.36.32:8080/prediction/knn,HTTP/1.1,contacts,,200,,,http://20.210.36.32:8080/prediction/knn,,
http_req_waiting,1678217722,1513.860496,,,,true,,POST,http://20.210.36.32:8080/prediction/knn,HTTP/1.1,contacts,,200,,,http://20.210.36.32:8080/prediction/knn,,
http_req_receiving,1678217722,2.103609,,,,true,,POST,http://20.210.36.32:8080/prediction/knn,HTTP/1.1,contacts,,200,,,http://20.210.36.32:8080/prediction/knn,,
http_req_failed,1678217722,0.000000,,,,true,,POST,http://20.210.36.32:8080/prediction/knn,HTTP/1.1,contacts,,200,,,http://20.210.36.32:8080/prediction/knn,,
responseTime,1678217722,1516.028105,,,,,,,,,contacts,,,,,,,
data_sent,1678217722,2088.000000,,,,,,,,,contacts,,,,,,,
data_received,1678217722,199.000000,,,,,,,,,contacts,,,,,,,
iteration_duration,1678217722,1520.961726,,,,,,,,,contacts,,,,,,,
iterations,1678217722,1.000000,,,,,,,,,contacts,,,,,,,
http_reqs,1678217722,1.000000,,,,true,,POST,http://20.210.36.32:8080/prediction/knn,HTTP/1.1,contacts,,200,,,http://20.210.36.32:8080/prediction/knn,,
http_req_duration,1678217722,1529.541062,,,,true,,POST,http://20.210.36.32:8080/prediction/knn,HTTP/1.1,contacts,,200,,,http://20.210.36.32:8080/prediction/knn,,
http_req_blocked,1678217722,3.853116,,,,true,,POST,http://20.210.36.32:8080/prediction/knn,HTTP/1.1,contacts,,200,,,http://20.210.36.32:8080/prediction/knn,,
http_req_connecting,1678217722,3.784716,,,,true,,POST,http://20.210.36.32:8080/prediction/knn,HTTP/1.1,contacts,,200,,,http://20.210.36.32:8080/prediction/knn,,
http_req_tls_handshaking,1678217722,0.000000,,,,true,,POST,http://20.210.36.32:8080/prediction/knn,HTTP/1.1,contacts,,200,,,http://20.210.36.32:8080/prediction/knn,,
http_req_sending,1678217722,0.044600,,,,true,,POST,http://20.210.36.32:8080/prediction/knn,HTTP/1.1,contacts,,200,,,http://20.210.36.32:8080/prediction/knn,,
http_req_waiting,1678217722,1522.263431,,,,true,,POST,http://20.210.36.32:8080/prediction/knn,HTTP/1.1,contacts,,200,,,http://20.210.36.32:8080/prediction/knn,,
http_req_receiving,1678217722,7.233031,,,,true,,POST,http://20.210.36.32:8080/prediction/knn,HTTP/1.1,contacts,,200,,,http://20.210.36.32:8080/prediction/knn,,
http_req_failed,1678217722,0.000000,,,,true,,POST,http://20.210.36.32:8080/prediction/knn,HTTP/1.1,contacts,,200,,,http://20.210.36.32:8080/prediction/knn,,
responseTime,1678217722,1529.541062,,,,,,,,,contacts,,,,,,,
data_sent,1678217722,2088.000000,,,,,,,,,contacts,,,,,,,
data_received,1678217722,199.000000,,,,,,,,,contacts,,,,,,,
iteration_duration,1678217722,1533.706679,,,,,,,,,contacts,,,,,,,
iterations,1678217722,1.000000,,,,,,,,,contacts,,,,,,,
http_reqs,1678217722,1.000000,,,,true,,POST,http://20.210.36.32:8080/prediction/knn,HTTP/1.1,contacts,,200,,,http://20.210.36.32:8080/prediction/knn,,
http_req_duration,1678217722,1507.851470,,,,true,,POST,http://20.210.36.32:8080/prediction/knn,HTTP/1.1,contacts,,200,,,http://20.210.36.32:8080/prediction/knn,,
http_req_blocked,1678217722,4.544719,,,,true,,POST,http://20.210.36.32:8080/prediction/knn,HTTP/1.1,contacts,,200,,,http://20.210.36.32:8080/prediction/knn,,
http_req_connecting,1678217722,4.470919,,,,true,,POST,http://20.210.36.32:8080/prediction/knn,HTTP/1.1,contacts,,200,,,http://20.210.36.32:8080/prediction/knn,,
http_req_tls_handshaking,1678217722,0.000000,,,,true,,POST,http://20.210.36.32:8080/prediction/knn,HTTP/1.1,contacts,,200,,,http://20.210.36.32:8080/prediction/knn,,
http_req_sending,1678217722,0.059100,,,,true,,POST,http://20.210.36.32:8080/prediction/knn,HTTP/1.1,contacts,,200,,,http://20.210.36.32:8080/prediction/knn,,
http_req_waiting,1678217722,1500.654640,,,,true,,POST,http://20.210.36.32:8080/prediction/knn,HTTP/1.1,contacts,,200,,,http://20.210.36.32:8080/prediction/knn,,
http_req_receiving,1678217722,7.137730,,,,true,,POST,http://20.210.36.32:8080/prediction/knn,HTTP/1.1,contacts,,200,,,http://20.210.36.32:8080/prediction/knn,,
http_req_failed,1678217722,0.000000,,,,true,,POST,http://20.210.36.32:8080/prediction/knn,HTTP/1.1,contacts,,200,,,http://20.210.36.32:8080/prediction/knn,,
responseTime,1678217722,1507.851470,,,,,,,,,contacts,,,,,,,
data_sent,1678217722,2088.000000,,,,,,,,,contacts,,,,,,,
data_received,1678217722,199.000000,,,,,,,,,contacts,,,,,,,
iteration_duration,1678217722,1513.056892,,,,,,,,,contacts,,,,,,,
iterations,1678217722,1.000000,,,,,,,,,contacts,,,,,,,
http_reqs,1678217722,1.000000,,,,true,,POST,http://20.210.36.32:8080/prediction/knn,HTTP/1.1,contacts,,200,,,http://20.210.36.32:8080/prediction/knn,,
http_req_duration,1678217722,1530.235065,,,,true,,POST,http://20.210.36.32:8080/prediction/knn,HTTP/1.1,contacts,,200,,,http://20.210.36.32:8080/prediction/knn,,
http_req_blocked,1678217722,3.858516,,,,true,,POST,http://20.210.36.32:8080/prediction/knn,HTTP/1.1,contacts,,200,,,http://20.210.36.32:8080/prediction/knn,,
http_req_connecting,1678217722,3.767416,,,,true,,POST,http://20.210.36.32:8080/prediction/knn,HTTP/1.1,contacts,,200,,,http://20.210.36.32:8080/prediction/knn,,
http_req_tls_handshaking,1678217722,0.000000,,,,true,,POST,http://20.210.36.32:8080/prediction/knn,HTTP/1.1,contacts,,200,,,http://20.210.36.32:8080/prediction/knn,,
http_req_sending,1678217722,0.092800,,,,true,,POST,http://20.210.36.32:8080/prediction/knn,HTTP/1.1,contacts,,200,,,http://20.210.36.32:8080/prediction/knn,,
http_req_waiting,1678217722,1527.745354,,,,true,,POST,http://20.210.36.32:8080/prediction/knn,HTTP/1.1,contacts,,200,,,http://20.210.36.32:8080/prediction/knn,,
http_req_receiving,1678217722,2.396911,,,,true,,POST,http://20.210.36.32:8080/prediction/knn,HTTP/1.1,contacts,,200,,,http://20.210.36.32:8080/prediction/knn,,
http_req_failed,1678217722,0.000000,,,,true,,POST,http://20.210.36.32:8080/prediction/knn,HTTP/1.1,contacts,,200,,,http://20.210.36.32:8080/prediction/knn,,
responseTime,1678217722,1530.235065,,,,,,,,,contacts,,,,,,,
data_sent,1678217722,2088.000000,,,,,,,,,contacts,,,,,,,
data_received,1678217722,199.000000,,,,,,,,,contacts,,,,,,,
iteration_duration,1678217722,1534.803784,,,,,,,,,contacts,,,,,,,
iterations,1678217722,1.000000,,,,,,,,,contacts,,,,,,,
http_reqs,1678217722,1.000000,,,,true,,POST,http://20.210.36.32:8080/prediction/knn,HTTP/1.1,contacts,,200,,,http://20.210.36.32:8080/prediction/knn,,
http_req_duration,1678217722,1511.955788,,,,true,,POST,http://20.210.36.32:8080/prediction/knn,HTTP/1.1,contacts,,200,,,http://20.210.36.32:8080/prediction/knn,,
http_req_blocked,1678217722,4.305918,,,,true,,POST,http://20.210.36.32:8080/prediction/knn,HTTP/1.1,contacts,,200,,,http://20.210.36.32:8080/prediction/knn,,
http_req_connecting,1678217722,4.244418,,,,true,,POST,http://20.210.36.32:8080/prediction/knn,HTTP/1.1,contacts,,200,,,http://20.210.36.32:8080/prediction/knn,,
http_req_tls_handshaking,1678217722,0.000000,,,,true,,POST,http://20.210.36.32:8080/prediction/knn,HTTP/1.1,contacts,,200,,,http://20.210.36.32:8080/prediction/knn,,
http_req_sending,1678217722,0.096701,,,,true,,POST,http://20.210.36.32:8080/prediction/knn,HTTP/1.1,contacts,,200,,,http://20.210.36.32:8080/prediction/knn,,
http_req_waiting,1678217722,1511.782587,,,,true,,POST,http://20.210.36.32:8080/prediction/knn,HTTP/1.1,contacts,,200,,,http://20.210.36.32:8080/prediction/knn,,
http_req_receiving,1678217722,0.076500,,,,true,,POST,http://20.210.36.32:8080/prediction/knn,HTTP/1.1,contacts,,200,,,http://20.210.36.32:8080/prediction/knn,,
http_req_failed,1678217722,0.000000,,,,true,,POST,http://20.210.36.32:8080/prediction/knn,HTTP/1.1,contacts,,200,,,http://20.210.36.32:8080/prediction/knn,,
http_reqs,1678217722,1.000000,,,,true,,POST,http://20.210.36.32:8080/prediction/knn,HTTP/1.1,contacts,,200,,,http://20.210.36.32:8080/prediction/knn,,
http_req_duration,1678217722,1497.436426,,,,true,,POST,http://20.210.36.32:8080/prediction/knn,HTTP/1.1,contacts,,200,,,http://20.210.36.32:8080/prediction/knn,,
http_req_blocked,1678217722,3.928816,,,,true,,POST,http://20.210.36.32:8080/prediction/knn,HTTP/1.1,contacts,,200,,,http://20.210.36.32:8080/prediction/knn,,
http_req_connecting,1678217722,3.838016,,,,true,,POST,http://20.210.36.32:8080/prediction/knn,HTTP/1.1,contacts,,200,,,http://20.210.36.32:8080/prediction/knn,,
http_req_tls_handshaking,1678217722,0.000000,,,,true,,POST,http://20.210.36.32:8080/prediction/knn,HTTP/1.1,contacts,,200,,,http://20.210.36.32:8080/prediction/knn,,
http_req_sending,1678217722,0.103900,,,,true,,POST,http://20.210.36.32:8080/prediction/knn,HTTP/1.1,contacts,,200,,,http://20.210.36.32:8080/prediction/knn,,
http_req_waiting,1678217722,1497.241926,,,,true,,POST,http://20.210.36.32:8080/prediction/knn,HTTP/1.1,contacts,,200,,,http://20.210.36.32:8080/prediction/knn,,
http_req_receiving,1678217722,0.090600,,,,true,,POST,http://20.210.36.32:8080/prediction/knn,HTTP/1.1,contacts,,200,,,http://20.210.36.32:8080/prediction/knn,,
http_req_failed,1678217722,0.000000,,,,true,,POST,http://20.210.36.32:8080/prediction/knn,HTTP/1.1,contacts,,200,,,http://20.210.36.32:8080/prediction/knn,,
responseTime,1678217722,1511.955788,,,,,,,,,contacts,,,,,,,
data_sent,1678217722,2088.000000,,,,,,,,,contacts,,,,,,,
data_received,1678217722,199.000000,,,,,,,,,contacts,,,,,,,
iteration_duration,1678217722,1516.789408,,,,,,,,,contacts,,,,,,,
iterations,1678217722,1.000000,,,,,,,,,contacts,,,,,,,
responseTime,1678217722,1497.436426,,,,,,,,,contacts,,,,,,,
data_sent,1678217722,2088.000000,,,,,,,,,contacts,,,,,,,
data_received,1678217722,199.000000,,,,,,,,,contacts,,,,,,,
iteration_duration,1678217722,1501.890945,,,,,,,,,contacts,,,,,,,
iterations,1678217722,1.000000,,,,,,,,,contacts,,,,,,,
http_reqs,1678217722,1.000000,,,,true,,POST,http://20.210.36.32:8080/prediction/knn,HTTP/1.1,contacts,,200,,,http://20.210.36.32:8080/prediction/knn,,
http_req_duration,1678217722,1506.685065,,,,true,,POST,http://20.210.36.32:8080/prediction/knn,HTTP/1.1,contacts,,200,,,http://20.210.36.32:8080/prediction/knn,,
http_req_blocked,1678217722,4.310418,,,,true,,POST,http://20.210.36.32:8080/prediction/knn,HTTP/1.1,contacts,,200,,,http://20.210.36.32:8080/prediction/knn,,
http_req_connecting,1678217722,4.230818,,,,true,,POST,http://20.210.36.32:8080/prediction/knn,HTTP/1.1,contacts,,200,,,http://20.210.36.32:8080/prediction/knn,,
http_req_tls_handshaking,1678217722,0.000000,,,,true,,POST,http://20.210.36.32:8080/prediction/knn,HTTP/1.1,contacts,,200,,,http://20.210.36.32:8080/prediction/knn,,
http_req_sending,1678217722,0.057000,,,,true,,POST,http://20.210.36.32:8080/prediction/knn,HTTP/1.1,contacts,,200,,,http://20.210.36.32:8080/prediction/knn,,
http_req_waiting,1678217722,1506.538164,,,,true,,POST,http://20.210.36.32:8080/prediction/knn,HTTP/1.1,contacts,,200,,,http://20.210.36.32:8080/prediction/knn,,
http_req_receiving,1678217722,0.089901,,,,true,,POST,http://20.210.36.32:8080/prediction/knn,HTTP/1.1,contacts,,200,,,http://20.210.36.32:8080/prediction/knn,,
http_req_failed,1678217722,0.000000,,,,true,,POST,http://20.210.36.32:8080/prediction/knn,HTTP/1.1,contacts,,200,,,http://20.210.36.32:8080/prediction/knn,,
responseTime,1678217722,1506.685065,,,,,,,,,contacts,,,,,,,
data_sent,1678217722,2088.000000,,,,,,,,,contacts,,,,,,,
data_received,1678217722,199.000000,,,,,,,,,contacts,,,,,,,
iteration_duration,1678217722,1511.499786,,,,,,,,,contacts,,,,,,,
iterations,1678217722,1.000000,,,,,,,,,contacts,,,,,,,
http_reqs,1678217722,1.000000,,,,true,,POST,http://20.210.36.32:8080/prediction/knn,HTTP/1.1,contacts,,200,,,http://20.210.36.32:8080/prediction/knn,,
http_req_duration,1678217722,1563.055103,,,,true,,POST,http://20.210.36.32:8080/prediction/knn,HTTP/1.1,contacts,,200,,,http://20.210.36.32:8080/prediction/knn,,
http_req_blocked,1678217722,3.760516,,,,true,,POST,http://20.210.36.32:8080/prediction/knn,HTTP/1.1,contacts,,200,,,http://20.210.36.32:8080/prediction/knn,,
http_req_connecting,1678217722,3.695616,,,,true,,POST,http://20.210.36.32:8080/prediction/knn,HTTP/1.1,contacts,,200,,,http://20.210.36.32:8080/prediction/knn,,
http_req_tls_handshaking,1678217722,0.000000,,,,true,,POST,http://20.210.36.32:8080/prediction/knn,HTTP/1.1,contacts,,200,,,http://20.210.36.32:8080/prediction/knn,,
http_req_sending,1678217722,0.069300,,,,true,,POST,http://20.210.36.32:8080/prediction/knn,HTTP/1.1,contacts,,200,,,http://20.210.36.32:8080/prediction/knn,,
http_req_waiting,1678217722,1542.987918,,,,true,,POST,http://20.210.36.32:8080/prediction/knn,HTTP/1.1,contacts,,200,,,http://20.210.36.32:8080/prediction/knn,,
http_req_receiving,1678217722,19.997885,,,,true,,POST,http://20.210.36.32:8080/prediction/knn,HTTP/1.1,contacts,,200,,,http://20.210.36.32:8080/prediction/knn,,
http_req_failed,1678217722,0.000000,,,,true,,POST,http://20.210.36.32:8080/prediction/knn,HTTP/1.1,contacts,,200,,,http://20.210.36.32:8080/prediction/knn,,
responseTime,1678217722,1563.055103,,,,,,,,,contacts,,,,,,,
data_sent,1678217722,2088.000000,,,,,,,,,contacts,,,,,,,
data_received,1678217722,199.000000,,,,,,,,,contacts,,,,,,,
iteration_duration,1678217722,1567.254821,,,,,,,,,contacts,,,,,,,
iterations,1678217722,1.000000,,,,,,,,,contacts,,,,,,,
http_reqs,1678217722,1.000000,,,,true,,POST,http://20.210.36.32:8080/prediction/knn,HTTP/1.1,contacts,,200,,,http://20.210.36.32:8080/prediction/knn,,
http_req_duration,1678217722,1516.769808,,,,true,,POST,http://20.210.36.32:8080/prediction/knn,HTTP/1.1,contacts,,200,,,http://20.210.36.32:8080/prediction/knn,,
http_req_blocked,1678217722,4.142818,,,,true,,POST,http://20.210.36.32:8080/prediction/knn,HTTP/1.1,contacts,,200,,,http://20.210.36.32:8080/prediction/knn,,
http_req_connecting,1678217722,4.042517,,,,true,,POST,http://20.210.36.32:8080/prediction/knn,HTTP/1.1,contacts,,200,,,http://20.210.36.32:8080/prediction/knn,,
http_req_tls_handshaking,1678217722,0.000000,,,,true,,POST,http://20.210.36.32:8080/prediction/knn,HTTP/1.1,contacts,,200,,,http://20.210.36.32:8080/prediction/knn,,
http_req_sending,1678217722,0.049401,,,,true,,POST,http://20.210.36.32:8080/prediction/knn,HTTP/1.1,contacts,,200,,,http://20.210.36.32:8080/prediction/knn,,
http_req_waiting,1678217722,1516.635507,,,,true,,POST,http://20.210.36.32:8080/prediction/knn,HTTP/1.1,contacts,,200,,,http://20.210.36.32:8080/prediction/knn,,
http_req_receiving,1678217722,0.084900,,,,true,,POST,http://20.210.36.32:8080/prediction/knn,HTTP/1.1,contacts,,200,,,http://20.210.36.32:8080/prediction/knn,,
http_req_failed,1678217722,0.000000,,,,true,,POST,http://20.210.36.32:8080/prediction/knn,HTTP/1.1,contacts,,200,,,http://20.210.36.32:8080/prediction/knn,,
responseTime,1678217722,1516.769808,,,,,,,,,contacts,,,,,,,
data_sent,1678217722,2088.000000,,,,,,,,,contacts,,,,,,,
data_received,1678217722,199.000000,,,,,,,,,contacts,,,,,,,
iteration_duration,1678217722,1521.319827,,,,,,,,,contacts,,,,,,,
iterations,1678217722,1.000000,,,,,,,,,contacts,,,,,,,
http_reqs,1678217722,1.000000,,,,true,,POST,http://20.210.36.32:8080/prediction/knn,HTTP/1.1,contacts,,200,,,http://20.210.36.32:8080/prediction/knn,,
http_req_duration,1678217722,1543.224019,,,,true,,POST,http://20.210.36.32:8080/prediction/knn,HTTP/1.1,contacts,,200,,,http://20.210.36.32:8080/prediction/knn,,
http_req_blocked,1678217722,3.791016,,,,true,,POST,http://20.210.36.32:8080/prediction/knn,HTTP/1.1,contacts,,200,,,http://20.210.36.32:8080/prediction/knn,,
http_req_connecting,1678217722,3.709816,,,,true,,POST,http://20.210.36.32:8080/prediction/knn,HTTP/1.1,contacts,,200,,,http://20.210.36.32:8080/prediction/knn,,
http_req_tls_handshaking,1678217722,0.000000,,,,true,,POST,http://20.210.36.32:8080/prediction/knn,HTTP/1.1,contacts,,200,,,http://20.210.36.32:8080/prediction/knn,,
http_req_sending,1678217722,0.057000,,,,true,,POST,http://20.210.36.32:8080/prediction/knn,HTTP/1.1,contacts,,200,,,http://20.210.36.32:8080/prediction/knn,,
http_req_waiting,1678217722,1543.076819,,,,true,,POST,http://20.210.36.32:8080/prediction/knn,HTTP/1.1,contacts,,200,,,http://20.210.36.32:8080/prediction/knn,,
http_req_receiving,1678217722,0.090200,,,,true,,POST,http://20.210.36.32:8080/prediction/knn,HTTP/1.1,contacts,,200,,,http://20.210.36.32:8080/prediction/knn,,
http_req_failed,1678217722,0.000000,,,,true,,POST,http://20.210.36.32:8080/prediction/knn,HTTP/1.1,contacts,,200,,,http://20.210.36.32:8080/prediction/knn,,
responseTime,1678217722,1543.224019,,,,,,,,,contacts,,,,,,,
data_sent,1678217722,2088.000000,,,,,,,,,contacts,,,,,,,
data_received,1678217722,199.000000,,,,,,,,,contacts,,,,,,,
iteration_duration,1678217722,1547.378237,,,,,,,,,contacts,,,,,,,
iterations,1678217722,1.000000,,,,,,,,,contacts,,,,,,,
http_reqs,1678217722,1.000000,,,,true,,POST,http://20.210.36.32:8080/prediction/knn,HTTP/1.1,contacts,,200,,,http://20.210.36.32:8080/prediction/knn,,
http_req_duration,1678217722,1517.222209,,,,true,,POST,http://20.210.36.32:8080/prediction/knn,HTTP/1.1,contacts,,200,,,http://20.210.36.32:8080/prediction/knn,,
http_req_blocked,1678217722,4.232218,,,,true,,POST,http://20.210.36.32:8080/prediction/knn,HTTP/1.1,contacts,,200,,,http://20.210.36.32:8080/prediction/knn,,
http_req_connecting,1678217722,4.156418,,,,true,,POST,http://20.210.36.32:8080/prediction/knn,HTTP/1.1,contacts,,200,,,http://20.210.36.32:8080/prediction/knn,,
http_req_tls_handshaking,1678217722,0.000000,,,,true,,POST,http://20.210.36.32:8080/prediction/knn,HTTP/1.1,contacts,,200,,,http://20.210.36.32:8080/prediction/knn,,
http_req_sending,1678217722,0.056300,,,,true,,POST,http://20.210.36.32:8080/prediction/knn,HTTP/1.1,contacts,,200,,,http://20.210.36.32:8080/prediction/knn,,
http_req_waiting,1678217722,1515.245101,,,,true,,POST,http://20.210.36.32:8080/prediction/knn,HTTP/1.1,contacts,,200,,,http://20.210.36.32:8080/prediction/knn,,
http_req_receiving,1678217722,1.920808,,,,true,,POST,http://20.210.36.32:8080/prediction/knn,HTTP/1.1,contacts,,200,,,http://20.210.36.32:8080/prediction/knn,,
http_req_failed,1678217722,0.000000,,,,true,,POST,http://20.210.36.32:8080/prediction/knn,HTTP/1.1,contacts,,200,,,http://20.210.36.32:8080/prediction/knn,,
responseTime,1678217722,1517.222209,,,,,,,,,contacts,,,,,,,
data_sent,1678217722,2088.000000,,,,,,,,,contacts,,,,,,,
data_received,1678217722,199.000000,,,,,,,,,contacts,,,,,,,
iteration_duration,1678217722,1521.865330,,,,,,,,,contacts,,,,,,,
iterations,1678217722,1.000000,,,,,,,,,contacts,,,,,,,
vus,1678217722,89.000000,,,,,,,,,,,,,,,,
vus_max,1678217722,100.000000,,,,,,,,,,,,,,,,
http_reqs,1678217722,1.000000,,,,true,,POST,http://20.210.36.32:8080/prediction/knn,HTTP/1.1,contacts,,200,,,http://20.210.36.32:8080/prediction/knn,,
http_req_duration,1678217722,1549.369546,,,,true,,POST,http://20.210.36.32:8080/prediction/knn,HTTP/1.1,contacts,,200,,,http://20.210.36.32:8080/prediction/knn,,
http_req_blocked,1678217722,4.019617,,,,true,,POST,http://20.210.36.32:8080/prediction/knn,HTTP/1.1,contacts,,200,,,http://20.210.36.32:8080/prediction/knn,,
http_req_connecting,1678217722,3.909416,,,,true,,POST,http://20.210.36.32:8080/prediction/knn,HTTP/1.1,contacts,,200,,,http://20.210.36.32:8080/prediction/knn,,
http_req_tls_handshaking,1678217722,0.000000,,,,true,,POST,http://20.210.36.32:8080/prediction/knn,HTTP/1.1,contacts,,200,,,http://20.210.36.32:8080/prediction/knn,,
http_req_sending,1678217722,0.125901,,,,true,,POST,http://20.210.36.32:8080/prediction/knn,HTTP/1.1,contacts,,200,,,http://20.210.36.32:8080/prediction/knn,,
http_req_waiting,1678217722,1544.980727,,,,true,,POST,http://20.210.36.32:8080/prediction/knn,HTTP/1.1,contacts,,200,,,http://20.210.36.32:8080/prediction/knn,,
http_req_receiving,1678217722,4.262918,,,,true,,POST,http://20.210.36.32:8080/prediction/knn,HTTP/1.1,contacts,,200,,,http://20.210.36.32:8080/prediction/knn,,
http_req_failed,1678217722,0.000000,,,,true,,POST,http://20.210.36.32:8080/prediction/knn,HTTP/1.1,contacts,,200,,,http://20.210.36.32:8080/prediction/knn,,
responseTime,1678217722,1549.369546,,,,,,,,,contacts,,,,,,,
data_sent,1678217722,2088.000000,,,,,,,,,contacts,,,,,,,
data_received,1678217722,199.000000,,,,,,,,,contacts,,,,,,,
iteration_duration,1678217722,1554.001466,,,,,,,,,contacts,,,,,,,
iterations,1678217722,1.000000,,,,,,,,,contacts,,,,,,,
http_reqs,1678217722,1.000000,,,,true,,POST,http://20.210.36.32:8080/prediction/knn,HTTP/1.1,contacts,,200,,,http://20.210.36.32:8080/prediction/knn,,
http_req_duration,1678217722,1571.621240,,,,true,,POST,http://20.210.36.32:8080/prediction/knn,HTTP/1.1,contacts,,200,,,http://20.210.36.32:8080/prediction/knn,,
http_req_blocked,1678217722,4.114917,,,,true,,POST,http://20.210.36.32:8080/prediction/knn,HTTP/1.1,contacts,,200,,,http://20.210.36.32:8080/prediction/knn,,
http_req_connecting,1678217722,4.049417,,,,true,,POST,http://20.210.36.32:8080/prediction/knn,HTTP/1.1,contacts,,200,,,http://20.210.36.32:8080/prediction/knn,,
http_req_tls_handshaking,1678217722,0.000000,,,,true,,POST,http://20.210.36.32:8080/prediction/knn,HTTP/1.1,contacts,,200,,,http://20.210.36.32:8080/prediction/knn,,
http_req_sending,1678217722,0.060901,,,,true,,POST,http://20.210.36.32:8080/prediction/knn,HTTP/1.1,contacts,,200,,,http://20.210.36.32:8080/prediction/knn,,
http_req_waiting,1678217722,1569.590830,,,,true,,POST,http://20.210.36.32:8080/prediction/knn,HTTP/1.1,contacts,,200,,,http://20.210.36.32:8080/prediction/knn,,
http_req_receiving,1678217722,1.969509,,,,true,,POST,http://20.210.36.32:8080/prediction/knn,HTTP/1.1,contacts,,200,,,http://20.210.36.32:8080/prediction/knn,,
http_req_failed,1678217722,0.000000,,,,true,,POST,http://20.210.36.32:8080/prediction/knn,HTTP/1.1,contacts,,200,,,http://20.210.36.32:8080/prediction/knn,,
responseTime,1678217722,1571.621240,,,,,,,,,contacts,,,,,,,
data_sent,1678217722,2088.000000,,,,,,,,,contacts,,,,,,,
data_received,1678217722,199.000000,,,,,,,,,contacts,,,,,,,
iteration_duration,1678217722,1576.160058,,,,,,,,,contacts,,,,,,,
iterations,1678217722,1.000000,,,,,,,,,contacts,,,,,,,
http_reqs,1678217722,1.000000,,,,true,,POST,http://20.210.36.32:8080/prediction/knn,HTTP/1.1,contacts,,200,,,http://20.210.36.32:8080/prediction/knn,,
http_req_duration,1678217722,1565.347313,,,,true,,POST,http://20.210.36.32:8080/prediction/knn,HTTP/1.1,contacts,,200,,,http://20.210.36.32:8080/prediction/knn,,
http_req_blocked,1678217722,3.814916,,,,true,,POST,http://20.210.36.32:8080/prediction/knn,HTTP/1.1,contacts,,200,,,http://20.210.36.32:8080/prediction/knn,,
http_req_connecting,1678217722,3.736816,,,,true,,POST,http://20.210.36.32:8080/prediction/knn,HTTP/1.1,contacts,,200,,,http://20.210.36.32:8080/prediction/knn,,
http_req_tls_handshaking,1678217722,0.000000,,,,true,,POST,http://20.210.36.32:8080/prediction/knn,HTTP/1.1,contacts,,200,,,http://20.210.36.32:8080/prediction/knn,,
http_req_sending,1678217722,0.060000,,,,true,,POST,http://20.210.36.32:8080/prediction/knn,HTTP/1.1,contacts,,200,,,http://20.210.36.32:8080/prediction/knn,,
http_req_waiting,1678217722,1565.213212,,,,true,,POST,http://20.210.36.32:8080/prediction/knn,HTTP/1.1,contacts,,200,,,http://20.210.36.32:8080/prediction/knn,,
http_req_receiving,1678217722,0.074101,,,,true,,POST,http://20.210.36.32:8080/prediction/knn,HTTP/1.1,contacts,,200,,,http://20.210.36.32:8080/prediction/knn,,
http_req_failed,1678217722,0.000000,,,,true,,POST,http://20.210.36.32:8080/prediction/knn,HTTP/1.1,contacts,,200,,,http://20.210.36.32:8080/prediction/knn,,
responseTime,1678217722,1565.347313,,,,,,,,,contacts,,,,,,,
data_sent,1678217722,2088.000000,,,,,,,,,contacts,,,,,,,
data_received,1678217722,199.000000,,,,,,,,,contacts,,,,,,,
iteration_duration,1678217722,1569.652531,,,,,,,,,contacts,,,,,,,
iterations,1678217722,1.000000,,,,,,,,,contacts,,,,,,,
http_reqs,1678217722,1.000000,,,,true,,POST,http://20.210.36.32:8080/prediction/knn,HTTP/1.1,contacts,,200,,,http://20.210.36.32:8080/prediction/knn,,
http_req_duration,1678217722,1604.577979,,,,true,,POST,http://20.210.36.32:8080/prediction/knn,HTTP/1.1,contacts,,200,,,http://20.210.36.32:8080/prediction/knn,,
http_req_blocked,1678217722,4.275618,,,,true,,POST,http://20.210.36.32:8080/prediction/knn,HTTP/1.1,contacts,,200,,,http://20.210.36.32:8080/prediction/knn,,
http_req_connecting,1678217722,4.217618,,,,true,,POST,http://20.210.36.32:8080/prediction/knn,HTTP/1.1,contacts,,200,,,http://20.210.36.32:8080/prediction/knn,,
http_req_tls_handshaking,1678217722,0.000000,,,,true,,POST,http://20.210.36.32:8080/prediction/knn,HTTP/1.1,contacts,,200,,,http://20.210.36.32:8080/prediction/knn,,
http_req_sending,1678217722,0.169101,,,,true,,POST,http://20.210.36.32:8080/prediction/knn,HTTP/1.1,contacts,,200,,,http://20.210.36.32:8080/prediction/knn,,
http_req_waiting,1678217722,1604.159277,,,,true,,POST,http://20.210.36.32:8080/prediction/knn,HTTP/1.1,contacts,,200,,,http://20.210.36.32:8080/prediction/knn,,
http_req_receiving,1678217722,0.249601,,,,true,,POST,http://20.210.36.32:8080/prediction/knn,HTTP/1.1,contacts,,200,,,http://20.210.36.32:8080/prediction/knn,,
http_req_failed,1678217722,0.000000,,,,true,,POST,http://20.210.36.32:8080/prediction/knn,HTTP/1.1,contacts,,200,,,http://20.210.36.32:8080/prediction/knn,,
http_reqs,1678217722,1.000000,,,,true,,POST,http://20.210.36.32:8080/prediction/knn,HTTP/1.1,contacts,,200,,,http://20.210.36.32:8080/prediction/knn,,
http_req_duration,1678217722,1606.612488,,,,true,,POST,http://20.210.36.32:8080/prediction/knn,HTTP/1.1,contacts,,200,,,http://20.210.36.32:8080/prediction/knn,,
http_req_blocked,1678217722,4.529019,,,,true,,POST,http://20.210.36.32:8080/prediction/knn,HTTP/1.1,contacts,,200,,,http://20.210.36.32:8080/prediction/knn,,
http_req_connecting,1678217722,4.466919,,,,true,,POST,http://20.210.36.32:8080/prediction/knn,HTTP/1.1,contacts,,200,,,http://20.210.36.32:8080/prediction/knn,,
http_req_tls_handshaking,1678217722,0.000000,,,,true,,POST,http://20.210.36.32:8080/prediction/knn,HTTP/1.1,contacts,,200,,,http://20.210.36.32:8080/prediction/knn,,
http_req_sending,1678217722,0.046300,,,,true,,POST,http://20.210.36.32:8080/prediction/knn,HTTP/1.1,contacts,,200,,,http://20.210.36.32:8080/prediction/knn,,
http_req_waiting,1678217722,1606.508487,,,,true,,POST,http://20.210.36.32:8080/prediction/knn,HTTP/1.1,contacts,,200,,,http://20.210.36.32:8080/prediction/knn,,
http_req_receiving,1678217722,0.057701,,,,true,,POST,http://20.210.36.32:8080/prediction/knn,HTTP/1.1,contacts,,200,,,http://20.210.36.32:8080/prediction/knn,,
http_req_failed,1678217722,0.000000,,,,true,,POST,http://20.210.36.32:8080/prediction/knn,HTTP/1.1,contacts,,200,,,http://20.210.36.32:8080/prediction/knn,,
responseTime,1678217722,1604.577979,,,,,,,,,contacts,,,,,,,
data_sent,1678217722,2088.000000,,,,,,,,,contacts,,,,,,,
data_received,1678217722,199.000000,,,,,,,,,contacts,,,,,,,
iteration_duration,1678217722,1609.383599,,,,,,,,,contacts,,,,,,,
iterations,1678217722,1.000000,,,,,,,,,contacts,,,,,,,
responseTime,1678217722,1606.612488,,,,,,,,,contacts,,,,,,,
data_sent,1678217722,2088.000000,,,,,,,,,contacts,,,,,,,
data_received,1678217722,199.000000,,,,,,,,,contacts,,,,,,,
iteration_duration,1678217722,1612.193111,,,,,,,,,contacts,,,,,,,
iterations,1678217722,1.000000,,,,,,,,,contacts,,,,,,,
http_reqs,1678217722,1.000000,,,,true,,POST,http://20.210.36.32:8080/prediction/knn,HTTP/1.1,contacts,,200,,,http://20.210.36.32:8080/prediction/knn,,
http_req_duration,1678217722,1665.404435,,,,true,,POST,http://20.210.36.32:8080/prediction/knn,HTTP/1.1,contacts,,200,,,http://20.210.36.32:8080/prediction/knn,,
http_req_blocked,1678217722,3.821916,,,,true,,POST,http://20.210.36.32:8080/prediction/knn,HTTP/1.1,contacts,,200,,,http://20.210.36.32:8080/prediction/knn,,
http_req_connecting,1678217722,3.760416,,,,true,,POST,http://20.210.36.32:8080/prediction/knn,HTTP/1.1,contacts,,200,,,http://20.210.36.32:8080/prediction/knn,,
http_req_tls_handshaking,1678217722,0.000000,,,,true,,POST,http://20.210.36.32:8080/prediction/knn,HTTP/1.1,contacts,,200,,,http://20.210.36.32:8080/prediction/knn,,
http_req_sending,1678217722,0.056300,,,,true,,POST,http://20.210.36.32:8080/prediction/knn,HTTP/1.1,contacts,,200,,,http://20.210.36.32:8080/prediction/knn,,
http_req_waiting,1678217722,1663.929029,,,,true,,POST,http://20.210.36.32:8080/prediction/knn,HTTP/1.1,contacts,,200,,,http://20.210.36.32:8080/prediction/knn,,
http_req_receiving,1678217722,1.419106,,,,true,,POST,http://20.210.36.32:8080/prediction/knn,HTTP/1.1,contacts,,200,,,http://20.210.36.32:8080/prediction/knn,,
http_req_failed,1678217722,0.000000,,,,true,,POST,http://20.210.36.32:8080/prediction/knn,HTTP/1.1,contacts,,200,,,http://20.210.36.32:8080/prediction/knn,,
responseTime,1678217722,1665.404435,,,,,,,,,contacts,,,,,,,
data_sent,1678217722,2088.000000,,,,,,,,,contacts,,,,,,,
data_received,1678217722,199.000000,,,,,,,,,contacts,,,,,,,
iteration_duration,1678217722,1669.727254,,,,,,,,,contacts,,,,,,,
iterations,1678217722,1.000000,,,,,,,,,contacts,,,,,,,
http_reqs,1678217722,1.000000,,,,true,,POST,http://20.210.36.32:8080/prediction/knn,HTTP/1.1,contacts,,200,,,http://20.210.36.32:8080/prediction/knn,,
http_req_duration,1678217722,1593.959834,,,,true,,POST,http://20.210.36.32:8080/prediction/knn,HTTP/1.1,contacts,,200,,,http://20.210.36.32:8080/prediction/knn,,
http_req_blocked,1678217722,3.935617,,,,true,,POST,http://20.210.36.32:8080/prediction/knn,HTTP/1.1,contacts,,200,,,http://20.210.36.32:8080/prediction/knn,,
http_req_connecting,1678217722,3.869716,,,,true,,POST,http://20.210.36.32:8080/prediction/knn,HTTP/1.1,contacts,,200,,,http://20.210.36.32:8080/prediction/knn,,
http_req_tls_handshaking,1678217722,0.000000,,,,true,,POST,http://20.210.36.32:8080/prediction/knn,HTTP/1.1,contacts,,200,,,http://20.210.36.32:8080/prediction/knn,,
http_req_sending,1678217722,0.052700,,,,true,,POST,http://20.210.36.32:8080/prediction/knn,HTTP/1.1,contacts,,200,,,http://20.210.36.32:8080/prediction/knn,,
http_req_waiting,1678217722,1593.819134,,,,true,,POST,http://20.210.36.32:8080/prediction/knn,HTTP/1.1,contacts,,200,,,http://20.210.36.32:8080/prediction/knn,,
http_req_receiving,1678217722,0.088000,,,,true,,POST,http://20.210.36.32:8080/prediction/knn,HTTP/1.1,contacts,,200,,,http://20.210.36.32:8080/prediction/knn,,
http_req_failed,1678217722,0.000000,,,,true,,POST,http://20.210.36.32:8080/prediction/knn,HTTP/1.1,contacts,,200,,,http://20.210.36.32:8080/prediction/knn,,
responseTime,1678217722,1593.959834,,,,,,,,,contacts,,,,,,,
data_sent,1678217722,2088.000000,,,,,,,,,contacts,,,,,,,
data_received,1678217722,199.000000,,,,,,,,,contacts,,,,,,,
iteration_duration,1678217722,1598.313353,,,,,,,,,contacts,,,,,,,
iterations,1678217722,1.000000,,,,,,,,,contacts,,,,,,,
http_reqs,1678217722,1.000000,,,,true,,POST,http://20.210.36.32:8080/prediction/knn,HTTP/1.1,contacts,,200,,,http://20.210.36.32:8080/prediction/knn,,
http_req_duration,1678217722,1633.308201,,,,true,,POST,http://20.210.36.32:8080/prediction/knn,HTTP/1.1,contacts,,200,,,http://20.210.36.32:8080/prediction/knn,,
http_req_blocked,1678217722,4.433019,,,,true,,POST,http://20.210.36.32:8080/prediction/knn,HTTP/1.1,contacts,,200,,,http://20.210.36.32:8080/prediction/knn,,
http_req_connecting,1678217722,4.374218,,,,true,,POST,http://20.210.36.32:8080/prediction/knn,HTTP/1.1,contacts,,200,,,http://20.210.36.32:8080/prediction/knn,,
http_req_tls_handshaking,1678217722,0.000000,,,,true,,POST,http://20.210.36.32:8080/prediction/knn,HTTP/1.1,contacts,,200,,,http://20.210.36.32:8080/prediction/knn,,
http_req_sending,1678217722,0.055501,,,,true,,POST,http://20.210.36.32:8080/prediction/knn,HTTP/1.1,contacts,,200,,,http://20.210.36.32:8080/prediction/knn,,
http_req_waiting,1678217722,1633.157799,,,,true,,POST,http://20.210.36.32:8080/prediction/knn,HTTP/1.1,contacts,,200,,,http://20.210.36.32:8080/prediction/knn,,
http_req_receiving,1678217722,0.094901,,,,true,,POST,http://20.210.36.32:8080/prediction/knn,HTTP/1.1,contacts,,200,,,http://20.210.36.32:8080/prediction/knn,,
http_req_failed,1678217722,0.000000,,,,true,,POST,http://20.210.36.32:8080/prediction/knn,HTTP/1.1,contacts,,200,,,http://20.210.36.32:8080/prediction/knn,,
responseTime,1678217722,1633.308201,,,,,,,,,contacts,,,,,,,
data_sent,1678217722,2088.000000,,,,,,,,,contacts,,,,,,,
data_received,1678217722,199.000000,,,,,,,,,contacts,,,,,,,
iteration_duration,1678217722,1638.185521,,,,,,,,,contacts,,,,,,,
iterations,1678217722,1.000000,,,,,,,,,contacts,,,,,,,
http_reqs,1678217722,1.000000,,,,true,,POST,http://20.210.36.32:8080/prediction/knn,HTTP/1.1,contacts,,200,,,http://20.210.36.32:8080/prediction/knn,,
http_req_duration,1678217722,1598.806654,,,,true,,POST,http://20.210.36.32:8080/prediction/knn,HTTP/1.1,contacts,,200,,,http://20.210.36.32:8080/prediction/knn,,
http_req_blocked,1678217722,3.900517,,,,true,,POST,http://20.210.36.32:8080/prediction/knn,HTTP/1.1,contacts,,200,,,http://20.210.36.32:8080/prediction/knn,,
http_req_connecting,1678217722,3.822217,,,,true,,POST,http://20.210.36.32:8080/prediction/knn,HTTP/1.1,contacts,,200,,,http://20.210.36.32:8080/prediction/knn,,
http_req_tls_handshaking,1678217722,0.000000,,,,true,,POST,http://20.210.36.32:8080/prediction/knn,HTTP/1.1,contacts,,200,,,http://20.210.36.32:8080/prediction/knn,,
http_req_sending,1678217722,0.069400,,,,true,,POST,http://20.210.36.32:8080/prediction/knn,HTTP/1.1,contacts,,200,,,http://20.210.36.32:8080/prediction/knn,,
http_req_waiting,1678217722,1594.821037,,,,true,,POST,http://20.210.36.32:8080/prediction/knn,HTTP/1.1,contacts,,200,,,http://20.210.36.32:8080/prediction/knn,,
http_req_receiving,1678217722,3.916217,,,,true,,POST,http://20.210.36.32:8080/prediction/knn,HTTP/1.1,contacts,,200,,,http://20.210.36.32:8080/prediction/knn,,
http_req_failed,1678217722,0.000000,,,,true,,POST,http://20.210.36.32:8080/prediction/knn,HTTP/1.1,contacts,,200,,,http://20.210.36.32:8080/prediction/knn,,
responseTime,1678217722,1598.806654,,,,,,,,,contacts,,,,,,,
data_sent,1678217722,2088.000000,,,,,,,,,contacts,,,,,,,
data_received,1678217722,199.000000,,,,,,,,,contacts,,,,,,,
iteration_duration,1678217722,1603.077173,,,,,,,,,contacts,,,,,,,
iterations,1678217722,1.000000,,,,,,,,,contacts,,,,,,,
http_reqs,1678217722,1.000000,,,,true,,POST,http://20.210.36.32:8080/prediction/knn,HTTP/1.1,contacts,,200,,,http://20.210.36.32:8080/prediction/knn,,
http_req_duration,1678217722,1651.570577,,,,true,,POST,http://20.210.36.32:8080/prediction/knn,HTTP/1.1,contacts,,200,,,http://20.210.36.32:8080/prediction/knn,,
http_req_blocked,1678217722,4.265318,,,,true,,POST,http://20.210.36.32:8080/prediction/knn,HTTP/1.1,contacts,,200,,,http://20.210.36.32:8080/prediction/knn,,
http_req_connecting,1678217722,4.148417,,,,true,,POST,http://20.210.36.32:8080/prediction/knn,HTTP/1.1,contacts,,200,,,http://20.210.36.32:8080/prediction/knn,,
http_req_tls_handshaking,1678217722,0.000000,,,,true,,POST,http://20.210.36.32:8080/prediction/knn,HTTP/1.1,contacts,,200,,,http://20.210.36.32:8080/prediction/knn,,
http_req_sending,1678217722,0.060500,,,,true,,POST,http://20.210.36.32:8080/prediction/knn,HTTP/1.1,contacts,,200,,,http://20.210.36.32:8080/prediction/knn,,
http_req_waiting,1678217722,1640.189930,,,,true,,POST,http://20.210.36.32:8080/prediction/knn,HTTP/1.1,contacts,,200,,,http://20.210.36.32:8080/prediction/knn,,
http_req_receiving,1678217722,11.320147,,,,true,,POST,http://20.210.36.32:8080/prediction/knn,HTTP/1.1,contacts,,200,,,http://20.210.36.32:8080/prediction/knn,,
http_req_failed,1678217722,0.000000,,,,true,,POST,http://20.210.36.32:8080/prediction/knn,HTTP/1.1,contacts,,200,,,http://20.210.36.32:8080/prediction/knn,,
responseTime,1678217722,1651.570577,,,,,,,,,contacts,,,,,,,
data_sent,1678217722,2088.000000,,,,,,,,,contacts,,,,,,,
data_received,1678217722,199.000000,,,,,,,,,contacts,,,,,,,
iteration_duration,1678217722,1656.266297,,,,,,,,,contacts,,,,,,,
iterations,1678217722,1.000000,,,,,,,,,contacts,,,,,,,
http_reqs,1678217722,1.000000,,,,true,,POST,http://20.210.36.32:8080/prediction/knn,HTTP/1.1,contacts,,200,,,http://20.210.36.32:8080/prediction/knn,,
http_req_duration,1678217722,1632.229695,,,,true,,POST,http://20.210.36.32:8080/prediction/knn,HTTP/1.1,contacts,,200,,,http://20.210.36.32:8080/prediction/knn,,
http_req_blocked,1678217722,4.599119,,,,true,,POST,http://20.210.36.32:8080/prediction/knn,HTTP/1.1,contacts,,200,,,http://20.210.36.32:8080/prediction/knn,,
http_req_connecting,1678217722,4.498019,,,,true,,POST,http://20.210.36.32:8080/prediction/knn,HTTP/1.1,contacts,,200,,,http://20.210.36.32:8080/prediction/knn,,
http_req_tls_handshaking,1678217722,0.000000,,,,true,,POST,http://20.210.36.32:8080/prediction/knn,HTTP/1.1,contacts,,200,,,http://20.210.36.32:8080/prediction/knn,,
http_req_sending,1678217722,0.167201,,,,true,,POST,http://20.210.36.32:8080/prediction/knn,HTTP/1.1,contacts,,200,,,http://20.210.36.32:8080/prediction/knn,,
http_req_waiting,1678217722,1632.006294,,,,true,,POST,http://20.210.36.32:8080/prediction/knn,HTTP/1.1,contacts,,200,,,http://20.210.36.32:8080/prediction/knn,,
http_req_receiving,1678217722,0.056200,,,,true,,POST,http://20.210.36.32:8080/prediction/knn,HTTP/1.1,contacts,,200,,,http://20.210.36.32:8080/prediction/knn,,
http_req_failed,1678217722,0.000000,,,,true,,POST,http://20.210.36.32:8080/prediction/knn,HTTP/1.1,contacts,,200,,,http://20.210.36.32:8080/prediction/knn,,
responseTime,1678217722,1632.229695,,,,,,,,,contacts,,,,,,,
data_sent,1678217722,2088.000000,,,,,,,,,contacts,,,,,,,
data_received,1678217722,199.000000,,,,,,,,,contacts,,,,,,,
iteration_duration,1678217722,1637.236017,,,,,,,,,contacts,,,,,,,
iterations,1678217722,1.000000,,,,,,,,,contacts,,,,,,,
http_reqs,1678217722,1.000000,,,,true,,POST,http://20.210.36.32:8080/prediction/knn,HTTP/1.1,contacts,,200,,,http://20.210.36.32:8080/prediction/knn,,
http_req_duration,1678217722,1617.480134,,,,true,,POST,http://20.210.36.32:8080/prediction/knn,HTTP/1.1,contacts,,200,,,http://20.210.36.32:8080/prediction/knn,,
http_req_blocked,1678217722,6.269026,,,,true,,POST,http://20.210.36.32:8080/prediction/knn,HTTP/1.1,contacts,,200,,,http://20.210.36.32:8080/prediction/knn,,
http_req_connecting,1678217722,6.216626,,,,true,,POST,http://20.210.36.32:8080/prediction/knn,HTTP/1.1,contacts,,200,,,http://20.210.36.32:8080/prediction/knn,,
http_req_tls_handshaking,1678217722,0.000000,,,,true,,POST,http://20.210.36.32:8080/prediction/knn,HTTP/1.1,contacts,,200,,,http://20.210.36.32:8080/prediction/knn,,
http_req_sending,1678217722,0.091201,,,,true,,POST,http://20.210.36.32:8080/prediction/knn,HTTP/1.1,contacts,,200,,,http://20.210.36.32:8080/prediction/knn,,
http_req_waiting,1678217722,1615.416124,,,,true,,POST,http://20.210.36.32:8080/prediction/knn,HTTP/1.1,contacts,,200,,,http://20.210.36.32:8080/prediction/knn,,
http_req_receiving,1678217722,1.972809,,,,true,,POST,http://20.210.36.32:8080/prediction/knn,HTTP/1.1,contacts,,200,,,http://20.210.36.32:8080/prediction/knn,,
http_req_failed,1678217722,0.000000,,,,true,,POST,http://20.210.36.32:8080/prediction/knn,HTTP/1.1,contacts,,200,,,http://20.210.36.32:8080/prediction/knn,,
responseTime,1678217722,1617.480134,,,,,,,,,contacts,,,,,,,
data_sent,1678217722,2088.000000,,,,,,,,,contacts,,,,,,,
data_received,1678217722,199.000000,,,,,,,,,contacts,,,,,,,
iteration_duration,1678217722,1624.136161,,,,,,,,,contacts,,,,,,,
iterations,1678217722,1.000000,,,,,,,,,contacts,,,,,,,
http_reqs,1678217722,1.000000,,,,true,,POST,http://20.210.36.32:8080/prediction/knn,HTTP/1.1,contacts,,200,,,http://20.210.36.32:8080/prediction/knn,,
http_req_duration,1678217722,1611.808809,,,,true,,POST,http://20.210.36.32:8080/prediction/knn,HTTP/1.1,contacts,,200,,,http://20.210.36.32:8080/prediction/knn,,
http_req_blocked,1678217722,4.246618,,,,true,,POST,http://20.210.36.32:8080/prediction/knn,HTTP/1.1,contacts,,200,,,http://20.210.36.32:8080/prediction/knn,,
http_req_connecting,1678217722,4.174618,,,,true,,POST,http://20.210.36.32:8080/prediction/knn,HTTP/1.1,contacts,,200,,,http://20.210.36.32:8080/prediction/knn,,
http_req_tls_handshaking,1678217722,0.000000,,,,true,,POST,http://20.210.36.32:8080/prediction/knn,HTTP/1.1,contacts,,200,,,http://20.210.36.32:8080/prediction/knn,,
http_req_sending,1678217722,0.054300,,,,true,,POST,http://20.210.36.32:8080/prediction/knn,HTTP/1.1,contacts,,200,,,http://20.210.36.32:8080/prediction/knn,,
http_req_waiting,1678217722,1607.435591,,,,true,,POST,http://20.210.36.32:8080/prediction/knn,HTTP/1.1,contacts,,200,,,http://20.210.36.32:8080/prediction/knn,,
http_req_receiving,1678217722,4.318918,,,,true,,POST,http://20.210.36.32:8080/prediction/knn,HTTP/1.1,contacts,,200,,,http://20.210.36.32:8080/prediction/knn,,
http_req_failed,1678217722,0.000000,,,,true,,POST,http://20.210.36.32:8080/prediction/knn,HTTP/1.1,contacts,,200,,,http://20.210.36.32:8080/prediction/knn,,
responseTime,1678217722,1611.808809,,,,,,,,,contacts,,,,,,,
data_sent,1678217722,2088.000000,,,,,,,,,contacts,,,,,,,
data_received,1678217722,199.000000,,,,,,,,,contacts,,,,,,,
iteration_duration,1678217722,1616.614929,,,,,,,,,contacts,,,,,,,
iterations,1678217722,1.000000,,,,,,,,,contacts,,,,,,,
http_reqs,1678217722,1.000000,,,,true,,POST,http://20.210.36.32:8080/prediction/knn,HTTP/1.1,contacts,,200,,,http://20.210.36.32:8080/prediction/knn,,
http_req_duration,1678217722,1646.357755,,,,true,,POST,http://20.210.36.32:8080/prediction/knn,HTTP/1.1,contacts,,200,,,http://20.210.36.32:8080/prediction/knn,,
http_req_blocked,1678217722,4.308618,,,,true,,POST,http://20.210.36.32:8080/prediction/knn,HTTP/1.1,contacts,,200,,,http://20.210.36.32:8080/prediction/knn,,
http_req_connecting,1678217722,4.235718,,,,true,,POST,http://20.210.36.32:8080/prediction/knn,HTTP/1.1,contacts,,200,,,http://20.210.36.32:8080/prediction/knn,,
http_req_tls_handshaking,1678217722,0.000000,,,,true,,POST,http://20.210.36.32:8080/prediction/knn,HTTP/1.1,contacts,,200,,,http://20.210.36.32:8080/prediction/knn,,
http_req_sending,1678217722,0.122900,,,,true,,POST,http://20.210.36.32:8080/prediction/knn,HTTP/1.1,contacts,,200,,,http://20.210.36.32:8080/prediction/knn,,
http_req_waiting,1678217722,1644.360747,,,,true,,POST,http://20.210.36.32:8080/prediction/knn,HTTP/1.1,contacts,,200,,,http://20.210.36.32:8080/prediction/knn,,
http_req_receiving,1678217722,1.874108,,,,true,,POST,http://20.210.36.32:8080/prediction/knn,HTTP/1.1,contacts,,200,,,http://20.210.36.32:8080/prediction/knn,,
http_req_failed,1678217722,0.000000,,,,true,,POST,http://20.210.36.32:8080/prediction/knn,HTTP/1.1,contacts,,200,,,http://20.210.36.32:8080/prediction/knn,,
responseTime,1678217722,1646.357755,,,,,,,,,contacts,,,,,,,
data_sent,1678217722,2088.000000,,,,,,,,,contacts,,,,,,,
data_received,1678217722,199.000000,,,,,,,,,contacts,,,,,,,
iteration_duration,1678217722,1651.048875,,,,,,,,,contacts,,,,,,,
iterations,1678217722,1.000000,,,,,,,,,contacts,,,,,,,
http_reqs,1678217722,1.000000,,,,true,,POST,http://20.210.36.32:8080/prediction/knn,HTTP/1.1,contacts,,200,,,http://20.210.36.32:8080/prediction/knn,,
http_req_duration,1678217722,1601.324465,,,,true,,POST,http://20.210.36.32:8080/prediction/knn,HTTP/1.1,contacts,,200,,,http://20.210.36.32:8080/prediction/knn,,
http_req_blocked,1678217722,1.789708,,,,true,,POST,http://20.210.36.32:8080/prediction/knn,HTTP/1.1,contacts,,200,,,http://20.210.36.32:8080/prediction/knn,,
http_req_connecting,1678217722,1.718508,,,,true,,POST,http://20.210.36.32:8080/prediction/knn,HTTP/1.1,contacts,,200,,,http://20.210.36.32:8080/prediction/knn,,
http_req_tls_handshaking,1678217722,0.000000,,,,true,,POST,http://20.210.36.32:8080/prediction/knn,HTTP/1.1,contacts,,200,,,http://20.210.36.32:8080/prediction/knn,,
http_req_sending,1678217722,0.067700,,,,true,,POST,http://20.210.36.32:8080/prediction/knn,HTTP/1.1,contacts,,200,,,http://20.210.36.32:8080/prediction/knn,,
http_req_waiting,1678217722,1594.219035,,,,true,,POST,http://20.210.36.32:8080/prediction/knn,HTTP/1.1,contacts,,200,,,http://20.210.36.32:8080/prediction/knn,,
http_req_receiving,1678217722,7.037730,,,,true,,POST,http://20.210.36.32:8080/prediction/knn,HTTP/1.1,contacts,,200,,,http://20.210.36.32:8080/prediction/knn,,
http_req_failed,1678217722,0.000000,,,,true,,POST,http://20.210.36.32:8080/prediction/knn,HTTP/1.1,contacts,,200,,,http://20.210.36.32:8080/prediction/knn,,
responseTime,1678217722,1601.324465,,,,,,,,,contacts,,,,,,,
data_sent,1678217722,2088.000000,,,,,,,,,contacts,,,,,,,
data_received,1678217722,199.000000,,,,,,,,,contacts,,,,,,,
iteration_duration,1678217722,1603.573174,,,,,,,,,contacts,,,,,,,
iterations,1678217722,1.000000,,,,,,,,,contacts,,,,,,,
http_reqs,1678217722,1.000000,,,,true,,POST,http://20.210.36.32:8080/prediction/knn,HTTP/1.1,contacts,,200,,,http://20.210.36.32:8080/prediction/knn,,
http_req_duration,1678217722,1701.377087,,,,true,,POST,http://20.210.36.32:8080/prediction/knn,HTTP/1.1,contacts,,200,,,http://20.210.36.32:8080/prediction/knn,,
http_req_blocked,1678217722,1.896408,,,,true,,POST,http://20.210.36.32:8080/prediction/knn,HTTP/1.1,contacts,,200,,,http://20.210.36.32:8080/prediction/knn,,
http_req_connecting,1678217722,1.839708,,,,true,,POST,http://20.210.36.32:8080/prediction/knn,HTTP/1.1,contacts,,200,,,http://20.210.36.32:8080/prediction/knn,,
http_req_tls_handshaking,1678217722,0.000000,,,,true,,POST,http://20.210.36.32:8080/prediction/knn,HTTP/1.1,contacts,,200,,,http://20.210.36.32:8080/prediction/knn,,
http_req_sending,1678217722,0.046100,,,,true,,POST,http://20.210.36.32:8080/prediction/knn,HTTP/1.1,contacts,,200,,,http://20.210.36.32:8080/prediction/knn,,
http_req_waiting,1678217722,1693.199253,,,,true,,POST,http://20.210.36.32:8080/prediction/knn,HTTP/1.1,contacts,,200,,,http://20.210.36.32:8080/prediction/knn,,
http_req_receiving,1678217722,8.131734,,,,true,,POST,http://20.210.36.32:8080/prediction/knn,HTTP/1.1,contacts,,200,,,http://20.210.36.32:8080/prediction/knn,,
http_req_failed,1678217722,0.000000,,,,true,,POST,http://20.210.36.32:8080/prediction/knn,HTTP/1.1,contacts,,200,,,http://20.210.36.32:8080/prediction/knn,,
responseTime,1678217722,1701.377087,,,,,,,,,contacts,,,,,,,
data_sent,1678217722,2088.000000,,,,,,,,,contacts,,,,,,,
data_received,1678217722,199.000000,,,,,,,,,contacts,,,,,,,
iteration_duration,1678217722,1703.839098,,,,,,,,,contacts,,,,,,,
iterations,1678217722,1.000000,,,,,,,,,contacts,,,,,,,
http_reqs,1678217722,1.000000,,,,true,,POST,http://20.210.36.32:8080/prediction/knn,HTTP/1.1,contacts,,200,,,http://20.210.36.32:8080/prediction/knn,,
http_req_duration,1678217722,1703.895398,,,,true,,POST,http://20.210.36.32:8080/prediction/knn,HTTP/1.1,contacts,,200,,,http://20.210.36.32:8080/prediction/knn,,
http_req_blocked,1678217722,2.057409,,,,true,,POST,http://20.210.36.32:8080/prediction/knn,HTTP/1.1,contacts,,200,,,http://20.210.36.32:8080/prediction/knn,,
http_req_connecting,1678217722,1.981208,,,,true,,POST,http://20.210.36.32:8080/prediction/knn,HTTP/1.1,contacts,,200,,,http://20.210.36.32:8080/prediction/knn,,
http_req_tls_handshaking,1678217722,0.000000,,,,true,,POST,http://20.210.36.32:8080/prediction/knn,HTTP/1.1,contacts,,200,,,http://20.210.36.32:8080/prediction/knn,,
http_req_sending,1678217722,0.057500,,,,true,,POST,http://20.210.36.32:8080/prediction/knn,HTTP/1.1,contacts,,200,,,http://20.210.36.32:8080/prediction/knn,,
http_req_waiting,1678217722,1700.677485,,,,true,,POST,http://20.210.36.32:8080/prediction/knn,HTTP/1.1,contacts,,200,,,http://20.210.36.32:8080/prediction/knn,,
http_req_receiving,1678217722,3.160413,,,,true,,POST,http://20.210.36.32:8080/prediction/knn,HTTP/1.1,contacts,,200,,,http://20.210.36.32:8080/prediction/knn,,
http_req_failed,1678217722,0.000000,,,,true,,POST,http://20.210.36.32:8080/prediction/knn,HTTP/1.1,contacts,,200,,,http://20.210.36.32:8080/prediction/knn,,
responseTime,1678217722,1703.895398,,,,,,,,,contacts,,,,,,,
data_sent,1678217722,2088.000000,,,,,,,,,contacts,,,,,,,
data_received,1678217722,199.000000,,,,,,,,,contacts,,,,,,,
iteration_duration,1678217722,1706.338509,,,,,,,,,contacts,,,,,,,
iterations,1678217722,1.000000,,,,,,,,,contacts,,,,,,,
http_reqs,1678217722,1.000000,,,,true,,POST,http://20.210.36.32:8080/prediction/knn,HTTP/1.1,contacts,,200,,,http://20.210.36.32:8080/prediction/knn,,
http_req_duration,1678217722,1690.568042,,,,true,,POST,http://20.210.36.32:8080/prediction/knn,HTTP/1.1,contacts,,200,,,http://20.210.36.32:8080/prediction/knn,,
http_req_blocked,1678217722,2.177809,,,,true,,POST,http://20.210.36.32:8080/prediction/knn,HTTP/1.1,contacts,,200,,,http://20.210.36.32:8080/prediction/knn,,
http_req_connecting,1678217722,2.120409,,,,true,,POST,http://20.210.36.32:8080/prediction/knn,HTTP/1.1,contacts,,200,,,http://20.210.36.32:8080/prediction/knn,,
http_req_tls_handshaking,1678217722,0.000000,,,,true,,POST,http://20.210.36.32:8080/prediction/knn,HTTP/1.1,contacts,,200,,,http://20.210.36.32:8080/prediction/knn,,
http_req_sending,1678217722,0.065400,,,,true,,POST,http://20.210.36.32:8080/prediction/knn,HTTP/1.1,contacts,,200,,,http://20.210.36.32:8080/prediction/knn,,
http_req_waiting,1678217722,1680.765201,,,,true,,POST,http://20.210.36.32:8080/prediction/knn,HTTP/1.1,contacts,,200,,,http://20.210.36.32:8080/prediction/knn,,
http_req_receiving,1678217722,9.737441,,,,true,,POST,http://20.210.36.32:8080/prediction/knn,HTTP/1.1,contacts,,200,,,http://20.210.36.32:8080/prediction/knn,,
http_req_failed,1678217722,0.000000,,,,true,,POST,http://20.210.36.32:8080/prediction/knn,HTTP/1.1,contacts,,200,,,http://20.210.36.32:8080/prediction/knn,,
responseTime,1678217722,1690.568042,,,,,,,,,contacts,,,,,,,
data_sent,1678217722,2088.000000,,,,,,,,,contacts,,,,,,,
data_received,1678217722,199.000000,,,,,,,,,contacts,,,,,,,
iteration_duration,1678217722,1693.139353,,,,,,,,,contacts,,,,,,,
iterations,1678217722,1.000000,,,,,,,,,contacts,,,,,,,
http_reqs,1678217723,1.000000,,,,true,,POST,http://20.210.36.32:8080/prediction/knn,HTTP/1.1,contacts,,200,,,http://20.210.36.32:8080/prediction/knn,,
http_req_duration,1678217723,1756.807822,,,,true,,POST,http://20.210.36.32:8080/prediction/knn,HTTP/1.1,contacts,,200,,,http://20.210.36.32:8080/prediction/knn,,
http_req_blocked,1678217723,2.100209,,,,true,,POST,http://20.210.36.32:8080/prediction/knn,HTTP/1.1,contacts,,200,,,http://20.210.36.32:8080/prediction/knn,,
http_req_connecting,1678217723,2.033209,,,,true,,POST,http://20.210.36.32:8080/prediction/knn,HTTP/1.1,contacts,,200,,,http://20.210.36.32:8080/prediction/knn,,
http_req_tls_handshaking,1678217723,0.000000,,,,true,,POST,http://20.210.36.32:8080/prediction/knn,HTTP/1.1,contacts,,200,,,http://20.210.36.32:8080/prediction/knn,,
http_req_sending,1678217723,0.052400,,,,true,,POST,http://20.210.36.32:8080/prediction/knn,HTTP/1.1,contacts,,200,,,http://20.210.36.32:8080/prediction/knn,,
http_req_waiting,1678217723,1756.645721,,,,true,,POST,http://20.210.36.32:8080/prediction/knn,HTTP/1.1,contacts,,200,,,http://20.210.36.32:8080/prediction/knn,,
http_req_receiving,1678217723,0.109701,,,,true,,POST,http://20.210.36.32:8080/prediction/knn,HTTP/1.1,contacts,,200,,,http://20.210.36.32:8080/prediction/knn,,
http_req_failed,1678217723,0.000000,,,,true,,POST,http://20.210.36.32:8080/prediction/knn,HTTP/1.1,contacts,,200,,,http://20.210.36.32:8080/prediction/knn,,
responseTime,1678217723,1756.807822,,,,,,,,,contacts,,,,,,,
data_sent,1678217723,2088.000000,,,,,,,,,contacts,,,,,,,
data_received,1678217723,199.000000,,,,,,,,,contacts,,,,,,,
iteration_duration,1678217723,1759.370633,,,,,,,,,contacts,,,,,,,
iterations,1678217723,1.000000,,,,,,,,,contacts,,,,,,,
http_reqs,1678217723,1.000000,,,,true,,POST,http://20.210.36.32:8080/prediction/knn,HTTP/1.1,contacts,,200,,,http://20.210.36.32:8080/prediction/knn,,
http_req_duration,1678217723,1855.471050,,,,true,,POST,http://20.210.36.32:8080/prediction/knn,HTTP/1.1,contacts,,200,,,http://20.210.36.32:8080/prediction/knn,,
http_req_blocked,1678217723,1.881508,,,,true,,POST,http://20.210.36.32:8080/prediction/knn,HTTP/1.1,contacts,,200,,,http://20.210.36.32:8080/prediction/knn,,
http_req_connecting,1678217723,1.789408,,,,true,,POST,http://20.210.36.32:8080/prediction/knn,HTTP/1.1,contacts,,200,,,http://20.210.36.32:8080/prediction/knn,,
http_req_tls_handshaking,1678217723,0.000000,,,,true,,POST,http://20.210.36.32:8080/prediction/knn,HTTP/1.1,contacts,,200,,,http://20.210.36.32:8080/prediction/knn,,
http_req_sending,1678217723,0.150200,,,,true,,POST,http://20.210.36.32:8080/prediction/knn,HTTP/1.1,contacts,,200,,,http://20.210.36.32:8080/prediction/knn,,
http_req_waiting,1678217723,1852.439834,,,,true,,POST,http://20.210.36.32:8080/prediction/knn,HTTP/1.1,contacts,,200,,,http://20.210.36.32:8080/prediction/knn,,
http_req_receiving,1678217723,2.881016,,,,true,,POST,http://20.210.36.32:8080/prediction/knn,HTTP/1.1,contacts,,200,,,http://20.210.36.32:8080/prediction/knn,,
http_req_failed,1678217723,0.000000,,,,true,,POST,http://20.210.36.32:8080/prediction/knn,HTTP/1.1,contacts,,200,,,http://20.210.36.32:8080/prediction/knn,,
responseTime,1678217723,1855.471050,,,,,,,,,contacts,,,,,,,
data_sent,1678217723,2088.000000,,,,,,,,,contacts,,,,,,,
data_received,1678217723,199.000000,,,,,,,,,contacts,,,,,,,
iteration_duration,1678217723,1857.949061,,,,,,,,,contacts,,,,,,,
iterations,1678217723,1.000000,,,,,,,,,contacts,,,,,,,
http_reqs,1678217723,1.000000,,,,true,,POST,http://20.210.36.32:8080/prediction/knn,HTTP/1.1,contacts,,200,,,http://20.210.36.32:8080/prediction/knn,,
http_req_duration,1678217723,1665.352965,,,,true,,POST,http://20.210.36.32:8080/prediction/knn,HTTP/1.1,contacts,,200,,,http://20.210.36.32:8080/prediction/knn,,
http_req_blocked,1678217723,2.451610,,,,true,,POST,http://20.210.36.32:8080/prediction/knn,HTTP/1.1,contacts,,200,,,http://20.210.36.32:8080/prediction/knn,,
http_req_connecting,1678217723,2.291710,,,,true,,POST,http://20.210.36.32:8080/prediction/knn,HTTP/1.1,contacts,,200,,,http://20.210.36.32:8080/prediction/knn,,
http_req_tls_handshaking,1678217723,0.000000,,,,true,,POST,http://20.210.36.32:8080/prediction/knn,HTTP/1.1,contacts,,200,,,http://20.210.36.32:8080/prediction/knn,,
http_req_sending,1678217723,0.146300,,,,true,,POST,http://20.210.36.32:8080/prediction/knn,HTTP/1.1,contacts,,200,,,http://20.210.36.32:8080/prediction/knn,,
http_req_waiting,1678217723,1664.895563,,,,true,,POST,http://20.210.36.32:8080/prediction/knn,HTTP/1.1,contacts,,200,,,http://20.210.36.32:8080/prediction/knn,,
http_req_receiving,1678217723,0.311102,,,,true,,POST,http://20.210.36.32:8080/prediction/knn,HTTP/1.1,contacts,,200,,,http://20.210.36.32:8080/prediction/knn,,
http_req_failed,1678217723,0.000000,,,,true,,POST,http://20.210.36.32:8080/prediction/knn,HTTP/1.1,contacts,,200,,,http://20.210.36.32:8080/prediction/knn,,
responseTime,1678217723,1665.352965,,,,,,,,,contacts,,,,,,,
data_sent,1678217723,2088.000000,,,,,,,,,contacts,,,,,,,
data_received,1678217723,199.000000,,,,,,,,,contacts,,,,,,,
iteration_duration,1678217723,1668.225778,,,,,,,,,contacts,,,,,,,
iterations,1678217723,1.000000,,,,,,,,,contacts,,,,,,,
http_reqs,1678217723,1.000000,,,,true,,POST,http://20.210.36.32:8080/prediction/knn,HTTP/1.1,contacts,,200,,,http://20.210.36.32:8080/prediction/knn,,
http_req_duration,1678217723,1603.890012,,,,true,,POST,http://20.210.36.32:8080/prediction/knn,HTTP/1.1,contacts,,200,,,http://20.210.36.32:8080/prediction/knn,,
http_req_blocked,1678217723,1.992908,,,,true,,POST,http://20.210.36.32:8080/prediction/knn,HTTP/1.1,contacts,,200,,,http://20.210.36.32:8080/prediction/knn,,
http_req_connecting,1678217723,1.924208,,,,true,,POST,http://20.210.36.32:8080/prediction/knn,HTTP/1.1,contacts,,200,,,http://20.210.36.32:8080/prediction/knn,,
http_req_tls_handshaking,1678217723,0.000000,,,,true,,POST,http://20.210.36.32:8080/prediction/knn,HTTP/1.1,contacts,,200,,,http://20.210.36.32:8080/prediction/knn,,
http_req_sending,1678217723,0.072400,,,,true,,POST,http://20.210.36.32:8080/prediction/knn,HTTP/1.1,contacts,,200,,,http://20.210.36.32:8080/prediction/knn,,
http_req_waiting,1678217723,1603.738112,,,,true,,POST,http://20.210.36.32:8080/prediction/knn,HTTP/1.1,contacts,,200,,,http://20.210.36.32:8080/prediction/knn,,
http_req_receiving,1678217723,0.079500,,,,true,,POST,http://20.210.36.32:8080/prediction/knn,HTTP/1.1,contacts,,200,,,http://20.210.36.32:8080/prediction/knn,,
http_req_failed,1678217723,0.000000,,,,true,,POST,http://20.210.36.32:8080/prediction/knn,HTTP/1.1,contacts,,200,,,http://20.210.36.32:8080/prediction/knn,,
responseTime,1678217723,1603.890012,,,,,,,,,contacts,,,,,,,
data_sent,1678217723,2088.000000,,,,,,,,,contacts,,,,,,,
data_received,1678217723,199.000000,,,,,,,,,contacts,,,,,,,
iteration_duration,1678217723,1606.317623,,,,,,,,,contacts,,,,,,,
iterations,1678217723,1.000000,,,,,,,,,contacts,,,,,,,
http_reqs,1678217723,1.000000,,,,true,,POST,http://20.210.36.32:8080/prediction/knn,HTTP/1.1,contacts,,200,,,http://20.210.36.32:8080/prediction/knn,,
http_req_duration,1678217723,1813.761700,,,,true,,POST,http://20.210.36.32:8080/prediction/knn,HTTP/1.1,contacts,,200,,,http://20.210.36.32:8080/prediction/knn,,
http_req_blocked,1678217723,3.961916,,,,true,,POST,http://20.210.36.32:8080/prediction/knn,HTTP/1.1,contacts,,200,,,http://20.210.36.32:8080/prediction/knn,,
http_req_connecting,1678217723,3.910916,,,,true,,POST,http://20.210.36.32:8080/prediction/knn,HTTP/1.1,contacts,,200,,,http://20.210.36.32:8080/prediction/knn,,
http_req_tls_handshaking,1678217723,0.000000,,,,true,,POST,http://20.210.36.32:8080/prediction/knn,HTTP/1.1,contacts,,200,,,http://20.210.36.32:8080/prediction/knn,,
http_req_sending,1678217723,0.068601,,,,true,,POST,http://20.210.36.32:8080/prediction/knn,HTTP/1.1,contacts,,200,,,http://20.210.36.32:8080/prediction/knn,,
http_req_waiting,1678217723,1813.636299,,,,true,,POST,http://20.210.36.32:8080/prediction/knn,HTTP/1.1,contacts,,200,,,http://20.210.36.32:8080/prediction/knn,,
http_req_receiving,1678217723,0.056800,,,,true,,POST,http://20.210.36.32:8080/prediction/knn,HTTP/1.1,contacts,,200,,,http://20.210.36.32:8080/prediction/knn,,
http_req_failed,1678217723,0.000000,,,,true,,POST,http://20.210.36.32:8080/prediction/knn,HTTP/1.1,contacts,,200,,,http://20.210.36.32:8080/prediction/knn,,
responseTime,1678217723,1813.761700,,,,,,,,,contacts,,,,,,,
data_sent,1678217723,2088.000000,,,,,,,,,contacts,,,,,,,
data_received,1678217723,199.000000,,,,,,,,,contacts,,,,,,,
iteration_duration,1678217723,1818.070918,,,,,,,,,contacts,,,,,,,
iterations,1678217723,1.000000,,,,,,,,,contacts,,,,,,,
http_reqs,1678217723,1.000000,,,,true,,POST,http://20.210.36.32:8080/prediction/knn,HTTP/1.1,contacts,,200,,,http://20.210.36.32:8080/prediction/knn,,
http_req_duration,1678217723,1729.482745,,,,true,,POST,http://20.210.36.32:8080/prediction/knn,HTTP/1.1,contacts,,200,,,http://20.210.36.32:8080/prediction/knn,,
http_req_blocked,1678217723,2.231209,,,,true,,POST,http://20.210.36.32:8080/prediction/knn,HTTP/1.1,contacts,,200,,,http://20.210.36.32:8080/prediction/knn,,
http_req_connecting,1678217723,2.125609,,,,true,,POST,http://20.210.36.32:8080/prediction/knn,HTTP/1.1,contacts,,200,,,http://20.210.36.32:8080/prediction/knn,,
http_req_tls_handshaking,1678217723,0.000000,,,,true,,POST,http://20.210.36.32:8080/prediction/knn,HTTP/1.1,contacts,,200,,,http://20.210.36.32:8080/prediction/knn,,
http_req_sending,1678217723,0.054400,,,,true,,POST,http://20.210.36.32:8080/prediction/knn,HTTP/1.1,contacts,,200,,,http://20.210.36.32:8080/prediction/knn,,
http_req_waiting,1678217723,1722.210405,,,,true,,POST,http://20.210.36.32:8080/prediction/knn,HTTP/1.1,contacts,,200,,,http://20.210.36.32:8080/prediction/knn,,
http_req_receiving,1678217723,7.217940,,,,true,,POST,http://20.210.36.32:8080/prediction/knn,HTTP/1.1,contacts,,200,,,http://20.210.36.32:8080/prediction/knn,,
http_req_failed,1678217723,0.000000,,,,true,,POST,http://20.210.36.32:8080/prediction/knn,HTTP/1.1,contacts,,200,,,http://20.210.36.32:8080/prediction/knn,,
responseTime,1678217723,1729.482745,,,,,,,,,contacts,,,,,,,
data_sent,1678217723,2088.000000,,,,,,,,,contacts,,,,,,,
data_received,1678217723,199.000000,,,,,,,,,contacts,,,,,,,
iteration_duration,1678217723,1732.193257,,,,,,,,,contacts,,,,,,,
iterations,1678217723,1.000000,,,,,,,,,contacts,,,,,,,
http_reqs,1678217723,1.000000,,,,true,,POST,http://20.210.36.32:8080/prediction/knn,HTTP/1.1,contacts,,200,,,http://20.210.36.32:8080/prediction/knn,,
http_req_duration,1678217723,1683.347459,,,,true,,POST,http://20.210.36.32:8080/prediction/knn,HTTP/1.1,contacts,,200,,,http://20.210.36.32:8080/prediction/knn,,
http_req_blocked,1678217723,2.290410,,,,true,,POST,http://20.210.36.32:8080/prediction/knn,HTTP/1.1,contacts,,200,,,http://20.210.36.32:8080/prediction/knn,,
http_req_connecting,1678217723,2.221609,,,,true,,POST,http://20.210.36.32:8080/prediction/knn,HTTP/1.1,contacts,,200,,,http://20.210.36.32:8080/prediction/knn,,
http_req_tls_handshaking,1678217723,0.000000,,,,true,,POST,http://20.210.36.32:8080/prediction/knn,HTTP/1.1,contacts,,200,,,http://20.210.36.32:8080/prediction/knn,,
http_req_sending,1678217723,0.047901,,,,true,,POST,http://20.210.36.32:8080/prediction/knn,HTTP/1.1,contacts,,200,,,http://20.210.36.32:8080/prediction/knn,,
http_req_waiting,1678217723,1681.732550,,,,true,,POST,http://20.210.36.32:8080/prediction/knn,HTTP/1.1,contacts,,200,,,http://20.210.36.32:8080/prediction/knn,,
http_req_receiving,1678217723,1.567008,,,,true,,POST,http://20.210.36.32:8080/prediction/knn,HTTP/1.1,contacts,,200,,,http://20.210.36.32:8080/prediction/knn,,
http_req_failed,1678217723,0.000000,,,,true,,POST,http://20.210.36.32:8080/prediction/knn,HTTP/1.1,contacts,,200,,,http://20.210.36.32:8080/prediction/knn,,
responseTime,1678217723,1683.347459,,,,,,,,,contacts,,,,,,,
data_sent,1678217723,2088.000000,,,,,,,,,contacts,,,,,,,
data_received,1678217723,199.000000,,,,,,,,,contacts,,,,,,,
iteration_duration,1678217723,1686.146271,,,,,,,,,contacts,,,,,,,
iterations,1678217723,1.000000,,,,,,,,,contacts,,,,,,,
http_reqs,1678217723,1.000000,,,,true,,POST,http://20.210.36.32:8080/prediction/knn,HTTP/1.1,contacts,,200,,,http://20.210.36.32:8080/prediction/knn,,
http_req_duration,1678217723,1721.332735,,,,true,,POST,http://20.210.36.32:8080/prediction/knn,HTTP/1.1,contacts,,200,,,http://20.210.36.32:8080/prediction/knn,,
http_req_blocked,1678217723,2.647411,,,,true,,POST,http://20.210.36.32:8080/prediction/knn,HTTP/1.1,contacts,,200,,,http://20.210.36.32:8080/prediction/knn,,
http_req_connecting,1678217723,2.526411,,,,true,,POST,http://20.210.36.32:8080/prediction/knn,HTTP/1.1,contacts,,200,,,http://20.210.36.32:8080/prediction/knn,,
http_req_tls_handshaking,1678217723,0.000000,,,,true,,POST,http://20.210.36.32:8080/prediction/knn,HTTP/1.1,contacts,,200,,,http://20.210.36.32:8080/prediction/knn,,
http_req_sending,1678217723,0.071200,,,,true,,POST,http://20.210.36.32:8080/prediction/knn,HTTP/1.1,contacts,,200,,,http://20.210.36.32:8080/prediction/knn,,
http_req_waiting,1678217723,1721.194234,,,,true,,POST,http://20.210.36.32:8080/prediction/knn,HTTP/1.1,contacts,,200,,,http://20.210.36.32:8080/prediction/knn,,
http_req_receiving,1678217723,0.067301,,,,true,,POST,http://20.210.36.32:8080/prediction/knn,HTTP/1.1,contacts,,200,,,http://20.210.36.32:8080/prediction/knn,,
http_req_failed,1678217723,0.000000,,,,true,,POST,http://20.210.36.32:8080/prediction/knn,HTTP/1.1,contacts,,200,,,http://20.210.36.32:8080/prediction/knn,,
responseTime,1678217723,1721.332735,,,,,,,,,contacts,,,,,,,
data_sent,1678217723,2088.000000,,,,,,,,,contacts,,,,,,,
data_received,1678217723,199.000000,,,,,,,,,contacts,,,,,,,
iteration_duration,1678217723,1724.418548,,,,,,,,,contacts,,,,,,,
iterations,1678217723,1.000000,,,,,,,,,contacts,,,,,,,
http_reqs,1678217723,1.000000,,,,true,,POST,http://20.210.36.32:8080/prediction/knn,HTTP/1.1,contacts,,200,,,http://20.210.36.32:8080/prediction/knn,,
http_req_duration,1678217723,1704.145763,,,,true,,POST,http://20.210.36.32:8080/prediction/knn,HTTP/1.1,contacts,,200,,,http://20.210.36.32:8080/prediction/knn,,
http_req_blocked,1678217723,2.188809,,,,true,,POST,http://20.210.36.32:8080/prediction/knn,HTTP/1.1,contacts,,200,,,http://20.210.36.32:8080/prediction/knn,,
http_req_connecting,1678217723,2.114409,,,,true,,POST,http://20.210.36.32:8080/prediction/knn,HTTP/1.1,contacts,,200,,,http://20.210.36.32:8080/prediction/knn,,
http_req_tls_handshaking,1678217723,0.000000,,,,true,,POST,http://20.210.36.32:8080/prediction/knn,HTTP/1.1,contacts,,200,,,http://20.210.36.32:8080/prediction/knn,,
http_req_sending,1678217723,0.056900,,,,true,,POST,http://20.210.36.32:8080/prediction/knn,HTTP/1.1,contacts,,200,,,http://20.210.36.32:8080/prediction/knn,,
http_req_waiting,1678217723,1703.987363,,,,true,,POST,http://20.210.36.32:8080/prediction/knn,HTTP/1.1,contacts,,200,,,http://20.210.36.32:8080/prediction/knn,,
http_req_receiving,1678217723,0.101500,,,,true,,POST,http://20.210.36.32:8080/prediction/knn,HTTP/1.1,contacts,,200,,,http://20.210.36.32:8080/prediction/knn,,
http_req_failed,1678217723,0.000000,,,,true,,POST,http://20.210.36.32:8080/prediction/knn,HTTP/1.1,contacts,,200,,,http://20.210.36.32:8080/prediction/knn,,
responseTime,1678217723,1704.145763,,,,,,,,,contacts,,,,,,,
data_sent,1678217723,2088.000000,,,,,,,,,contacts,,,,,,,
data_received,1678217723,199.000000,,,,,,,,,contacts,,,,,,,
iteration_duration,1678217723,1706.838775,,,,,,,,,contacts,,,,,,,
iterations,1678217723,1.000000,,,,,,,,,contacts,,,,,,,
http_reqs,1678217723,1.000000,,,,true,,POST,http://20.210.36.32:8080/prediction/knn,HTTP/1.1,contacts,,200,,,http://20.210.36.32:8080/prediction/knn,,
http_req_duration,1678217723,1587.323471,,,,true,,POST,http://20.210.36.32:8080/prediction/knn,HTTP/1.1,contacts,,200,,,http://20.210.36.32:8080/prediction/knn,,
http_req_blocked,1678217723,2.301410,,,,true,,POST,http://20.210.36.32:8080/prediction/knn,HTTP/1.1,contacts,,200,,,http://20.210.36.32:8080/prediction/knn,,
http_req_connecting,1678217723,2.254009,,,,true,,POST,http://20.210.36.32:8080/prediction/knn,HTTP/1.1,contacts,,200,,,http://20.210.36.32:8080/prediction/knn,,
http_req_tls_handshaking,1678217723,0.000000,,,,true,,POST,http://20.210.36.32:8080/prediction/knn,HTTP/1.1,contacts,,200,,,http://20.210.36.32:8080/prediction/knn,,
http_req_sending,1678217723,0.039601,,,,true,,POST,http://20.210.36.32:8080/prediction/knn,HTTP/1.1,contacts,,200,,,http://20.210.36.32:8080/prediction/knn,,
http_req_waiting,1678217723,1587.199170,,,,true,,POST,http://20.210.36.32:8080/prediction/knn,HTTP/1.1,contacts,,200,,,http://20.210.36.32:8080/prediction/knn,,
http_req_receiving,1678217723,0.084700,,,,true,,POST,http://20.210.36.32:8080/prediction/knn,HTTP/1.1,contacts,,200,,,http://20.210.36.32:8080/prediction/knn,,
http_req_failed,1678217723,0.000000,,,,true,,POST,http://20.210.36.32:8080/prediction/knn,HTTP/1.1,contacts,,200,,,http://20.210.36.32:8080/prediction/knn,,
responseTime,1678217723,1587.323471,,,,,,,,,contacts,,,,,,,
data_sent,1678217723,2088.000000,,,,,,,,,contacts,,,,,,,
data_received,1678217723,199.000000,,,,,,,,,contacts,,,,,,,
iteration_duration,1678217723,1589.960082,,,,,,,,,contacts,,,,,,,
iterations,1678217723,1.000000,,,,,,,,,contacts,,,,,,,
http_reqs,1678217723,1.000000,,,,true,,POST,http://20.210.36.32:8080/prediction/knn,HTTP/1.1,contacts,,200,,,http://20.210.36.32:8080/prediction/knn,,
http_req_duration,1678217723,1635.119974,,,,true,,POST,http://20.210.36.32:8080/prediction/knn,HTTP/1.1,contacts,,200,,,http://20.210.36.32:8080/prediction/knn,,
http_req_blocked,1678217723,2.137009,,,,true,,POST,http://20.210.36.32:8080/prediction/knn,HTTP/1.1,contacts,,200,,,http://20.210.36.32:8080/prediction/knn,,
http_req_connecting,1678217723,2.060909,,,,true,,POST,http://20.210.36.32:8080/prediction/knn,HTTP/1.1,contacts,,200,,,http://20.210.36.32:8080/prediction/knn,,
http_req_tls_handshaking,1678217723,0.000000,,,,true,,POST,http://20.210.36.32:8080/prediction/knn,HTTP/1.1,contacts,,200,,,http://20.210.36.32:8080/prediction/knn,,
http_req_sending,1678217723,0.069200,,,,true,,POST,http://20.210.36.32:8080/prediction/knn,HTTP/1.1,contacts,,200,,,http://20.210.36.32:8080/prediction/knn,,
http_req_waiting,1678217723,1634.869973,,,,true,,POST,http://20.210.36.32:8080/prediction/knn,HTTP/1.1,contacts,,200,,,http://20.210.36.32:8080/prediction/knn,,
http_req_receiving,1678217723,0.180801,,,,true,,POST,http://20.210.36.32:8080/prediction/knn,HTTP/1.1,contacts,,200,,,http://20.210.36.32:8080/prediction/knn,,
http_req_failed,1678217723,0.000000,,,,true,,POST,http://20.210.36.32:8080/prediction/knn,HTTP/1.1,contacts,,200,,,http://20.210.36.32:8080/prediction/knn,,
responseTime,1678217723,1635.119974,,,,,,,,,contacts,,,,,,,
data_sent,1678217723,2088.000000,,,,,,,,,contacts,,,,,,,
data_received,1678217723,199.000000,,,,,,,,,contacts,,,,,,,
iteration_duration,1678217723,1637.574184,,,,,,,,,contacts,,,,,,,
iterations,1678217723,1.000000,,,,,,,,,contacts,,,,,,,
http_reqs,1678217723,1.000000,,,,true,,POST,http://20.210.36.32:8080/prediction/knn,HTTP/1.1,contacts,,200,,,http://20.210.36.32:8080/prediction/knn,,
http_req_duration,1678217723,1674.403969,,,,true,,POST,http://20.210.36.32:8080/prediction/knn,HTTP/1.1,contacts,,200,,,http://20.210.36.32:8080/prediction/knn,,
http_req_blocked,1678217723,2.252409,,,,true,,POST,http://20.210.36.32:8080/prediction/knn,HTTP/1.1,contacts,,200,,,http://20.210.36.32:8080/prediction/knn,,
http_req_connecting,1678217723,2.188309,,,,true,,POST,http://20.210.36.32:8080/prediction/knn,HTTP/1.1,contacts,,200,,,http://20.210.36.32:8080/prediction/knn,,
http_req_tls_handshaking,1678217723,0.000000,,,,true,,POST,http://20.210.36.32:8080/prediction/knn,HTTP/1.1,contacts,,200,,,http://20.210.36.32:8080/prediction/knn,,
http_req_sending,1678217723,0.047400,,,,true,,POST,http://20.210.36.32:8080/prediction/knn,HTTP/1.1,contacts,,200,,,http://20.210.36.32:8080/prediction/knn,,
http_req_waiting,1678217723,1673.675466,,,,true,,POST,http://20.210.36.32:8080/prediction/knn,HTTP/1.1,contacts,,200,,,http://20.210.36.32:8080/prediction/knn,,
http_req_receiving,1678217723,0.681103,,,,true,,POST,http://20.210.36.32:8080/prediction/knn,HTTP/1.1,contacts,,200,,,http://20.210.36.32:8080/prediction/knn,,
http_req_failed,1678217723,0.000000,,,,true,,POST,http://20.210.36.32:8080/prediction/knn,HTTP/1.1,contacts,,200,,,http://20.210.36.32:8080/prediction/knn,,
responseTime,1678217723,1674.403969,,,,,,,,,contacts,,,,,,,
data_sent,1678217723,2088.000000,,,,,,,,,contacts,,,,,,,
data_received,1678217723,199.000000,,,,,,,,,contacts,,,,,,,
iteration_duration,1678217723,1677.003980,,,,,,,,,contacts,,,,,,,
iterations,1678217723,1.000000,,,,,,,,,contacts,,,,,,,
http_reqs,1678217723,1.000000,,,,true,,POST,http://20.210.36.32:8080/prediction/knn,HTTP/1.1,contacts,,200,,,http://20.210.36.32:8080/prediction/knn,,
http_req_duration,1678217723,1615.627946,,,,true,,POST,http://20.210.36.32:8080/prediction/knn,HTTP/1.1,contacts,,200,,,http://20.210.36.32:8080/prediction/knn,,
http_req_blocked,1678217723,1.969408,,,,true,,POST,http://20.210.36.32:8080/prediction/knn,HTTP/1.1,contacts,,200,,,http://20.210.36.32:8080/prediction/knn,,
http_req_connecting,1678217723,1.889308,,,,true,,POST,http://20.210.36.32:8080/prediction/knn,HTTP/1.1,contacts,,200,,,http://20.210.36.32:8080/prediction/knn,,
http_req_tls_handshaking,1678217723,0.000000,,,,true,,POST,http://20.210.36.32:8080/prediction/knn,HTTP/1.1,contacts,,200,,,http://20.210.36.32:8080/prediction/knn,,
http_req_sending,1678217723,0.064700,,,,true,,POST,http://20.210.36.32:8080/prediction/knn,HTTP/1.1,contacts,,200,,,http://20.210.36.32:8080/prediction/knn,,
http_req_waiting,1678217723,1615.452945,,,,true,,POST,http://20.210.36.32:8080/prediction/knn,HTTP/1.1,contacts,,200,,,http://20.210.36.32:8080/prediction/knn,,
http_req_receiving,1678217723,0.110301,,,,true,,POST,http://20.210.36.32:8080/prediction/knn,HTTP/1.1,contacts,,200,,,http://20.210.36.32:8080/prediction/knn,,
http_req_failed,1678217723,0.000000,,,,true,,POST,http://20.210.36.32:8080/prediction/knn,HTTP/1.1,contacts,,200,,,http://20.210.36.32:8080/prediction/knn,,
http_reqs,1678217723,1.000000,,,,true,,POST,http://20.210.36.32:8080/prediction/knn,HTTP/1.1,contacts,,200,,,http://20.210.36.32:8080/prediction/knn,,
http_req_duration,1678217723,1589.839437,,,,true,,POST,http://20.210.36.32:8080/prediction/knn,HTTP/1.1,contacts,,200,,,http://20.210.36.32:8080/prediction/knn,,
http_req_blocked,1678217723,2.604311,,,,true,,POST,http://20.210.36.32:8080/prediction/knn,HTTP/1.1,contacts,,200,,,http://20.210.36.32:8080/prediction/knn,,
http_req_connecting,1678217723,2.530211,,,,true,,POST,http://20.210.36.32:8080/prediction/knn,HTTP/1.1,contacts,,200,,,http://20.210.36.32:8080/prediction/knn,,
http_req_tls_handshaking,1678217723,0.000000,,,,true,,POST,http://20.210.36.32:8080/prediction/knn,HTTP/1.1,contacts,,200,,,http://20.210.36.32:8080/prediction/knn,,
http_req_sending,1678217723,0.092800,,,,true,,POST,http://20.210.36.32:8080/prediction/knn,HTTP/1.1,contacts,,200,,,http://20.210.36.32:8080/prediction/knn,,
http_req_waiting,1678217723,1589.586436,,,,true,,POST,http://20.210.36.32:8080/prediction/knn,HTTP/1.1,contacts,,200,,,http://20.210.36.32:8080/prediction/knn,,
http_req_receiving,1678217723,0.160201,,,,true,,POST,http://20.210.36.32:8080/prediction/knn,HTTP/1.1,contacts,,200,,,http://20.210.36.32:8080/prediction/knn,,
http_req_failed,1678217723,0.000000,,,,true,,POST,http://20.210.36.32:8080/prediction/knn,HTTP/1.1,contacts,,200,,,http://20.210.36.32:8080/prediction/knn,,
responseTime,1678217723,1615.627946,,,,,,,,,contacts,,,,,,,
data_sent,1678217723,2088.000000,,,,,,,,,contacts,,,,,,,
data_received,1678217723,199.000000,,,,,,,,,contacts,,,,,,,
iteration_duration,1678217723,1618.002257,,,,,,,,,contacts,,,,,,,
iterations,1678217723,1.000000,,,,,,,,,contacts,,,,,,,
responseTime,1678217723,1589.839437,,,,,,,,,contacts,,,,,,,
data_sent,1678217723,2088.000000,,,,,,,,,contacts,,,,,,,
data_received,1678217723,199.000000,,,,,,,,,contacts,,,,,,,
iteration_duration,1678217723,1592.714550,,,,,,,,,contacts,,,,,,,
iterations,1678217723,1.000000,,,,,,,,,contacts,,,,,,,
http_reqs,1678217723,1.000000,,,,true,,POST,http://20.210.36.32:8080/prediction/knn,HTTP/1.1,contacts,,200,,,http://20.210.36.32:8080/prediction/knn,,
http_req_duration,1678217723,1603.761997,,,,true,,POST,http://20.210.36.32:8080/prediction/knn,HTTP/1.1,contacts,,200,,,http://20.210.36.32:8080/prediction/knn,,
http_req_blocked,1678217723,2.343710,,,,true,,POST,http://20.210.36.32:8080/prediction/knn,HTTP/1.1,contacts,,200,,,http://20.210.36.32:8080/prediction/knn,,
http_req_connecting,1678217723,2.295110,,,,true,,POST,http://20.210.36.32:8080/prediction/knn,HTTP/1.1,contacts,,200,,,http://20.210.36.32:8080/prediction/knn,,
http_req_tls_handshaking,1678217723,0.000000,,,,true,,POST,http://20.210.36.32:8080/prediction/knn,HTTP/1.1,contacts,,200,,,http://20.210.36.32:8080/prediction/knn,,
http_req_sending,1678217723,0.082600,,,,true,,POST,http://20.210.36.32:8080/prediction/knn,HTTP/1.1,contacts,,200,,,http://20.210.36.32:8080/prediction/knn,,
http_req_waiting,1678217723,1603.611396,,,,true,,POST,http://20.210.36.32:8080/prediction/knn,HTTP/1.1,contacts,,200,,,http://20.210.36.32:8080/prediction/knn,,
http_req_receiving,1678217723,0.068001,,,,true,,POST,http://20.210.36.32:8080/prediction/knn,HTTP/1.1,contacts,,200,,,http://20.210.36.32:8080/prediction/knn,,
http_req_failed,1678217723,0.000000,,,,true,,POST,http://20.210.36.32:8080/prediction/knn,HTTP/1.1,contacts,,200,,,http://20.210.36.32:8080/prediction/knn,,
responseTime,1678217723,1603.761997,,,,,,,,,contacts,,,,,,,
data_sent,1678217723,2088.000000,,,,,,,,,contacts,,,,,,,
data_received,1678217723,199.000000,,,,,,,,,contacts,,,,,,,
iteration_duration,1678217723,1606.785610,,,,,,,,,contacts,,,,,,,
iterations,1678217723,1.000000,,,,,,,,,contacts,,,,,,,
http_reqs,1678217723,1.000000,,,,true,,POST,http://20.210.36.32:8080/prediction/knn,HTTP/1.1,contacts,,200,,,http://20.210.36.32:8080/prediction/knn,,
http_req_duration,1678217723,1678.024422,,,,true,,POST,http://20.210.36.32:8080/prediction/knn,HTTP/1.1,contacts,,200,,,http://20.210.36.32:8080/prediction/knn,,
http_req_blocked,1678217723,2.297810,,,,true,,POST,http://20.210.36.32:8080/prediction/knn,HTTP/1.1,contacts,,200,,,http://20.210.36.32:8080/prediction/knn,,
http_req_connecting,1678217723,2.252210,,,,true,,POST,http://20.210.36.32:8080/prediction/knn,HTTP/1.1,contacts,,200,,,http://20.210.36.32:8080/prediction/knn,,
http_req_tls_handshaking,1678217723,0.000000,,,,true,,POST,http://20.210.36.32:8080/prediction/knn,HTTP/1.1,contacts,,200,,,http://20.210.36.32:8080/prediction/knn,,
http_req_sending,1678217723,0.148700,,,,true,,POST,http://20.210.36.32:8080/prediction/knn,HTTP/1.1,contacts,,200,,,http://20.210.36.32:8080/prediction/knn,,
http_req_waiting,1678217723,1669.580076,,,,true,,POST,http://20.210.36.32:8080/prediction/knn,HTTP/1.1,contacts,,200,,,http://20.210.36.32:8080/prediction/knn,,
http_req_receiving,1678217723,8.295646,,,,true,,POST,http://20.210.36.32:8080/prediction/knn,HTTP/1.1,contacts,,200,,,http://20.210.36.32:8080/prediction/knn,,
http_req_failed,1678217723,0.000000,,,,true,,POST,http://20.210.36.32:8080/prediction/knn,HTTP/1.1,contacts,,200,,,http://20.210.36.32:8080/prediction/knn,,
responseTime,1678217723,1678.024422,,,,,,,,,contacts,,,,,,,
data_sent,1678217723,2088.000000,,,,,,,,,contacts,,,,,,,
data_received,1678217723,199.000000,,,,,,,,,contacts,,,,,,,
iteration_duration,1678217723,1680.619233,,,,,,,,,contacts,,,,,,,
iterations,1678217723,1.000000,,,,,,,,,contacts,,,,,,,
http_reqs,1678217723,1.000000,,,,true,,POST,http://20.210.36.32:8080/prediction/knn,HTTP/1.1,contacts,,200,,,http://20.210.36.32:8080/prediction/knn,,
http_req_duration,1678217723,1606.418876,,,,true,,POST,http://20.210.36.32:8080/prediction/knn,HTTP/1.1,contacts,,200,,,http://20.210.36.32:8080/prediction/knn,,
http_req_blocked,1678217723,2.290410,,,,true,,POST,http://20.210.36.32:8080/prediction/knn,HTTP/1.1,contacts,,200,,,http://20.210.36.32:8080/prediction/knn,,
http_req_connecting,1678217723,2.231909,,,,true,,POST,http://20.210.36.32:8080/prediction/knn,HTTP/1.1,contacts,,200,,,http://20.210.36.32:8080/prediction/knn,,
http_req_tls_handshaking,1678217723,0.000000,,,,true,,POST,http://20.210.36.32:8080/prediction/knn,HTTP/1.1,contacts,,200,,,http://20.210.36.32:8080/prediction/knn,,
http_req_sending,1678217723,0.052201,,,,true,,POST,http://20.210.36.32:8080/prediction/knn,HTTP/1.1,contacts,,200,,,http://20.210.36.32:8080/prediction/knn,,
http_req_waiting,1678217723,1606.233774,,,,true,,POST,http://20.210.36.32:8080/prediction/knn,HTTP/1.1,contacts,,200,,,http://20.210.36.32:8080/prediction/knn,,
http_req_receiving,1678217723,0.132901,,,,true,,POST,http://20.210.36.32:8080/prediction/knn,HTTP/1.1,contacts,,200,,,http://20.210.36.32:8080/prediction/knn,,
http_req_failed,1678217723,0.000000,,,,true,,POST,http://20.210.36.32:8080/prediction/knn,HTTP/1.1,contacts,,200,,,http://20.210.36.32:8080/prediction/knn,,
responseTime,1678217723,1606.418876,,,,,,,,,contacts,,,,,,,
data_sent,1678217723,2088.000000,,,,,,,,,contacts,,,,,,,
data_received,1678217723,199.000000,,,,,,,,,contacts,,,,,,,
iteration_duration,1678217723,1609.191387,,,,,,,,,contacts,,,,,,,
iterations,1678217723,1.000000,,,,,,,,,contacts,,,,,,,
http_reqs,1678217723,1.000000,,,,true,,POST,http://20.210.36.32:8080/prediction/knn,HTTP/1.1,contacts,,200,,,http://20.210.36.32:8080/prediction/knn,,
http_req_duration,1678217723,1668.519073,,,,true,,POST,http://20.210.36.32:8080/prediction/knn,HTTP/1.1,contacts,,200,,,http://20.210.36.32:8080/prediction/knn,,
http_req_blocked,1678217723,2.067009,,,,true,,POST,http://20.210.36.32:8080/prediction/knn,HTTP/1.1,contacts,,200,,,http://20.210.36.32:8080/prediction/knn,,
http_req_connecting,1678217723,1.917708,,,,true,,POST,http://20.210.36.32:8080/prediction/knn,HTTP/1.1,contacts,,200,,,http://20.210.36.32:8080/prediction/knn,,
http_req_tls_handshaking,1678217723,0.000000,,,,true,,POST,http://20.210.36.32:8080/prediction/knn,HTTP/1.1,contacts,,200,,,http://20.210.36.32:8080/prediction/knn,,
http_req_sending,1678217723,0.044000,,,,true,,POST,http://20.210.36.32:8080/prediction/knn,HTTP/1.1,contacts,,200,,,http://20.210.36.32:8080/prediction/knn,,
http_req_waiting,1678217723,1668.385972,,,,true,,POST,http://20.210.36.32:8080/prediction/knn,HTTP/1.1,contacts,,200,,,http://20.210.36.32:8080/prediction/knn,,
http_req_receiving,1678217723,0.089101,,,,true,,POST,http://20.210.36.32:8080/prediction/knn,HTTP/1.1,contacts,,200,,,http://20.210.36.32:8080/prediction/knn,,
http_req_failed,1678217723,0.000000,,,,true,,POST,http://20.210.36.32:8080/prediction/knn,HTTP/1.1,contacts,,200,,,http://20.210.36.32:8080/prediction/knn,,
responseTime,1678217723,1668.519073,,,,,,,,,contacts,,,,,,,
data_sent,1678217723,2088.000000,,,,,,,,,contacts,,,,,,,
data_received,1678217723,199.000000,,,,,,,,,contacts,,,,,,,
iteration_duration,1678217723,1671.053784,,,,,,,,,contacts,,,,,,,
iterations,1678217723,1.000000,,,,,,,,,contacts,,,,,,,
http_reqs,1678217723,1.000000,,,,true,,POST,http://20.210.36.32:8080/prediction/knn,HTTP/1.1,contacts,,200,,,http://20.210.36.32:8080/prediction/knn,,
http_req_duration,1678217723,1687.596784,,,,true,,POST,http://20.210.36.32:8080/prediction/knn,HTTP/1.1,contacts,,200,,,http://20.210.36.32:8080/prediction/knn,,
http_req_blocked,1678217723,2.115709,,,,true,,POST,http://20.210.36.32:8080/prediction/knn,HTTP/1.1,contacts,,200,,,http://20.210.36.32:8080/prediction/knn,,
http_req_connecting,1678217723,2.066109,,,,true,,POST,http://20.210.36.32:8080/prediction/knn,HTTP/1.1,contacts,,200,,,http://20.210.36.32:8080/prediction/knn,,
http_req_tls_handshaking,1678217723,0.000000,,,,true,,POST,http://20.210.36.32:8080/prediction/knn,HTTP/1.1,contacts,,200,,,http://20.210.36.32:8080/prediction/knn,,
http_req_sending,1678217723,0.041500,,,,true,,POST,http://20.210.36.32:8080/prediction/knn,HTTP/1.1,contacts,,200,,,http://20.210.36.32:8080/prediction/knn,,
http_req_waiting,1678217723,1687.470484,,,,true,,POST,http://20.210.36.32:8080/prediction/knn,HTTP/1.1,contacts,,200,,,http://20.210.36.32:8080/prediction/knn,,
http_req_receiving,1678217723,0.084800,,,,true,,POST,http://20.210.36.32:8080/prediction/knn,HTTP/1.1,contacts,,200,,,http://20.210.36.32:8080/prediction/knn,,
http_req_failed,1678217723,0.000000,,,,true,,POST,http://20.210.36.32:8080/prediction/knn,HTTP/1.1,contacts,,200,,,http://20.210.36.32:8080/prediction/knn,,
responseTime,1678217723,1687.596784,,,,,,,,,contacts,,,,,,,
data_sent,1678217723,2088.000000,,,,,,,,,contacts,,,,,,,
data_received,1678217723,199.000000,,,,,,,,,contacts,,,,,,,
iteration_duration,1678217723,1690.145695,,,,,,,,,contacts,,,,,,,
iterations,1678217723,1.000000,,,,,,,,,contacts,,,,,,,
http_reqs,1678217723,1.000000,,,,true,,POST,http://20.210.36.32:8080/prediction/knn,HTTP/1.1,contacts,,200,,,http://20.210.36.32:8080/prediction/knn,,
http_req_duration,1678217723,1714.651008,,,,true,,POST,http://20.210.36.32:8080/prediction/knn,HTTP/1.1,contacts,,200,,,http://20.210.36.32:8080/prediction/knn,,
http_req_blocked,1678217723,2.426410,,,,true,,POST,http://20.210.36.32:8080/prediction/knn,HTTP/1.1,contacts,,200,,,http://20.210.36.32:8080/prediction/knn,,
http_req_connecting,1678217723,2.354110,,,,true,,POST,http://20.210.36.32:8080/prediction/knn,HTTP/1.1,contacts,,200,,,http://20.210.36.32:8080/prediction/knn,,
http_req_tls_handshaking,1678217723,0.000000,,,,true,,POST,http://20.210.36.32:8080/prediction/knn,HTTP/1.1,contacts,,200,,,http://20.210.36.32:8080/prediction/knn,,
http_req_sending,1678217723,0.068300,,,,true,,POST,http://20.210.36.32:8080/prediction/knn,HTTP/1.1,contacts,,200,,,http://20.210.36.32:8080/prediction/knn,,
http_req_waiting,1678217723,1714.463207,,,,true,,POST,http://20.210.36.32:8080/prediction/knn,HTTP/1.1,contacts,,200,,,http://20.210.36.32:8080/prediction/knn,,
http_req_receiving,1678217723,0.119501,,,,true,,POST,http://20.210.36.32:8080/prediction/knn,HTTP/1.1,contacts,,200,,,http://20.210.36.32:8080/prediction/knn,,
http_req_failed,1678217723,0.000000,,,,true,,POST,http://20.210.36.32:8080/prediction/knn,HTTP/1.1,contacts,,200,,,http://20.210.36.32:8080/prediction/knn,,
responseTime,1678217723,1714.651008,,,,,,,,,contacts,,,,,,,
data_sent,1678217723,2088.000000,,,,,,,,,contacts,,,,,,,
data_received,1678217723,199.000000,,,,,,,,,contacts,,,,,,,
iteration_duration,1678217723,1717.535921,,,,,,,,,contacts,,,,,,,
iterations,1678217723,1.000000,,,,,,,,,contacts,,,,,,,
http_reqs,1678217723,1.000000,,,,true,,POST,http://20.210.36.32:8080/prediction/knn,HTTP/1.1,contacts,,200,,,http://20.210.36.32:8080/prediction/knn,,
http_req_duration,1678217723,1746.373200,,,,true,,POST,http://20.210.36.32:8080/prediction/knn,HTTP/1.1,contacts,,200,,,http://20.210.36.32:8080/prediction/knn,,
http_req_blocked,1678217723,2.657511,,,,true,,POST,http://20.210.36.32:8080/prediction/knn,HTTP/1.1,contacts,,200,,,http://20.210.36.32:8080/prediction/knn,,
http_req_connecting,1678217723,2.616811,,,,true,,POST,http://20.210.36.32:8080/prediction/knn,HTTP/1.1,contacts,,200,,,http://20.210.36.32:8080/prediction/knn,,
http_req_tls_handshaking,1678217723,0.000000,,,,true,,POST,http://20.210.36.32:8080/prediction/knn,HTTP/1.1,contacts,,200,,,http://20.210.36.32:8080/prediction/knn,,
http_req_sending,1678217723,0.061800,,,,true,,POST,http://20.210.36.32:8080/prediction/knn,HTTP/1.1,contacts,,200,,,http://20.210.36.32:8080/prediction/knn,,
http_req_waiting,1678217723,1746.074498,,,,true,,POST,http://20.210.36.32:8080/prediction/knn,HTTP/1.1,contacts,,200,,,http://20.210.36.32:8080/prediction/knn,,
http_req_receiving,1678217723,0.236902,,,,true,,POST,http://20.210.36.32:8080/prediction/knn,HTTP/1.1,contacts,,200,,,http://20.210.36.32:8080/prediction/knn,,
http_req_failed,1678217723,0.000000,,,,true,,POST,http://20.210.36.32:8080/prediction/knn,HTTP/1.1,contacts,,200,,,http://20.210.36.32:8080/prediction/knn,,
responseTime,1678217723,1746.373200,,,,,,,,,contacts,,,,,,,
data_sent,1678217723,2088.000000,,,,,,,,,contacts,,,,,,,
data_received,1678217723,199.000000,,,,,,,,,contacts,,,,,,,
iteration_duration,1678217723,1749.340312,,,,,,,,,contacts,,,,,,,
iterations,1678217723,1.000000,,,,,,,,,contacts,,,,,,,
http_reqs,1678217723,1.000000,,,,true,,POST,http://20.210.36.32:8080/prediction/knn,HTTP/1.1,contacts,,200,,,http://20.210.36.32:8080/prediction/knn,,
http_req_duration,1678217723,1585.824223,,,,true,,POST,http://20.210.36.32:8080/prediction/knn,HTTP/1.1,contacts,,200,,,http://20.210.36.32:8080/prediction/knn,,
http_req_blocked,1678217723,4.595919,,,,true,,POST,http://20.210.36.32:8080/prediction/knn,HTTP/1.1,contacts,,200,,,http://20.210.36.32:8080/prediction/knn,,
http_req_connecting,1678217723,4.437119,,,,true,,POST,http://20.210.36.32:8080/prediction/knn,HTTP/1.1,contacts,,200,,,http://20.210.36.32:8080/prediction/knn,,
http_req_tls_handshaking,1678217723,0.000000,,,,true,,POST,http://20.210.36.32:8080/prediction/knn,HTTP/1.1,contacts,,200,,,http://20.210.36.32:8080/prediction/knn,,
http_req_sending,1678217723,0.062400,,,,true,,POST,http://20.210.36.32:8080/prediction/knn,HTTP/1.1,contacts,,200,,,http://20.210.36.32:8080/prediction/knn,,
http_req_waiting,1678217723,1585.681523,,,,true,,POST,http://20.210.36.32:8080/prediction/knn,HTTP/1.1,contacts,,200,,,http://20.210.36.32:8080/prediction/knn,,
http_req_receiving,1678217723,0.080300,,,,true,,POST,http://20.210.36.32:8080/prediction/knn,HTTP/1.1,contacts,,200,,,http://20.210.36.32:8080/prediction/knn,,
http_req_failed,1678217723,0.000000,,,,true,,POST,http://20.210.36.32:8080/prediction/knn,HTTP/1.1,contacts,,200,,,http://20.210.36.32:8080/prediction/knn,,
responseTime,1678217723,1585.824223,,,,,,,,,contacts,,,,,,,
data_sent,1678217723,2088.000000,,,,,,,,,contacts,,,,,,,
data_received,1678217723,199.000000,,,,,,,,,contacts,,,,,,,
iteration_duration,1678217723,1590.956545,,,,,,,,,contacts,,,,,,,
iterations,1678217723,1.000000,,,,,,,,,contacts,,,,,,,
http_reqs,1678217723,1.000000,,,,true,,POST,http://20.210.36.32:8080/prediction/knn,HTTP/1.1,contacts,,200,,,http://20.210.36.32:8080/prediction/knn,,
http_req_duration,1678217723,1697.742600,,,,true,,POST,http://20.210.36.32:8080/prediction/knn,HTTP/1.1,contacts,,200,,,http://20.210.36.32:8080/prediction/knn,,
http_req_blocked,1678217723,3.989617,,,,true,,POST,http://20.210.36.32:8080/prediction/knn,HTTP/1.1,contacts,,200,,,http://20.210.36.32:8080/prediction/knn,,
http_req_connecting,1678217723,3.887317,,,,true,,POST,http://20.210.36.32:8080/prediction/knn,HTTP/1.1,contacts,,200,,,http://20.210.36.32:8080/prediction/knn,,
http_req_tls_handshaking,1678217723,0.000000,,,,true,,POST,http://20.210.36.32:8080/prediction/knn,HTTP/1.1,contacts,,200,,,http://20.210.36.32:8080/prediction/knn,,
http_req_sending,1678217723,0.065400,,,,true,,POST,http://20.210.36.32:8080/prediction/knn,HTTP/1.1,contacts,,200,,,http://20.210.36.32:8080/prediction/knn,,
http_req_waiting,1678217723,1696.800895,,,,true,,POST,http://20.210.36.32:8080/prediction/knn,HTTP/1.1,contacts,,200,,,http://20.210.36.32:8080/prediction/knn,,
http_req_receiving,1678217723,0.876305,,,,true,,POST,http://20.210.36.32:8080/prediction/knn,HTTP/1.1,contacts,,200,,,http://20.210.36.32:8080/prediction/knn,,
http_req_failed,1678217723,0.000000,,,,true,,POST,http://20.210.36.32:8080/prediction/knn,HTTP/1.1,contacts,,200,,,http://20.210.36.32:8080/prediction/knn,,
responseTime,1678217723,1697.742600,,,,,,,,,contacts,,,,,,,
data_sent,1678217723,2088.000000,,,,,,,,,contacts,,,,,,,
data_received,1678217723,199.000000,,,,,,,,,contacts,,,,,,,
iteration_duration,1678217723,1702.149719,,,,,,,,,contacts,,,,,,,
iterations,1678217723,1.000000,,,,,,,,,contacts,,,,,,,
http_reqs,1678217723,1.000000,,,,true,,POST,http://20.210.36.32:8080/prediction/knn,HTTP/1.1,contacts,,200,,,http://20.210.36.32:8080/prediction/knn,,
http_req_duration,1678217723,1703.962831,,,,true,,POST,http://20.210.36.32:8080/prediction/knn,HTTP/1.1,contacts,,200,,,http://20.210.36.32:8080/prediction/knn,,
http_req_blocked,1678217723,4.295918,,,,true,,POST,http://20.210.36.32:8080/prediction/knn,HTTP/1.1,contacts,,200,,,http://20.210.36.32:8080/prediction/knn,,
http_req_connecting,1678217723,4.207318,,,,true,,POST,http://20.210.36.32:8080/prediction/knn,HTTP/1.1,contacts,,200,,,http://20.210.36.32:8080/prediction/knn,,
http_req_tls_handshaking,1678217723,0.000000,,,,true,,POST,http://20.210.36.32:8080/prediction/knn,HTTP/1.1,contacts,,200,,,http://20.210.36.32:8080/prediction/knn,,
http_req_sending,1678217723,0.087800,,,,true,,POST,http://20.210.36.32:8080/prediction/knn,HTTP/1.1,contacts,,200,,,http://20.210.36.32:8080/prediction/knn,,
http_req_waiting,1678217723,1703.798131,,,,true,,POST,http://20.210.36.32:8080/prediction/knn,HTTP/1.1,contacts,,200,,,http://20.210.36.32:8080/prediction/knn,,
http_req_receiving,1678217723,0.076900,,,,true,,POST,http://20.210.36.32:8080/prediction/knn,HTTP/1.1,contacts,,200,,,http://20.210.36.32:8080/prediction/knn,,
http_req_failed,1678217723,0.000000,,,,true,,POST,http://20.210.36.32:8080/prediction/knn,HTTP/1.1,contacts,,200,,,http://20.210.36.32:8080/prediction/knn,,
responseTime,1678217723,1703.962831,,,,,,,,,contacts,,,,,,,
data_sent,1678217723,2088.000000,,,,,,,,,contacts,,,,,,,
data_received,1678217723,199.000000,,,,,,,,,contacts,,,,,,,
iteration_duration,1678217723,1708.746052,,,,,,,,,contacts,,,,,,,
iterations,1678217723,1.000000,,,,,,,,,contacts,,,,,,,
http_reqs,1678217723,1.000000,,,,true,,POST,http://20.210.36.32:8080/prediction/knn,HTTP/1.1,contacts,,200,,,http://20.210.36.32:8080/prediction/knn,,
http_req_duration,1678217723,1650.535310,,,,true,,POST,http://20.210.36.32:8080/prediction/knn,HTTP/1.1,contacts,,200,,,http://20.210.36.32:8080/prediction/knn,,
http_req_blocked,1678217723,4.035917,,,,true,,POST,http://20.210.36.32:8080/prediction/knn,HTTP/1.1,contacts,,200,,,http://20.210.36.32:8080/prediction/knn,,
http_req_connecting,1678217723,3.848216,,,,true,,POST,http://20.210.36.32:8080/prediction/knn,HTTP/1.1,contacts,,200,,,http://20.210.36.32:8080/prediction/knn,,
http_req_tls_handshaking,1678217723,0.000000,,,,true,,POST,http://20.210.36.32:8080/prediction/knn,HTTP/1.1,contacts,,200,,,http://20.210.36.32:8080/prediction/knn,,
http_req_sending,1678217723,0.167301,,,,true,,POST,http://20.210.36.32:8080/prediction/knn,HTTP/1.1,contacts,,200,,,http://20.210.36.32:8080/prediction/knn,,
http_req_waiting,1678217723,1650.312608,,,,true,,POST,http://20.210.36.32:8080/prediction/knn,HTTP/1.1,contacts,,200,,,http://20.210.36.32:8080/prediction/knn,,
http_req_receiving,1678217723,0.055401,,,,true,,POST,http://20.210.36.32:8080/prediction/knn,HTTP/1.1,contacts,,200,,,http://20.210.36.32:8080/prediction/knn,,
http_req_failed,1678217723,0.000000,,,,true,,POST,http://20.210.36.32:8080/prediction/knn,HTTP/1.1,contacts,,200,,,http://20.210.36.32:8080/prediction/knn,,
responseTime,1678217723,1650.535310,,,,,,,,,contacts,,,,,,,
data_sent,1678217723,2088.000000,,,,,,,,,contacts,,,,,,,
data_received,1678217723,199.000000,,,,,,,,,contacts,,,,,,,
iteration_duration,1678217723,1654.972228,,,,,,,,,contacts,,,,,,,
iterations,1678217723,1.000000,,,,,,,,,contacts,,,,,,,
http_reqs,1678217723,1.000000,,,,true,,POST,http://20.210.36.32:8080/prediction/knn,HTTP/1.1,contacts,,200,,,http://20.210.36.32:8080/prediction/knn,,
http_req_duration,1678217723,1531.752741,,,,true,,POST,http://20.210.36.32:8080/prediction/knn,HTTP/1.1,contacts,,200,,,http://20.210.36.32:8080/prediction/knn,,
http_req_blocked,1678217723,4.684820,,,,true,,POST,http://20.210.36.32:8080/prediction/knn,HTTP/1.1,contacts,,200,,,http://20.210.36.32:8080/prediction/knn,,
http_req_connecting,1678217723,4.590119,,,,true,,POST,http://20.210.36.32:8080/prediction/knn,HTTP/1.1,contacts,,200,,,http://20.210.36.32:8080/prediction/knn,,
http_req_tls_handshaking,1678217723,0.000000,,,,true,,POST,http://20.210.36.32:8080/prediction/knn,HTTP/1.1,contacts,,200,,,http://20.210.36.32:8080/prediction/knn,,
http_req_sending,1678217723,0.099501,,,,true,,POST,http://20.210.36.32:8080/prediction/knn,HTTP/1.1,contacts,,200,,,http://20.210.36.32:8080/prediction/knn,,
http_req_waiting,1678217723,1521.721085,,,,true,,POST,http://20.210.36.32:8080/prediction/knn,HTTP/1.1,contacts,,200,,,http://20.210.36.32:8080/prediction/knn,,
http_req_receiving,1678217723,9.932155,,,,true,,POST,http://20.210.36.32:8080/prediction/knn,HTTP/1.1,contacts,,200,,,http://20.210.36.32:8080/prediction/knn,,
http_req_failed,1678217723,0.000000,,,,true,,POST,http://20.210.36.32:8080/prediction/knn,HTTP/1.1,contacts,,200,,,http://20.210.36.32:8080/prediction/knn,,
responseTime,1678217723,1531.752741,,,,,,,,,contacts,,,,,,,
data_sent,1678217723,2088.000000,,,,,,,,,contacts,,,,,,,
data_received,1678217723,199.000000,,,,,,,,,contacts,,,,,,,
iteration_duration,1678217723,1537.125364,,,,,,,,,contacts,,,,,,,
iterations,1678217723,1.000000,,,,,,,,,contacts,,,,,,,
http_reqs,1678217723,1.000000,,,,true,,POST,http://20.210.36.32:8080/prediction/knn,HTTP/1.1,contacts,,200,,,http://20.210.36.32:8080/prediction/knn,,
http_req_duration,1678217723,1630.344172,,,,true,,POST,http://20.210.36.32:8080/prediction/knn,HTTP/1.1,contacts,,200,,,http://20.210.36.32:8080/prediction/knn,,
http_req_blocked,1678217723,3.731815,,,,true,,POST,http://20.210.36.32:8080/prediction/knn,HTTP/1.1,contacts,,200,,,http://20.210.36.32:8080/prediction/knn,,
http_req_connecting,1678217723,3.656115,,,,true,,POST,http://20.210.36.32:8080/prediction/knn,HTTP/1.1,contacts,,200,,,http://20.210.36.32:8080/prediction/knn,,
http_req_tls_handshaking,1678217723,0.000000,,,,true,,POST,http://20.210.36.32:8080/prediction/knn,HTTP/1.1,contacts,,200,,,http://20.210.36.32:8080/prediction/knn,,
http_req_sending,1678217723,0.055800,,,,true,,POST,http://20.210.36.32:8080/prediction/knn,HTTP/1.1,contacts,,200,,,http://20.210.36.32:8080/prediction/knn,,
http_req_waiting,1678217723,1624.340639,,,,true,,POST,http://20.210.36.32:8080/prediction/knn,HTTP/1.1,contacts,,200,,,http://20.210.36.32:8080/prediction/knn,,
http_req_receiving,1678217723,5.947733,,,,true,,POST,http://20.210.36.32:8080/prediction/knn,HTTP/1.1,contacts,,200,,,http://20.210.36.32:8080/prediction/knn,,
http_req_failed,1678217723,0.000000,,,,true,,POST,http://20.210.36.32:8080/prediction/knn,HTTP/1.1,contacts,,200,,,http://20.210.36.32:8080/prediction/knn,,
responseTime,1678217723,1630.344172,,,,,,,,,contacts,,,,,,,
data_sent,1678217723,2088.000000,,,,,,,,,contacts,,,,,,,
data_received,1678217723,199.000000,,,,,,,,,contacts,,,,,,,
iteration_duration,1678217723,1634.435790,,,,,,,,,contacts,,,,,,,
iterations,1678217723,1.000000,,,,,,,,,contacts,,,,,,,
http_reqs,1678217723,1.000000,,,,true,,POST,http://20.210.36.32:8080/prediction/knn,HTTP/1.1,contacts,,200,,,http://20.210.36.32:8080/prediction/knn,,
http_req_duration,1678217723,1704.941490,,,,true,,POST,http://20.210.36.32:8080/prediction/knn,HTTP/1.1,contacts,,200,,,http://20.210.36.32:8080/prediction/knn,,
http_req_blocked,1678217723,3.973117,,,,true,,POST,http://20.210.36.32:8080/prediction/knn,HTTP/1.1,contacts,,200,,,http://20.210.36.32:8080/prediction/knn,,
http_req_connecting,1678217723,3.879316,,,,true,,POST,http://20.210.36.32:8080/prediction/knn,HTTP/1.1,contacts,,200,,,http://20.210.36.32:8080/prediction/knn,,
http_req_tls_handshaking,1678217723,0.000000,,,,true,,POST,http://20.210.36.32:8080/prediction/knn,HTTP/1.1,contacts,,200,,,http://20.210.36.32:8080/prediction/knn,,
http_req_sending,1678217723,0.050300,,,,true,,POST,http://20.210.36.32:8080/prediction/knn,HTTP/1.1,contacts,,200,,,http://20.210.36.32:8080/prediction/knn,,
http_req_waiting,1678217723,1704.798090,,,,true,,POST,http://20.210.36.32:8080/prediction/knn,HTTP/1.1,contacts,,200,,,http://20.210.36.32:8080/prediction/knn,,
http_req_receiving,1678217723,0.093100,,,,true,,POST,http://20.210.36.32:8080/prediction/knn,HTTP/1.1,contacts,,200,,,http://20.210.36.32:8080/prediction/knn,,
http_req_failed,1678217723,0.000000,,,,true,,POST,http://20.210.36.32:8080/prediction/knn,HTTP/1.1,contacts,,200,,,http://20.210.36.32:8080/prediction/knn,,
responseTime,1678217723,1704.941490,,,,,,,,,contacts,,,,,,,
data_sent,1678217723,2088.000000,,,,,,,,,contacts,,,,,,,
data_received,1678217723,199.000000,,,,,,,,,contacts,,,,,,,
iteration_duration,1678217723,1709.461409,,,,,,,,,contacts,,,,,,,
iterations,1678217723,1.000000,,,,,,,,,contacts,,,,,,,
http_reqs,1678217723,1.000000,,,,true,,POST,http://20.210.36.32:8080/prediction/knn,HTTP/1.1,contacts,,200,,,http://20.210.36.32:8080/prediction/knn,,
http_req_duration,1678217723,1588.961718,,,,true,,POST,http://20.210.36.32:8080/prediction/knn,HTTP/1.1,contacts,,200,,,http://20.210.36.32:8080/prediction/knn,,
http_req_blocked,1678217723,4.239718,,,,true,,POST,http://20.210.36.32:8080/prediction/knn,HTTP/1.1,contacts,,200,,,http://20.210.36.32:8080/prediction/knn,,
http_req_connecting,1678217723,4.158918,,,,true,,POST,http://20.210.36.32:8080/prediction/knn,HTTP/1.1,contacts,,200,,,http://20.210.36.32:8080/prediction/knn,,
http_req_tls_handshaking,1678217723,0.000000,,,,true,,POST,http://20.210.36.32:8080/prediction/knn,HTTP/1.1,contacts,,200,,,http://20.210.36.32:8080/prediction/knn,,
http_req_sending,1678217723,0.085300,,,,true,,POST,http://20.210.36.32:8080/prediction/knn,HTTP/1.1,contacts,,200,,,http://20.210.36.32:8080/prediction/knn,,
http_req_waiting,1678217723,1586.831106,,,,true,,POST,http://20.210.36.32:8080/prediction/knn,HTTP/1.1,contacts,,200,,,http://20.210.36.32:8080/prediction/knn,,
http_req_receiving,1678217723,2.045312,,,,true,,POST,http://20.210.36.32:8080/prediction/knn,HTTP/1.1,contacts,,200,,,http://20.210.36.32:8080/prediction/knn,,
http_req_failed,1678217723,0.000000,,,,true,,POST,http://20.210.36.32:8080/prediction/knn,HTTP/1.1,contacts,,200,,,http://20.210.36.32:8080/prediction/knn,,
responseTime,1678217723,1588.961718,,,,,,,,,contacts,,,,,,,
data_sent,1678217723,2088.000000,,,,,,,,,contacts,,,,,,,
data_received,1678217723,199.000000,,,,,,,,,contacts,,,,,,,
iteration_duration,1678217723,1593.578437,,,,,,,,,contacts,,,,,,,
iterations,1678217723,1.000000,,,,,,,,,contacts,,,,,,,
vus,1678217723,94.000000,,,,,,,,,,,,,,,,
vus_max,1678217723,100.000000,,,,,,,,,,,,,,,,
http_reqs,1678217723,1.000000,,,,true,,POST,http://20.210.36.32:8080/prediction/knn,HTTP/1.1,contacts,,200,,,http://20.210.36.32:8080/prediction/knn,,
http_req_duration,1678217723,1817.854615,,,,true,,POST,http://20.210.36.32:8080/prediction/knn,HTTP/1.1,contacts,,200,,,http://20.210.36.32:8080/prediction/knn,,
http_req_blocked,1678217723,4.416019,,,,true,,POST,http://20.210.36.32:8080/prediction/knn,HTTP/1.1,contacts,,200,,,http://20.210.36.32:8080/prediction/knn,,
http_req_connecting,1678217723,4.353119,,,,true,,POST,http://20.210.36.32:8080/prediction/knn,HTTP/1.1,contacts,,200,,,http://20.210.36.32:8080/prediction/knn,,
http_req_tls_handshaking,1678217723,0.000000,,,,true,,POST,http://20.210.36.32:8080/prediction/knn,HTTP/1.1,contacts,,200,,,http://20.210.36.32:8080/prediction/knn,,
http_req_sending,1678217723,0.068700,,,,true,,POST,http://20.210.36.32:8080/prediction/knn,HTTP/1.1,contacts,,200,,,http://20.210.36.32:8080/prediction/knn,,
http_req_waiting,1678217723,1817.685114,,,,true,,POST,http://20.210.36.32:8080/prediction/knn,HTTP/1.1,contacts,,200,,,http://20.210.36.32:8080/prediction/knn,,
http_req_receiving,1678217723,0.100801,,,,true,,POST,http://20.210.36.32:8080/prediction/knn,HTTP/1.1,contacts,,200,,,http://20.210.36.32:8080/prediction/knn,,
http_req_failed,1678217723,0.000000,,,,true,,POST,http://20.210.36.32:8080/prediction/knn,HTTP/1.1,contacts,,200,,,http://20.210.36.32:8080/prediction/knn,,
responseTime,1678217723,1817.854615,,,,,,,,,contacts,,,,,,,
data_sent,1678217723,2088.000000,,,,,,,,,contacts,,,,,,,
data_received,1678217723,199.000000,,,,,,,,,contacts,,,,,,,
iteration_duration,1678217723,1822.697836,,,,,,,,,contacts,,,,,,,
iterations,1678217723,1.000000,,,,,,,,,contacts,,,,,,,
http_reqs,1678217723,1.000000,,,,true,,POST,http://20.210.36.32:8080/prediction/knn,HTTP/1.1,contacts,,200,,,http://20.210.36.32:8080/prediction/knn,,
http_req_duration,1678217723,1727.424265,,,,true,,POST,http://20.210.36.32:8080/prediction/knn,HTTP/1.1,contacts,,200,,,http://20.210.36.32:8080/prediction/knn,,
http_req_blocked,1678217723,4.295618,,,,true,,POST,http://20.210.36.32:8080/prediction/knn,HTTP/1.1,contacts,,200,,,http://20.210.36.32:8080/prediction/knn,,
http_req_connecting,1678217723,4.227218,,,,true,,POST,http://20.210.36.32:8080/prediction/knn,HTTP/1.1,contacts,,200,,,http://20.210.36.32:8080/prediction/knn,,
http_req_tls_handshaking,1678217723,0.000000,,,,true,,POST,http://20.210.36.32:8080/prediction/knn,HTTP/1.1,contacts,,200,,,http://20.210.36.32:8080/prediction/knn,,
http_req_sending,1678217723,0.058500,,,,true,,POST,http://20.210.36.32:8080/prediction/knn,HTTP/1.1,contacts,,200,,,http://20.210.36.32:8080/prediction/knn,,
http_req_waiting,1678217723,1727.264464,,,,true,,POST,http://20.210.36.32:8080/prediction/knn,HTTP/1.1,contacts,,200,,,http://20.210.36.32:8080/prediction/knn,,
http_req_receiving,1678217723,0.101301,,,,true,,POST,http://20.210.36.32:8080/prediction/knn,HTTP/1.1,contacts,,200,,,http://20.210.36.32:8080/prediction/knn,,
http_req_failed,1678217723,0.000000,,,,true,,POST,http://20.210.36.32:8080/prediction/knn,HTTP/1.1,contacts,,200,,,http://20.210.36.32:8080/prediction/knn,,
responseTime,1678217723,1727.424265,,,,,,,,,contacts,,,,,,,
data_sent,1678217723,2088.000000,,,,,,,,,contacts,,,,,,,
data_received,1678217723,199.000000,,,,,,,,,contacts,,,,,,,
iteration_duration,1678217723,1732.054985,,,,,,,,,contacts,,,,,,,
iterations,1678217723,1.000000,,,,,,,,,contacts,,,,,,,
http_reqs,1678217723,1.000000,,,,true,,POST,http://20.210.36.32:8080/prediction/knn,HTTP/1.1,contacts,,200,,,http://20.210.36.32:8080/prediction/knn,,
http_req_duration,1678217723,1787.084325,,,,true,,POST,http://20.210.36.32:8080/prediction/knn,HTTP/1.1,contacts,,200,,,http://20.210.36.32:8080/prediction/knn,,
http_req_blocked,1678217723,4.079017,,,,true,,POST,http://20.210.36.32:8080/prediction/knn,HTTP/1.1,contacts,,200,,,http://20.210.36.32:8080/prediction/knn,,
http_req_connecting,1678217723,3.960717,,,,true,,POST,http://20.210.36.32:8080/prediction/knn,HTTP/1.1,contacts,,200,,,http://20.210.36.32:8080/prediction/knn,,
http_req_tls_handshaking,1678217723,0.000000,,,,true,,POST,http://20.210.36.32:8080/prediction/knn,HTTP/1.1,contacts,,200,,,http://20.210.36.32:8080/prediction/knn,,
http_req_sending,1678217723,0.084000,,,,true,,POST,http://20.210.36.32:8080/prediction/knn,HTTP/1.1,contacts,,200,,,http://20.210.36.32:8080/prediction/knn,,
http_req_waiting,1678217723,1786.086920,,,,true,,POST,http://20.210.36.32:8080/prediction/knn,HTTP/1.1,contacts,,200,,,http://20.210.36.32:8080/prediction/knn,,
http_req_receiving,1678217723,0.913405,,,,true,,POST,http://20.210.36.32:8080/prediction/knn,HTTP/1.1,contacts,,200,,,http://20.210.36.32:8080/prediction/knn,,
http_req_failed,1678217723,0.000000,,,,true,,POST,http://20.210.36.32:8080/prediction/knn,HTTP/1.1,contacts,,200,,,http://20.210.36.32:8080/prediction/knn,,
responseTime,1678217723,1787.084325,,,,,,,,,contacts,,,,,,,
data_sent,1678217723,2088.000000,,,,,,,,,contacts,,,,,,,
data_received,1678217723,199.000000,,,,,,,,,contacts,,,,,,,
iteration_duration,1678217723,1791.682044,,,,,,,,,contacts,,,,,,,
iterations,1678217723,1.000000,,,,,,,,,contacts,,,,,,,
http_reqs,1678217723,1.000000,,,,true,,POST,http://20.210.36.32:8080/prediction/knn,HTTP/1.1,contacts,,200,,,http://20.210.36.32:8080/prediction/knn,,
http_req_duration,1678217723,1632.127375,,,,true,,POST,http://20.210.36.32:8080/prediction/knn,HTTP/1.1,contacts,,200,,,http://20.210.36.32:8080/prediction/knn,,
http_req_blocked,1678217723,2.319709,,,,true,,POST,http://20.210.36.32:8080/prediction/knn,HTTP/1.1,contacts,,200,,,http://20.210.36.32:8080/prediction/knn,,
http_req_connecting,1678217723,2.265209,,,,true,,POST,http://20.210.36.32:8080/prediction/knn,HTTP/1.1,contacts,,200,,,http://20.210.36.32:8080/prediction/knn,,
http_req_tls_handshaking,1678217723,0.000000,,,,true,,POST,http://20.210.36.32:8080/prediction/knn,HTTP/1.1,contacts,,200,,,http://20.210.36.32:8080/prediction/knn,,
http_req_sending,1678217723,0.060901,,,,true,,POST,http://20.210.36.32:8080/prediction/knn,HTTP/1.1,contacts,,200,,,http://20.210.36.32:8080/prediction/knn,,
http_req_waiting,1678217723,1621.491216,,,,true,,POST,http://20.210.36.32:8080/prediction/knn,HTTP/1.1,contacts,,200,,,http://20.210.36.32:8080/prediction/knn,,
http_req_receiving,1678217723,10.575258,,,,true,,POST,http://20.210.36.32:8080/prediction/knn,HTTP/1.1,contacts,,200,,,http://20.210.36.32:8080/prediction/knn,,
http_req_failed,1678217723,0.000000,,,,true,,POST,http://20.210.36.32:8080/prediction/knn,HTTP/1.1,contacts,,200,,,http://20.210.36.32:8080/prediction/knn,,
responseTime,1678217723,1632.127375,,,,,,,,,contacts,,,,,,,
data_sent,1678217723,2088.000000,,,,,,,,,contacts,,,,,,,
data_received,1678217723,199.000000,,,,,,,,,contacts,,,,,,,
iteration_duration,1678217723,1634.955387,,,,,,,,,contacts,,,,,,,
iterations,1678217723,1.000000,,,,,,,,,contacts,,,,,,,
http_reqs,1678217723,1.000000,,,,true,,POST,http://20.210.36.32:8080/prediction/knn,HTTP/1.1,contacts,,200,,,http://20.210.36.32:8080/prediction/knn,,
http_req_duration,1678217723,1697.920510,,,,true,,POST,http://20.210.36.32:8080/prediction/knn,HTTP/1.1,contacts,,200,,,http://20.210.36.32:8080/prediction/knn,,
http_req_blocked,1678217723,4.206818,,,,true,,POST,http://20.210.36.32:8080/prediction/knn,HTTP/1.1,contacts,,200,,,http://20.210.36.32:8080/prediction/knn,,
http_req_connecting,1678217723,4.144618,,,,true,,POST,http://20.210.36.32:8080/prediction/knn,HTTP/1.1,contacts,,200,,,http://20.210.36.32:8080/prediction/knn,,
http_req_tls_handshaking,1678217723,0.000000,,,,true,,POST,http://20.210.36.32:8080/prediction/knn,HTTP/1.1,contacts,,200,,,http://20.210.36.32:8080/prediction/knn,,
http_req_sending,1678217723,0.050100,,,,true,,POST,http://20.210.36.32:8080/prediction/knn,HTTP/1.1,contacts,,200,,,http://20.210.36.32:8080/prediction/knn,,
http_req_waiting,1678217723,1695.871799,,,,true,,POST,http://20.210.36.32:8080/prediction/knn,HTTP/1.1,contacts,,200,,,http://20.210.36.32:8080/prediction/knn,,
http_req_receiving,1678217723,1.998611,,,,true,,POST,http://20.210.36.32:8080/prediction/knn,HTTP/1.1,contacts,,200,,,http://20.210.36.32:8080/prediction/knn,,
http_req_failed,1678217723,0.000000,,,,true,,POST,http://20.210.36.32:8080/prediction/knn,HTTP/1.1,contacts,,200,,,http://20.210.36.32:8080/prediction/knn,,
responseTime,1678217723,1697.920510,,,,,,,,,contacts,,,,,,,
data_sent,1678217723,2088.000000,,,,,,,,,contacts,,,,,,,
data_received,1678217723,199.000000,,,,,,,,,contacts,,,,,,,
iteration_duration,1678217723,1702.648431,,,,,,,,,contacts,,,,,,,
iterations,1678217723,1.000000,,,,,,,,,contacts,,,,,,,
http_reqs,1678217723,1.000000,,,,true,,POST,http://20.210.36.32:8080/prediction/knn,HTTP/1.1,contacts,,200,,,http://20.210.36.32:8080/prediction/knn,,
http_req_duration,1678217723,1732.881180,,,,true,,POST,http://20.210.36.32:8080/prediction/knn,HTTP/1.1,contacts,,200,,,http://20.210.36.32:8080/prediction/knn,,
http_req_blocked,1678217723,4.232718,,,,true,,POST,http://20.210.36.32:8080/prediction/knn,HTTP/1.1,contacts,,200,,,http://20.210.36.32:8080/prediction/knn,,
http_req_connecting,1678217723,4.113517,,,,true,,POST,http://20.210.36.32:8080/prediction/knn,HTTP/1.1,contacts,,200,,,http://20.210.36.32:8080/prediction/knn,,
http_req_tls_handshaking,1678217723,0.000000,,,,true,,POST,http://20.210.36.32:8080/prediction/knn,HTTP/1.1,contacts,,200,,,http://20.210.36.32:8080/prediction/knn,,
http_req_sending,1678217723,0.117501,,,,true,,POST,http://20.210.36.32:8080/prediction/knn,HTTP/1.1,contacts,,200,,,http://20.210.36.32:8080/prediction/knn,,
http_req_waiting,1678217723,1732.519978,,,,true,,POST,http://20.210.36.32:8080/prediction/knn,HTTP/1.1,contacts,,200,,,http://20.210.36.32:8080/prediction/knn,,
http_req_receiving,1678217723,0.243701,,,,true,,POST,http://20.210.36.32:8080/prediction/knn,HTTP/1.1,contacts,,200,,,http://20.210.36.32:8080/prediction/knn,,
http_req_failed,1678217723,0.000000,,,,true,,POST,http://20.210.36.32:8080/prediction/knn,HTTP/1.1,contacts,,200,,,http://20.210.36.32:8080/prediction/knn,,
responseTime,1678217723,1732.881180,,,,,,,,,contacts,,,,,,,
data_sent,1678217723,2088.000000,,,,,,,,,contacts,,,,,,,
data_received,1678217723,199.000000,,,,,,,,,contacts,,,,,,,
iteration_duration,1678217723,1737.434099,,,,,,,,,contacts,,,,,,,
iterations,1678217723,1.000000,,,,,,,,,contacts,,,,,,,
http_reqs,1678217723,1.000000,,,,true,,POST,http://20.210.36.32:8080/prediction/knn,HTTP/1.1,contacts,,200,,,http://20.210.36.32:8080/prediction/knn,,
http_req_duration,1678217723,1763.721219,,,,true,,POST,http://20.210.36.32:8080/prediction/knn,HTTP/1.1,contacts,,200,,,http://20.210.36.32:8080/prediction/knn,,
http_req_blocked,1678217723,4.109318,,,,true,,POST,http://20.210.36.32:8080/prediction/knn,HTTP/1.1,contacts,,200,,,http://20.210.36.32:8080/prediction/knn,,
http_req_connecting,1678217723,4.021917,,,,true,,POST,http://20.210.36.32:8080/prediction/knn,HTTP/1.1,contacts,,200,,,http://20.210.36.32:8080/prediction/knn,,
http_req_tls_handshaking,1678217723,0.000000,,,,true,,POST,http://20.210.36.32:8080/prediction/knn,HTTP/1.1,contacts,,200,,,http://20.210.36.32:8080/prediction/knn,,
http_req_sending,1678217723,0.049100,,,,true,,POST,http://20.210.36.32:8080/prediction/knn,HTTP/1.1,contacts,,200,,,http://20.210.36.32:8080/prediction/knn,,
http_req_waiting,1678217723,1763.573018,,,,true,,POST,http://20.210.36.32:8080/prediction/knn,HTTP/1.1,contacts,,200,,,http://20.210.36.32:8080/prediction/knn,,
http_req_receiving,1678217723,0.099101,,,,true,,POST,http://20.210.36.32:8080/prediction/knn,HTTP/1.1,contacts,,200,,,http://20.210.36.32:8080/prediction/knn,,
http_req_failed,1678217723,0.000000,,,,true,,POST,http://20.210.36.32:8080/prediction/knn,HTTP/1.1,contacts,,200,,,http://20.210.36.32:8080/prediction/knn,,
http_reqs,1678217723,1.000000,,,,true,,POST,http://20.210.36.32:8080/prediction/knn,HTTP/1.1,contacts,,200,,,http://20.210.36.32:8080/prediction/knn,,
http_req_duration,1678217723,1775.057267,,,,true,,POST,http://20.210.36.32:8080/prediction/knn,HTTP/1.1,contacts,,200,,,http://20.210.36.32:8080/prediction/knn,,
http_req_blocked,1678217723,4.349918,,,,true,,POST,http://20.210.36.32:8080/prediction/knn,HTTP/1.1,contacts,,200,,,http://20.210.36.32:8080/prediction/knn,,
http_req_connecting,1678217723,4.272418,,,,true,,POST,http://20.210.36.32:8080/prediction/knn,HTTP/1.1,contacts,,200,,,http://20.210.36.32:8080/prediction/knn,,
http_req_tls_handshaking,1678217723,0.000000,,,,true,,POST,http://20.210.36.32:8080/prediction/knn,HTTP/1.1,contacts,,200,,,http://20.210.36.32:8080/prediction/knn,,
http_req_sending,1678217723,0.054200,,,,true,,POST,http://20.210.36.32:8080/prediction/knn,HTTP/1.1,contacts,,200,,,http://20.210.36.32:8080/prediction/knn,,
http_req_waiting,1678217723,1774.904066,,,,true,,POST,http://20.210.36.32:8080/prediction/knn,HTTP/1.1,contacts,,200,,,http://20.210.36.32:8080/prediction/knn,,
http_req_receiving,1678217723,0.099001,,,,true,,POST,http://20.210.36.32:8080/prediction/knn,HTTP/1.1,contacts,,200,,,http://20.210.36.32:8080/prediction/knn,,
http_req_failed,1678217723,0.000000,,,,true,,POST,http://20.210.36.32:8080/prediction/knn,HTTP/1.1,contacts,,200,,,http://20.210.36.32:8080/prediction/knn,,
responseTime,1678217723,1775.057267,,,,,,,,,contacts,,,,,,,
data_sent,1678217723,2088.000000,,,,,,,,,contacts,,,,,,,
data_received,1678217723,199.000000,,,,,,,,,contacts,,,,,,,
iteration_duration,1678217723,1779.813387,,,,,,,,,contacts,,,,,,,
iterations,1678217723,1.000000,,,,,,,,,contacts,,,,,,,
responseTime,1678217723,1763.721219,,,,,,,,,contacts,,,,,,,
data_sent,1678217723,2088.000000,,,,,,,,,contacts,,,,,,,
data_received,1678217723,199.000000,,,,,,,,,contacts,,,,,,,
iteration_duration,1678217723,1769.055143,,,,,,,,,contacts,,,,,,,
iterations,1678217723,1.000000,,,,,,,,,contacts,,,,,,,
http_reqs,1678217723,1.000000,,,,true,,POST,http://20.210.36.32:8080/prediction/knn,HTTP/1.1,contacts,,200,,,http://20.210.36.32:8080/prediction/knn,,
http_req_duration,1678217723,1843.067856,,,,true,,POST,http://20.210.36.32:8080/prediction/knn,HTTP/1.1,contacts,,200,,,http://20.210.36.32:8080/prediction/knn,,
http_req_blocked,1678217723,3.733916,,,,true,,POST,http://20.210.36.32:8080/prediction/knn,HTTP/1.1,contacts,,200,,,http://20.210.36.32:8080/prediction/knn,,
http_req_connecting,1678217723,3.684116,,,,true,,POST,http://20.210.36.32:8080/prediction/knn,HTTP/1.1,contacts,,200,,,http://20.210.36.32:8080/prediction/knn,,
http_req_tls_handshaking,1678217723,0.000000,,,,true,,POST,http://20.210.36.32:8080/prediction/knn,HTTP/1.1,contacts,,200,,,http://20.210.36.32:8080/prediction/knn,,
http_req_sending,1678217723,0.050400,,,,true,,POST,http://20.210.36.32:8080/prediction/knn,HTTP/1.1,contacts,,200,,,http://20.210.36.32:8080/prediction/knn,,
http_req_waiting,1678217723,1842.794955,,,,true,,POST,http://20.210.36.32:8080/prediction/knn,HTTP/1.1,contacts,,200,,,http://20.210.36.32:8080/prediction/knn,,
http_req_receiving,1678217723,0.222501,,,,true,,POST,http://20.210.36.32:8080/prediction/knn,HTTP/1.1,contacts,,200,,,http://20.210.36.32:8080/prediction/knn,,
http_req_failed,1678217723,0.000000,,,,true,,POST,http://20.210.36.32:8080/prediction/knn,HTTP/1.1,contacts,,200,,,http://20.210.36.32:8080/prediction/knn,,
http_reqs,1678217723,1.000000,,,,true,,POST,http://20.210.36.32:8080/prediction/knn,HTTP/1.1,contacts,,200,,,http://20.210.36.32:8080/prediction/knn,,
http_req_duration,1678217723,1702.171161,,,,true,,POST,http://20.210.36.32:8080/prediction/knn,HTTP/1.1,contacts,,200,,,http://20.210.36.32:8080/prediction/knn,,
http_req_blocked,1678217723,4.040317,,,,true,,POST,http://20.210.36.32:8080/prediction/knn,HTTP/1.1,contacts,,200,,,http://20.210.36.32:8080/prediction/knn,,
http_req_connecting,1678217723,3.989117,,,,true,,POST,http://20.210.36.32:8080/prediction/knn,HTTP/1.1,contacts,,200,,,http://20.210.36.32:8080/prediction/knn,,
http_req_tls_handshaking,1678217723,0.000000,,,,true,,POST,http://20.210.36.32:8080/prediction/knn,HTTP/1.1,contacts,,200,,,http://20.210.36.32:8080/prediction/knn,,
http_req_sending,1678217723,0.040600,,,,true,,POST,http://20.210.36.32:8080/prediction/knn,HTTP/1.1,contacts,,200,,,http://20.210.36.32:8080/prediction/knn,,
http_req_waiting,1678217723,1701.744759,,,,true,,POST,http://20.210.36.32:8080/prediction/knn,HTTP/1.1,contacts,,200,,,http://20.210.36.32:8080/prediction/knn,,
http_req_receiving,1678217723,0.385802,,,,true,,POST,http://20.210.36.32:8080/prediction/knn,HTTP/1.1,contacts,,200,,,http://20.210.36.32:8080/prediction/knn,,
http_req_failed,1678217723,0.000000,,,,true,,POST,http://20.210.36.32:8080/prediction/knn,HTTP/1.1,contacts,,200,,,http://20.210.36.32:8080/prediction/knn,,
responseTime,1678217723,1843.067856,,,,,,,,,contacts,,,,,,,
data_sent,1678217723,2088.000000,,,,,,,,,contacts,,,,,,,
data_received,1678217723,199.000000,,,,,,,,,contacts,,,,,,,
iteration_duration,1678217723,1847.482276,,,,,,,,,contacts,,,,,,,
iterations,1678217723,1.000000,,,,,,,,,contacts,,,,,,,
http_reqs,1678217723,1.000000,,,,true,,POST,http://20.210.36.32:8080/prediction/knn,HTTP/1.1,contacts,,200,,,http://20.210.36.32:8080/prediction/knn,,
http_req_duration,1678217723,1843.049457,,,,true,,POST,http://20.210.36.32:8080/prediction/knn,HTTP/1.1,contacts,,200,,,http://20.210.36.32:8080/prediction/knn,,
http_req_blocked,1678217723,4.021817,,,,true,,POST,http://20.210.36.32:8080/prediction/knn,HTTP/1.1,contacts,,200,,,http://20.210.36.32:8080/prediction/knn,,
http_req_connecting,1678217723,3.952217,,,,true,,POST,http://20.210.36.32:8080/prediction/knn,HTTP/1.1,contacts,,200,,,http://20.210.36.32:8080/prediction/knn,,
http_req_tls_handshaking,1678217723,0.000000,,,,true,,POST,http://20.210.36.32:8080/prediction/knn,HTTP/1.1,contacts,,200,,,http://20.210.36.32:8080/prediction/knn,,
http_req_sending,1678217723,0.062100,,,,true,,POST,http://20.210.36.32:8080/prediction/knn,HTTP/1.1,contacts,,200,,,http://20.210.36.32:8080/prediction/knn,,
http_req_waiting,1678217723,1842.202953,,,,true,,POST,http://20.210.36.32:8080/prediction/knn,HTTP/1.1,contacts,,200,,,http://20.210.36.32:8080/prediction/knn,,
http_req_receiving,1678217723,0.784404,,,,true,,POST,http://20.210.36.32:8080/prediction/knn,HTTP/1.1,contacts,,200,,,http://20.210.36.32:8080/prediction/knn,,
http_req_failed,1678217723,0.000000,,,,true,,POST,http://20.210.36.32:8080/prediction/knn,HTTP/1.1,contacts,,200,,,http://20.210.36.32:8080/prediction/knn,,
http_reqs,1678217723,1.000000,,,,true,,POST,http://20.210.36.32:8080/prediction/knn,HTTP/1.1,contacts,,200,,,http://20.210.36.32:8080/prediction/knn,,
http_req_duration,1678217723,1703.962170,,,,true,,POST,http://20.210.36.32:8080/prediction/knn,HTTP/1.1,contacts,,200,,,http://20.210.36.32:8080/prediction/knn,,
http_req_blocked,1678217723,3.630515,,,,true,,POST,http://20.210.36.32:8080/prediction/knn,HTTP/1.1,contacts,,200,,,http://20.210.36.32:8080/prediction/knn,,
http_req_connecting,1678217723,3.579915,,,,true,,POST,http://20.210.36.32:8080/prediction/knn,HTTP/1.1,contacts,,200,,,http://20.210.36.32:8080/prediction/knn,,
http_req_tls_handshaking,1678217723,0.000000,,,,true,,POST,http://20.210.36.32:8080/prediction/knn,HTTP/1.1,contacts,,200,,,http://20.210.36.32:8080/prediction/knn,,
http_req_sending,1678217723,0.054200,,,,true,,POST,http://20.210.36.32:8080/prediction/knn,HTTP/1.1,contacts,,200,,,http://20.210.36.32:8080/prediction/knn,,
http_req_waiting,1678217723,1703.094165,,,,true,,POST,http://20.210.36.32:8080/prediction/knn,HTTP/1.1,contacts,,200,,,http://20.210.36.32:8080/prediction/knn,,
http_req_receiving,1678217723,0.813805,,,,true,,POST,http://20.210.36.32:8080/prediction/knn,HTTP/1.1,contacts,,200,,,http://20.210.36.32:8080/prediction/knn,,
http_req_failed,1678217723,0.000000,,,,true,,POST,http://20.210.36.32:8080/prediction/knn,HTTP/1.1,contacts,,200,,,http://20.210.36.32:8080/prediction/knn,,
responseTime,1678217723,1702.171161,,,,,,,,,contacts,,,,,,,
data_sent,1678217723,2088.000000,,,,,,,,,contacts,,,,,,,
data_received,1678217723,199.000000,,,,,,,,,contacts,,,,,,,
iteration_duration,1678217723,1707.500785,,,,,,,,,contacts,,,,,,,
iterations,1678217723,1.000000,,,,,,,,,contacts,,,,,,,
http_reqs,1678217723,1.000000,,,,true,,POST,http://20.210.36.32:8080/prediction/knn,HTTP/1.1,contacts,,200,,,http://20.210.36.32:8080/prediction/knn,,
http_req_duration,1678217723,1704.385172,,,,true,,POST,http://20.210.36.32:8080/prediction/knn,HTTP/1.1,contacts,,200,,,http://20.210.36.32:8080/prediction/knn,,
http_req_blocked,1678217723,3.891916,,,,true,,POST,http://20.210.36.32:8080/prediction/knn,HTTP/1.1,contacts,,200,,,http://20.210.36.32:8080/prediction/knn,,
http_req_connecting,1678217723,3.794716,,,,true,,POST,http://20.210.36.32:8080/prediction/knn,HTTP/1.1,contacts,,200,,,http://20.210.36.32:8080/prediction/knn,,
http_req_tls_handshaking,1678217723,0.000000,,,,true,,POST,http://20.210.36.32:8080/prediction/knn,HTTP/1.1,contacts,,200,,,http://20.210.36.32:8080/prediction/knn,,
http_req_sending,1678217723,0.082300,,,,true,,POST,http://20.210.36.32:8080/prediction/knn,HTTP/1.1,contacts,,200,,,http://20.210.36.32:8080/prediction/knn,,
http_req_waiting,1678217723,1703.913070,,,,true,,POST,http://20.210.36.32:8080/prediction/knn,HTTP/1.1,contacts,,200,,,http://20.210.36.32:8080/prediction/knn,,
http_req_receiving,1678217723,0.389802,,,,true,,POST,http://20.210.36.32:8080/prediction/knn,HTTP/1.1,contacts,,200,,,http://20.210.36.32:8080/prediction/knn,,
http_req_failed,1678217723,0.000000,,,,true,,POST,http://20.210.36.32:8080/prediction/knn,HTTP/1.1,contacts,,200,,,http://20.210.36.32:8080/prediction/knn,,
responseTime,1678217723,1843.049457,,,,,,,,,contacts,,,,,,,
data_sent,1678217723,2088.000000,,,,,,,,,contacts,,,,,,,
data_received,1678217723,199.000000,,,,,,,,,contacts,,,,,,,
iteration_duration,1678217723,1848.039580,,,,,,,,,contacts,,,,,,,
iterations,1678217723,1.000000,,,,,,,,,contacts,,,,,,,
responseTime,1678217723,1703.962170,,,,,,,,,contacts,,,,,,,
data_sent,1678217723,2088.000000,,,,,,,,,contacts,,,,,,,
data_received,1678217723,199.000000,,,,,,,,,contacts,,,,,,,
iteration_duration,1678217723,1709.474895,,,,,,,,,contacts,,,,,,,
iterations,1678217723,1.000000,,,,,,,,,contacts,,,,,,,
responseTime,1678217723,1704.385172,,,,,,,,,contacts,,,,,,,
data_sent,1678217723,2088.000000,,,,,,,,,contacts,,,,,,,
data_received,1678217723,199.000000,,,,,,,,,contacts,,,,,,,
iteration_duration,1678217723,1709.983998,,,,,,,,,contacts,,,,,,,
iterations,1678217723,1.000000,,,,,,,,,contacts,,,,,,,
http_reqs,1678217723,1.000000,,,,true,,POST,http://20.210.36.32:8080/prediction/knn,HTTP/1.1,contacts,,200,,,http://20.210.36.32:8080/prediction/knn,,
http_req_duration,1678217723,1707.250288,,,,true,,POST,http://20.210.36.32:8080/prediction/knn,HTTP/1.1,contacts,,200,,,http://20.210.36.32:8080/prediction/knn,,
http_req_blocked,1678217723,1.958608,,,,true,,POST,http://20.210.36.32:8080/prediction/knn,HTTP/1.1,contacts,,200,,,http://20.210.36.32:8080/prediction/knn,,
http_req_connecting,1678217723,1.886508,,,,true,,POST,http://20.210.36.32:8080/prediction/knn,HTTP/1.1,contacts,,200,,,http://20.210.36.32:8080/prediction/knn,,
http_req_tls_handshaking,1678217723,0.000000,,,,true,,POST,http://20.210.36.32:8080/prediction/knn,HTTP/1.1,contacts,,200,,,http://20.210.36.32:8080/prediction/knn,,
http_req_sending,1678217723,0.068100,,,,true,,POST,http://20.210.36.32:8080/prediction/knn,HTTP/1.1,contacts,,200,,,http://20.210.36.32:8080/prediction/knn,,
http_req_waiting,1678217723,1706.910687,,,,true,,POST,http://20.210.36.32:8080/prediction/knn,HTTP/1.1,contacts,,200,,,http://20.210.36.32:8080/prediction/knn,,
http_req_receiving,1678217723,0.271501,,,,true,,POST,http://20.210.36.32:8080/prediction/knn,HTTP/1.1,contacts,,200,,,http://20.210.36.32:8080/prediction/knn,,
http_req_failed,1678217723,0.000000,,,,true,,POST,http://20.210.36.32:8080/prediction/knn,HTTP/1.1,contacts,,200,,,http://20.210.36.32:8080/prediction/knn,,
responseTime,1678217723,1707.250288,,,,,,,,,contacts,,,,,,,
data_sent,1678217723,2088.000000,,,,,,,,,contacts,,,,,,,
data_received,1678217723,199.000000,,,,,,,,,contacts,,,,,,,
iteration_duration,1678217723,1709.737799,,,,,,,,,contacts,,,,,,,
iterations,1678217723,1.000000,,,,,,,,,contacts,,,,,,,
http_reqs,1678217723,1.000000,,,,true,,POST,http://20.210.36.32:8080/prediction/knn,HTTP/1.1,contacts,,200,,,http://20.210.36.32:8080/prediction/knn,,
http_req_duration,1678217723,1771.291652,,,,true,,POST,http://20.210.36.32:8080/prediction/knn,HTTP/1.1,contacts,,200,,,http://20.210.36.32:8080/prediction/knn,,
http_req_blocked,1678217723,2.141509,,,,true,,POST,http://20.210.36.32:8080/prediction/knn,HTTP/1.1,contacts,,200,,,http://20.210.36.32:8080/prediction/knn,,
http_req_connecting,1678217723,2.090509,,,,true,,POST,http://20.210.36.32:8080/prediction/knn,HTTP/1.1,contacts,,200,,,http://20.210.36.32:8080/prediction/knn,,
http_req_tls_handshaking,1678217723,0.000000,,,,true,,POST,http://20.210.36.32:8080/prediction/knn,HTTP/1.1,contacts,,200,,,http://20.210.36.32:8080/prediction/knn,,
http_req_sending,1678217723,0.050000,,,,true,,POST,http://20.210.36.32:8080/prediction/knn,HTTP/1.1,contacts,,200,,,http://20.210.36.32:8080/prediction/knn,,
http_req_waiting,1678217723,1749.592832,,,,true,,POST,http://20.210.36.32:8080/prediction/knn,HTTP/1.1,contacts,,200,,,http://20.210.36.32:8080/prediction/knn,,
http_req_receiving,1678217723,21.648820,,,,true,,POST,http://20.210.36.32:8080/prediction/knn,HTTP/1.1,contacts,,200,,,http://20.210.36.32:8080/prediction/knn,,
http_req_failed,1678217723,0.000000,,,,true,,POST,http://20.210.36.32:8080/prediction/knn,HTTP/1.1,contacts,,200,,,http://20.210.36.32:8080/prediction/knn,,
responseTime,1678217723,1771.291652,,,,,,,,,contacts,,,,,,,
data_sent,1678217723,2088.000000,,,,,,,,,contacts,,,,,,,
data_received,1678217723,199.000000,,,,,,,,,contacts,,,,,,,
iteration_duration,1678217723,1773.761862,,,,,,,,,contacts,,,,,,,
iterations,1678217723,1.000000,,,,,,,,,contacts,,,,,,,
http_reqs,1678217723,1.000000,,,,true,,POST,http://20.210.36.32:8080/prediction/knn,HTTP/1.1,contacts,,200,,,http://20.210.36.32:8080/prediction/knn,,
http_req_duration,1678217723,1772.314657,,,,true,,POST,http://20.210.36.32:8080/prediction/knn,HTTP/1.1,contacts,,200,,,http://20.210.36.32:8080/prediction/knn,,
http_req_blocked,1678217723,2.012608,,,,true,,POST,http://20.210.36.32:8080/prediction/knn,HTTP/1.1,contacts,,200,,,http://20.210.36.32:8080/prediction/knn,,
http_req_connecting,1678217723,1.958708,,,,true,,POST,http://20.210.36.32:8080/prediction/knn,HTTP/1.1,contacts,,200,,,http://20.210.36.32:8080/prediction/knn,,
http_req_tls_handshaking,1678217723,0.000000,,,,true,,POST,http://20.210.36.32:8080/prediction/knn,HTTP/1.1,contacts,,200,,,http://20.210.36.32:8080/prediction/knn,,
http_req_sending,1678217723,0.033300,,,,true,,POST,http://20.210.36.32:8080/prediction/knn,HTTP/1.1,contacts,,200,,,http://20.210.36.32:8080/prediction/knn,,
http_req_waiting,1678217723,1772.161257,,,,true,,POST,http://20.210.36.32:8080/prediction/knn,HTTP/1.1,contacts,,200,,,http://20.210.36.32:8080/prediction/knn,,
http_req_receiving,1678217723,0.120100,,,,true,,POST,http://20.210.36.32:8080/prediction/knn,HTTP/1.1,contacts,,200,,,http://20.210.36.32:8080/prediction/knn,,
http_req_failed,1678217723,0.000000,,,,true,,POST,http://20.210.36.32:8080/prediction/knn,HTTP/1.1,contacts,,200,,,http://20.210.36.32:8080/prediction/knn,,
responseTime,1678217723,1772.314657,,,,,,,,,contacts,,,,,,,
data_sent,1678217723,2088.000000,,,,,,,,,contacts,,,,,,,
data_received,1678217723,199.000000,,,,,,,,,contacts,,,,,,,
iteration_duration,1678217723,1775.152870,,,,,,,,,contacts,,,,,,,
iterations,1678217723,1.000000,,,,,,,,,contacts,,,,,,,
http_reqs,1678217723,1.000000,,,,true,,POST,http://20.210.36.32:8080/prediction/knn,HTTP/1.1,contacts,,200,,,http://20.210.36.32:8080/prediction/knn,,
http_req_duration,1678217723,1793.885500,,,,true,,POST,http://20.210.36.32:8080/prediction/knn,HTTP/1.1,contacts,,200,,,http://20.210.36.32:8080/prediction/knn,,
http_req_blocked,1678217723,2.224409,,,,true,,POST,http://20.210.36.32:8080/prediction/knn,HTTP/1.1,contacts,,200,,,http://20.210.36.32:8080/prediction/knn,,
http_req_connecting,1678217723,2.131609,,,,true,,POST,http://20.210.36.32:8080/prediction/knn,HTTP/1.1,contacts,,200,,,http://20.210.36.32:8080/prediction/knn,,
http_req_tls_handshaking,1678217723,0.000000,,,,true,,POST,http://20.210.36.32:8080/prediction/knn,HTTP/1.1,contacts,,200,,,http://20.210.36.32:8080/prediction/knn,,
http_req_sending,1678217723,0.096400,,,,true,,POST,http://20.210.36.32:8080/prediction/knn,HTTP/1.1,contacts,,200,,,http://20.210.36.32:8080/prediction/knn,,
http_req_waiting,1678217723,1772.204381,,,,true,,POST,http://20.210.36.32:8080/prediction/knn,HTTP/1.1,contacts,,200,,,http://20.210.36.32:8080/prediction/knn,,
http_req_receiving,1678217723,21.584719,,,,true,,POST,http://20.210.36.32:8080/prediction/knn,HTTP/1.1,contacts,,200,,,http://20.210.36.32:8080/prediction/knn,,
http_req_failed,1678217723,0.000000,,,,true,,POST,http://20.210.36.32:8080/prediction/knn,HTTP/1.1,contacts,,200,,,http://20.210.36.32:8080/prediction/knn,,
responseTime,1678217723,1793.885500,,,,,,,,,contacts,,,,,,,
data_sent,1678217723,2088.000000,,,,,,,,,contacts,,,,,,,
data_received,1678217723,199.000000,,,,,,,,,contacts,,,,,,,
iteration_duration,1678217723,1796.516711,,,,,,,,,contacts,,,,,,,
iterations,1678217723,1.000000,,,,,,,,,contacts,,,,,,,
http_reqs,1678217723,1.000000,,,,true,,POST,http://20.210.36.32:8080/prediction/knn,HTTP/1.1,contacts,,200,,,http://20.210.36.32:8080/prediction/knn,,
http_req_duration,1678217723,1850.170276,,,,true,,POST,http://20.210.36.32:8080/prediction/knn,HTTP/1.1,contacts,,200,,,http://20.210.36.32:8080/prediction/knn,,
http_req_blocked,1678217723,3.924616,,,,true,,POST,http://20.210.36.32:8080/prediction/knn,HTTP/1.1,contacts,,200,,,http://20.210.36.32:8080/prediction/knn,,
http_req_connecting,1678217723,3.870216,,,,true,,POST,http://20.210.36.32:8080/prediction/knn,HTTP/1.1,contacts,,200,,,http://20.210.36.32:8080/prediction/knn,,
http_req_tls_handshaking,1678217723,0.000000,,,,true,,POST,http://20.210.36.32:8080/prediction/knn,HTTP/1.1,contacts,,200,,,http://20.210.36.32:8080/prediction/knn,,
http_req_sending,1678217723,0.054900,,,,true,,POST,http://20.210.36.32:8080/prediction/knn,HTTP/1.1,contacts,,200,,,http://20.210.36.32:8080/prediction/knn,,
http_req_waiting,1678217723,1850.026576,,,,true,,POST,http://20.210.36.32:8080/prediction/knn,HTTP/1.1,contacts,,200,,,http://20.210.36.32:8080/prediction/knn,,
http_req_receiving,1678217723,0.088800,,,,true,,POST,http://20.210.36.32:8080/prediction/knn,HTTP/1.1,contacts,,200,,,http://20.210.36.32:8080/prediction/knn,,
http_req_failed,1678217723,0.000000,,,,true,,POST,http://20.210.36.32:8080/prediction/knn,HTTP/1.1,contacts,,200,,,http://20.210.36.32:8080/prediction/knn,,
responseTime,1678217723,1850.170276,,,,,,,,,contacts,,,,,,,
data_sent,1678217723,2088.000000,,,,,,,,,contacts,,,,,,,
data_received,1678217723,199.000000,,,,,,,,,contacts,,,,,,,
iteration_duration,1678217723,1854.571295,,,,,,,,,contacts,,,,,,,
iterations,1678217723,1.000000,,,,,,,,,contacts,,,,,,,
http_reqs,1678217723,1.000000,,,,true,,POST,http://20.210.36.32:8080/prediction/knn,HTTP/1.1,contacts,,200,,,http://20.210.36.32:8080/prediction/knn,,
http_req_duration,1678217723,1836.248544,,,,true,,POST,http://20.210.36.32:8080/prediction/knn,HTTP/1.1,contacts,,200,,,http://20.210.36.32:8080/prediction/knn,,
http_req_blocked,1678217723,1.947209,,,,true,,POST,http://20.210.36.32:8080/prediction/knn,HTTP/1.1,contacts,,200,,,http://20.210.36.32:8080/prediction/knn,,
http_req_connecting,1678217723,1.888308,,,,true,,POST,http://20.210.36.32:8080/prediction/knn,HTTP/1.1,contacts,,200,,,http://20.210.36.32:8080/prediction/knn,,
http_req_tls_handshaking,1678217723,0.000000,,,,true,,POST,http://20.210.36.32:8080/prediction/knn,HTTP/1.1,contacts,,200,,,http://20.210.36.32:8080/prediction/knn,,
http_req_sending,1678217723,0.058100,,,,true,,POST,http://20.210.36.32:8080/prediction/knn,HTTP/1.1,contacts,,200,,,http://20.210.36.32:8080/prediction/knn,,
http_req_waiting,1678217723,1823.557374,,,,true,,POST,http://20.210.36.32:8080/prediction/knn,HTTP/1.1,contacts,,200,,,http://20.210.36.32:8080/prediction/knn,,
http_req_receiving,1678217723,12.633070,,,,true,,POST,http://20.210.36.32:8080/prediction/knn,HTTP/1.1,contacts,,200,,,http://20.210.36.32:8080/prediction/knn,,
http_req_failed,1678217723,0.000000,,,,true,,POST,http://20.210.36.32:8080/prediction/knn,HTTP/1.1,contacts,,200,,,http://20.210.36.32:8080/prediction/knn,,
responseTime,1678217723,1836.248544,,,,,,,,,contacts,,,,,,,
data_sent,1678217723,2088.000000,,,,,,,,,contacts,,,,,,,
data_received,1678217723,199.000000,,,,,,,,,contacts,,,,,,,
iteration_duration,1678217723,1838.599155,,,,,,,,,contacts,,,,,,,
iterations,1678217723,1.000000,,,,,,,,,contacts,,,,,,,
http_reqs,1678217723,1.000000,,,,true,,POST,http://20.210.36.32:8080/prediction/knn,HTTP/1.1,contacts,,200,,,http://20.210.36.32:8080/prediction/knn,,
http_req_duration,1678217723,1790.274558,,,,true,,POST,http://20.210.36.32:8080/prediction/knn,HTTP/1.1,contacts,,200,,,http://20.210.36.32:8080/prediction/knn,,
http_req_blocked,1678217723,2.203509,,,,true,,POST,http://20.210.36.32:8080/prediction/knn,HTTP/1.1,contacts,,200,,,http://20.210.36.32:8080/prediction/knn,,
http_req_connecting,1678217723,2.096009,,,,true,,POST,http://20.210.36.32:8080/prediction/knn,HTTP/1.1,contacts,,200,,,http://20.210.36.32:8080/prediction/knn,,
http_req_tls_handshaking,1678217723,0.000000,,,,true,,POST,http://20.210.36.32:8080/prediction/knn,HTTP/1.1,contacts,,200,,,http://20.210.36.32:8080/prediction/knn,,
http_req_sending,1678217723,0.117000,,,,true,,POST,http://20.210.36.32:8080/prediction/knn,HTTP/1.1,contacts,,200,,,http://20.210.36.32:8080/prediction/knn,,
http_req_waiting,1678217723,1789.661655,,,,true,,POST,http://20.210.36.32:8080/prediction/knn,HTTP/1.1,contacts,,200,,,http://20.210.36.32:8080/prediction/knn,,
http_req_receiving,1678217723,0.495903,,,,true,,POST,http://20.210.36.32:8080/prediction/knn,HTTP/1.1,contacts,,200,,,http://20.210.36.32:8080/prediction/knn,,
http_req_failed,1678217723,0.000000,,,,true,,POST,http://20.210.36.32:8080/prediction/knn,HTTP/1.1,contacts,,200,,,http://20.210.36.32:8080/prediction/knn,,
responseTime,1678217723,1790.274558,,,,,,,,,contacts,,,,,,,
data_sent,1678217723,2088.000000,,,,,,,,,contacts,,,,,,,
data_received,1678217723,199.000000,,,,,,,,,contacts,,,,,,,
iteration_duration,1678217723,1792.852569,,,,,,,,,contacts,,,,,,,
iterations,1678217723,1.000000,,,,,,,,,contacts,,,,,,,
http_reqs,1678217723,1.000000,,,,true,,POST,http://20.210.36.32:8080/prediction/knn,HTTP/1.1,contacts,,200,,,http://20.210.36.32:8080/prediction/knn,,
http_req_duration,1678217723,1847.588317,,,,true,,POST,http://20.210.36.32:8080/prediction/knn,HTTP/1.1,contacts,,200,,,http://20.210.36.32:8080/prediction/knn,,
http_req_blocked,1678217723,1.920008,,,,true,,POST,http://20.210.36.32:8080/prediction/knn,HTTP/1.1,contacts,,200,,,http://20.210.36.32:8080/prediction/knn,,
http_req_connecting,1678217723,1.852908,,,,true,,POST,http://20.210.36.32:8080/prediction/knn,HTTP/1.1,contacts,,200,,,http://20.210.36.32:8080/prediction/knn,,
http_req_tls_handshaking,1678217723,0.000000,,,,true,,POST,http://20.210.36.32:8080/prediction/knn,HTTP/1.1,contacts,,200,,,http://20.210.36.32:8080/prediction/knn,,
http_req_sending,1678217723,0.058900,,,,true,,POST,http://20.210.36.32:8080/prediction/knn,HTTP/1.1,contacts,,200,,,http://20.210.36.32:8080/prediction/knn,,
http_req_waiting,1678217723,1845.855308,,,,true,,POST,http://20.210.36.32:8080/prediction/knn,HTTP/1.1,contacts,,200,,,http://20.210.36.32:8080/prediction/knn,,
http_req_receiving,1678217723,1.674109,,,,true,,POST,http://20.210.36.32:8080/prediction/knn,HTTP/1.1,contacts,,200,,,http://20.210.36.32:8080/prediction/knn,,
http_req_failed,1678217723,0.000000,,,,true,,POST,http://20.210.36.32:8080/prediction/knn,HTTP/1.1,contacts,,200,,,http://20.210.36.32:8080/prediction/knn,,
responseTime,1678217723,1847.588317,,,,,,,,,contacts,,,,,,,
data_sent,1678217723,2088.000000,,,,,,,,,contacts,,,,,,,
data_received,1678217723,199.000000,,,,,,,,,contacts,,,,,,,
iteration_duration,1678217723,1849.848327,,,,,,,,,contacts,,,,,,,
iterations,1678217723,1.000000,,,,,,,,,contacts,,,,,,,
http_reqs,1678217723,1.000000,,,,true,,POST,http://20.210.36.32:8080/prediction/knn,HTTP/1.1,contacts,,200,,,http://20.210.36.32:8080/prediction/knn,,
http_req_duration,1678217723,1777.801638,,,,true,,POST,http://20.210.36.32:8080/prediction/knn,HTTP/1.1,contacts,,200,,,http://20.210.36.32:8080/prediction/knn,,
http_req_blocked,1678217723,2.300209,,,,true,,POST,http://20.210.36.32:8080/prediction/knn,HTTP/1.1,contacts,,200,,,http://20.210.36.32:8080/prediction/knn,,
http_req_connecting,1678217723,2.227509,,,,true,,POST,http://20.210.36.32:8080/prediction/knn,HTTP/1.1,contacts,,200,,,http://20.210.36.32:8080/prediction/knn,,
http_req_tls_handshaking,1678217723,0.000000,,,,true,,POST,http://20.210.36.32:8080/prediction/knn,HTTP/1.1,contacts,,200,,,http://20.210.36.32:8080/prediction/knn,,
http_req_sending,1678217723,0.069600,,,,true,,POST,http://20.210.36.32:8080/prediction/knn,HTTP/1.1,contacts,,200,,,http://20.210.36.32:8080/prediction/knn,,
http_req_waiting,1678217723,1772.124707,,,,true,,POST,http://20.210.36.32:8080/prediction/knn,HTTP/1.1,contacts,,200,,,http://20.210.36.32:8080/prediction/knn,,
http_req_receiving,1678217723,5.607331,,,,true,,POST,http://20.210.36.32:8080/prediction/knn,HTTP/1.1,contacts,,200,,,http://20.210.36.32:8080/prediction/knn,,
http_req_failed,1678217723,0.000000,,,,true,,POST,http://20.210.36.32:8080/prediction/knn,HTTP/1.1,contacts,,200,,,http://20.210.36.32:8080/prediction/knn,,
responseTime,1678217723,1777.801638,,,,,,,,,contacts,,,,,,,
data_sent,1678217723,2088.000000,,,,,,,,,contacts,,,,,,,
data_received,1678217723,199.000000,,,,,,,,,contacts,,,,,,,
iteration_duration,1678217723,1780.476449,,,,,,,,,contacts,,,,,,,
iterations,1678217723,1.000000,,,,,,,,,contacts,,,,,,,
http_reqs,1678217724,1.000000,,,,true,,POST,http://20.210.36.32:8080/prediction/knn,HTTP/1.1,contacts,,200,,,http://20.210.36.32:8080/prediction/knn,,
http_req_duration,1678217724,1919.165876,,,,true,,POST,http://20.210.36.32:8080/prediction/knn,HTTP/1.1,contacts,,200,,,http://20.210.36.32:8080/prediction/knn,,
http_req_blocked,1678217724,2.178809,,,,true,,POST,http://20.210.36.32:8080/prediction/knn,HTTP/1.1,contacts,,200,,,http://20.210.36.32:8080/prediction/knn,,
http_req_connecting,1678217724,2.083809,,,,true,,POST,http://20.210.36.32:8080/prediction/knn,HTTP/1.1,contacts,,200,,,http://20.210.36.32:8080/prediction/knn,,
http_req_tls_handshaking,1678217724,0.000000,,,,true,,POST,http://20.210.36.32:8080/prediction/knn,HTTP/1.1,contacts,,200,,,http://20.210.36.32:8080/prediction/knn,,
http_req_sending,1678217724,0.097800,,,,true,,POST,http://20.210.36.32:8080/prediction/knn,HTTP/1.1,contacts,,200,,,http://20.210.36.32:8080/prediction/knn,,
http_req_waiting,1678217724,1917.192965,,,,true,,POST,http://20.210.36.32:8080/prediction/knn,HTTP/1.1,contacts,,200,,,http://20.210.36.32:8080/prediction/knn,,
http_req_receiving,1678217724,1.875111,,,,true,,POST,http://20.210.36.32:8080/prediction/knn,HTTP/1.1,contacts,,200,,,http://20.210.36.32:8080/prediction/knn,,
http_req_failed,1678217724,0.000000,,,,true,,POST,http://20.210.36.32:8080/prediction/knn,HTTP/1.1,contacts,,200,,,http://20.210.36.32:8080/prediction/knn,,
responseTime,1678217724,1919.165876,,,,,,,,,contacts,,,,,,,
data_sent,1678217724,2088.000000,,,,,,,,,contacts,,,,,,,
data_received,1678217724,199.000000,,,,,,,,,contacts,,,,,,,
iteration_duration,1678217724,1921.829487,,,,,,,,,contacts,,,,,,,
iterations,1678217724,1.000000,,,,,,,,,contacts,,,,,,,
http_reqs,1678217724,1.000000,,,,true,,POST,http://20.210.36.32:8080/prediction/knn,HTTP/1.1,contacts,,200,,,http://20.210.36.32:8080/prediction/knn,,
http_req_duration,1678217724,1882.660352,,,,true,,POST,http://20.210.36.32:8080/prediction/knn,HTTP/1.1,contacts,,200,,,http://20.210.36.32:8080/prediction/knn,,
http_req_blocked,1678217724,2.064208,,,,true,,POST,http://20.210.36.32:8080/prediction/knn,HTTP/1.1,contacts,,200,,,http://20.210.36.32:8080/prediction/knn,,
http_req_connecting,1678217724,1.993208,,,,true,,POST,http://20.210.36.32:8080/prediction/knn,HTTP/1.1,contacts,,200,,,http://20.210.36.32:8080/prediction/knn,,
http_req_tls_handshaking,1678217724,0.000000,,,,true,,POST,http://20.210.36.32:8080/prediction/knn,HTTP/1.1,contacts,,200,,,http://20.210.36.32:8080/prediction/knn,,
http_req_sending,1678217724,0.051700,,,,true,,POST,http://20.210.36.32:8080/prediction/knn,HTTP/1.1,contacts,,200,,,http://20.210.36.32:8080/prediction/knn,,
http_req_waiting,1678217724,1874.368806,,,,true,,POST,http://20.210.36.32:8080/prediction/knn,HTTP/1.1,contacts,,200,,,http://20.210.36.32:8080/prediction/knn,,
http_req_receiving,1678217724,8.239846,,,,true,,POST,http://20.210.36.32:8080/prediction/knn,HTTP/1.1,contacts,,200,,,http://20.210.36.32:8080/prediction/knn,,
http_req_failed,1678217724,0.000000,,,,true,,POST,http://20.210.36.32:8080/prediction/knn,HTTP/1.1,contacts,,200,,,http://20.210.36.32:8080/prediction/knn,,
responseTime,1678217724,1882.660352,,,,,,,,,contacts,,,,,,,
data_sent,1678217724,2088.000000,,,,,,,,,contacts,,,,,,,
data_received,1678217724,199.000000,,,,,,,,,contacts,,,,,,,
iteration_duration,1678217724,1885.096861,,,,,,,,,contacts,,,,,,,
iterations,1678217724,1.000000,,,,,,,,,contacts,,,,,,,
http_reqs,1678217724,1.000000,,,,true,,POST,http://20.210.36.32:8080/prediction/knn,HTTP/1.1,contacts,,200,,,http://20.210.36.32:8080/prediction/knn,,
http_req_duration,1678217724,1914.922528,,,,true,,POST,http://20.210.36.32:8080/prediction/knn,HTTP/1.1,contacts,,200,,,http://20.210.36.32:8080/prediction/knn,,
http_req_blocked,1678217724,1.978809,,,,true,,POST,http://20.210.36.32:8080/prediction/knn,HTTP/1.1,contacts,,200,,,http://20.210.36.32:8080/prediction/knn,,
http_req_connecting,1678217724,1.921108,,,,true,,POST,http://20.210.36.32:8080/prediction/knn,HTTP/1.1,contacts,,200,,,http://20.210.36.32:8080/prediction/knn,,
http_req_tls_handshaking,1678217724,0.000000,,,,true,,POST,http://20.210.36.32:8080/prediction/knn,HTTP/1.1,contacts,,200,,,http://20.210.36.32:8080/prediction/knn,,
http_req_sending,1678217724,0.043100,,,,true,,POST,http://20.210.36.32:8080/prediction/knn,HTTP/1.1,contacts,,200,,,http://20.210.36.32:8080/prediction/knn,,
http_req_waiting,1678217724,1903.682166,,,,true,,POST,http://20.210.36.32:8080/prediction/knn,HTTP/1.1,contacts,,200,,,http://20.210.36.32:8080/prediction/knn,,
http_req_receiving,1678217724,11.197262,,,,true,,POST,http://20.210.36.32:8080/prediction/knn,HTTP/1.1,contacts,,200,,,http://20.210.36.32:8080/prediction/knn,,
http_req_failed,1678217724,0.000000,,,,true,,POST,http://20.210.36.32:8080/prediction/knn,HTTP/1.1,contacts,,200,,,http://20.210.36.32:8080/prediction/knn,,
responseTime,1678217724,1914.922528,,,,,,,,,contacts,,,,,,,
data_sent,1678217724,2088.000000,,,,,,,,,contacts,,,,,,,
data_received,1678217724,199.000000,,,,,,,,,contacts,,,,,,,
iteration_duration,1678217724,1917.278739,,,,,,,,,contacts,,,,,,,
iterations,1678217724,1.000000,,,,,,,,,contacts,,,,,,,
http_reqs,1678217724,1.000000,,,,true,,POST,http://20.210.36.32:8080/prediction/knn,HTTP/1.1,contacts,,200,,,http://20.210.36.32:8080/prediction/knn,,
http_req_duration,1678217724,1909.639127,,,,true,,POST,http://20.210.36.32:8080/prediction/knn,HTTP/1.1,contacts,,200,,,http://20.210.36.32:8080/prediction/knn,,
http_req_blocked,1678217724,2.814311,,,,true,,POST,http://20.210.36.32:8080/prediction/knn,HTTP/1.1,contacts,,200,,,http://20.210.36.32:8080/prediction/knn,,
http_req_connecting,1678217724,2.756811,,,,true,,POST,http://20.210.36.32:8080/prediction/knn,HTTP/1.1,contacts,,200,,,http://20.210.36.32:8080/prediction/knn,,
http_req_tls_handshaking,1678217724,0.000000,,,,true,,POST,http://20.210.36.32:8080/prediction/knn,HTTP/1.1,contacts,,200,,,http://20.210.36.32:8080/prediction/knn,,
http_req_sending,1678217724,0.060601,,,,true,,POST,http://20.210.36.32:8080/prediction/knn,HTTP/1.1,contacts,,200,,,http://20.210.36.32:8080/prediction/knn,,
http_req_waiting,1678217724,1909.378924,,,,true,,POST,http://20.210.36.32:8080/prediction/knn,HTTP/1.1,contacts,,200,,,http://20.210.36.32:8080/prediction/knn,,
http_req_receiving,1678217724,0.199602,,,,true,,POST,http://20.210.36.32:8080/prediction/knn,HTTP/1.1,contacts,,200,,,http://20.210.36.32:8080/prediction/knn,,
http_req_failed,1678217724,0.000000,,,,true,,POST,http://20.210.36.32:8080/prediction/knn,HTTP/1.1,contacts,,200,,,http://20.210.36.32:8080/prediction/knn,,
responseTime,1678217724,1909.639127,,,,,,,,,contacts,,,,,,,
data_sent,1678217724,2088.000000,,,,,,,,,contacts,,,,,,,
data_received,1678217724,199.000000,,,,,,,,,contacts,,,,,,,
iteration_duration,1678217724,1913.107242,,,,,,,,,contacts,,,,,,,
iterations,1678217724,1.000000,,,,,,,,,contacts,,,,,,,
http_reqs,1678217724,1.000000,,,,true,,POST,http://20.210.36.32:8080/prediction/knn,HTTP/1.1,contacts,,200,,,http://20.210.36.32:8080/prediction/knn,,
http_req_duration,1678217724,1965.469886,,,,true,,POST,http://20.210.36.32:8080/prediction/knn,HTTP/1.1,contacts,,200,,,http://20.210.36.32:8080/prediction/knn,,
http_req_blocked,1678217724,2.165109,,,,true,,POST,http://20.210.36.32:8080/prediction/knn,HTTP/1.1,contacts,,200,,,http://20.210.36.32:8080/prediction/knn,,
http_req_connecting,1678217724,2.086509,,,,true,,POST,http://20.210.36.32:8080/prediction/knn,HTTP/1.1,contacts,,200,,,http://20.210.36.32:8080/prediction/knn,,
http_req_tls_handshaking,1678217724,0.000000,,,,true,,POST,http://20.210.36.32:8080/prediction/knn,HTTP/1.1,contacts,,200,,,http://20.210.36.32:8080/prediction/knn,,
http_req_sending,1678217724,0.066400,,,,true,,POST,http://20.210.36.32:8080/prediction/knn,HTTP/1.1,contacts,,200,,,http://20.210.36.32:8080/prediction/knn,,
http_req_waiting,1678217724,1965.322486,,,,true,,POST,http://20.210.36.32:8080/prediction/knn,HTTP/1.1,contacts,,200,,,http://20.210.36.32:8080/prediction/knn,,
http_req_receiving,1678217724,0.081000,,,,true,,POST,http://20.210.36.32:8080/prediction/knn,HTTP/1.1,contacts,,200,,,http://20.210.36.32:8080/prediction/knn,,
http_req_failed,1678217724,0.000000,,,,true,,POST,http://20.210.36.32:8080/prediction/knn,HTTP/1.1,contacts,,200,,,http://20.210.36.32:8080/prediction/knn,,
responseTime,1678217724,1965.469886,,,,,,,,,contacts,,,,,,,
data_sent,1678217724,2088.000000,,,,,,,,,contacts,,,,,,,
data_received,1678217724,199.000000,,,,,,,,,contacts,,,,,,,
iteration_duration,1678217724,1968.004497,,,,,,,,,contacts,,,,,,,
iterations,1678217724,1.000000,,,,,,,,,contacts,,,,,,,
http_reqs,1678217724,1.000000,,,,true,,POST,http://20.210.36.32:8080/prediction/knn,HTTP/1.1,contacts,,200,,,http://20.210.36.32:8080/prediction/knn,,
http_req_duration,1678217724,1913.298480,,,,true,,POST,http://20.210.36.32:8080/prediction/knn,HTTP/1.1,contacts,,200,,,http://20.210.36.32:8080/prediction/knn,,
http_req_blocked,1678217724,2.242509,,,,true,,POST,http://20.210.36.32:8080/prediction/knn,HTTP/1.1,contacts,,200,,,http://20.210.36.32:8080/prediction/knn,,
http_req_connecting,1678217724,2.172709,,,,true,,POST,http://20.210.36.32:8080/prediction/knn,HTTP/1.1,contacts,,200,,,http://20.210.36.32:8080/prediction/knn,,
http_req_tls_handshaking,1678217724,0.000000,,,,true,,POST,http://20.210.36.32:8080/prediction/knn,HTTP/1.1,contacts,,200,,,http://20.210.36.32:8080/prediction/knn,,
http_req_sending,1678217724,0.064100,,,,true,,POST,http://20.210.36.32:8080/prediction/knn,HTTP/1.1,contacts,,200,,,http://20.210.36.32:8080/prediction/knn,,
http_req_waiting,1678217724,1913.147280,,,,true,,POST,http://20.210.36.32:8080/prediction/knn,HTTP/1.1,contacts,,200,,,http://20.210.36.32:8080/prediction/knn,,
http_req_receiving,1678217724,0.087100,,,,true,,POST,http://20.210.36.32:8080/prediction/knn,HTTP/1.1,contacts,,200,,,http://20.210.36.32:8080/prediction/knn,,
http_req_failed,1678217724,0.000000,,,,true,,POST,http://20.210.36.32:8080/prediction/knn,HTTP/1.1,contacts,,200,,,http://20.210.36.32:8080/prediction/knn,,
responseTime,1678217724,1913.298480,,,,,,,,,contacts,,,,,,,
data_sent,1678217724,2088.000000,,,,,,,,,contacts,,,,,,,
data_received,1678217724,199.000000,,,,,,,,,contacts,,,,,,,
iteration_duration,1678217724,1915.916992,,,,,,,,,contacts,,,,,,,
iterations,1678217724,1.000000,,,,,,,,,contacts,,,,,,,
http_reqs,1678217724,1.000000,,,,true,,POST,http://20.210.36.32:8080/prediction/knn,HTTP/1.1,contacts,,200,,,http://20.210.36.32:8080/prediction/knn,,
http_req_duration,1678217724,1939.126391,,,,true,,POST,http://20.210.36.32:8080/prediction/knn,HTTP/1.1,contacts,,200,,,http://20.210.36.32:8080/prediction/knn,,
http_req_blocked,1678217724,2.110909,,,,true,,POST,http://20.210.36.32:8080/prediction/knn,HTTP/1.1,contacts,,200,,,http://20.210.36.32:8080/prediction/knn,,
http_req_connecting,1678217724,2.033208,,,,true,,POST,http://20.210.36.32:8080/prediction/knn,HTTP/1.1,contacts,,200,,,http://20.210.36.32:8080/prediction/knn,,
http_req_tls_handshaking,1678217724,0.000000,,,,true,,POST,http://20.210.36.32:8080/prediction/knn,HTTP/1.1,contacts,,200,,,http://20.210.36.32:8080/prediction/knn,,
http_req_sending,1678217724,0.064901,,,,true,,POST,http://20.210.36.32:8080/prediction/knn,HTTP/1.1,contacts,,200,,,http://20.210.36.32:8080/prediction/knn,,
http_req_waiting,1678217724,1938.990690,,,,true,,POST,http://20.210.36.32:8080/prediction/knn,HTTP/1.1,contacts,,200,,,http://20.210.36.32:8080/prediction/knn,,
http_req_receiving,1678217724,0.070800,,,,true,,POST,http://20.210.36.32:8080/prediction/knn,HTTP/1.1,contacts,,200,,,http://20.210.36.32:8080/prediction/knn,,
http_req_failed,1678217724,0.000000,,,,true,,POST,http://20.210.36.32:8080/prediction/knn,HTTP/1.1,contacts,,200,,,http://20.210.36.32:8080/prediction/knn,,
responseTime,1678217724,1939.126391,,,,,,,,,contacts,,,,,,,
data_sent,1678217724,2088.000000,,,,,,,,,contacts,,,,,,,
data_received,1678217724,199.000000,,,,,,,,,contacts,,,,,,,
iteration_duration,1678217724,1941.742903,,,,,,,,,contacts,,,,,,,
iterations,1678217724,1.000000,,,,,,,,,contacts,,,,,,,
http_reqs,1678217724,1.000000,,,,true,,POST,http://20.210.36.32:8080/prediction/knn,HTTP/1.1,contacts,,200,,,http://20.210.36.32:8080/prediction/knn,,
http_req_duration,1678217724,1869.917612,,,,true,,POST,http://20.210.36.32:8080/prediction/knn,HTTP/1.1,contacts,,200,,,http://20.210.36.32:8080/prediction/knn,,
http_req_blocked,1678217724,2.305010,,,,true,,POST,http://20.210.36.32:8080/prediction/knn,HTTP/1.1,contacts,,200,,,http://20.210.36.32:8080/prediction/knn,,
http_req_connecting,1678217724,2.210209,,,,true,,POST,http://20.210.36.32:8080/prediction/knn,HTTP/1.1,contacts,,200,,,http://20.210.36.32:8080/prediction/knn,,
http_req_tls_handshaking,1678217724,0.000000,,,,true,,POST,http://20.210.36.32:8080/prediction/knn,HTTP/1.1,contacts,,200,,,http://20.210.36.32:8080/prediction/knn,,
http_req_sending,1678217724,0.069600,,,,true,,POST,http://20.210.36.32:8080/prediction/knn,HTTP/1.1,contacts,,200,,,http://20.210.36.32:8080/prediction/knn,,
http_req_waiting,1678217724,1869.779111,,,,true,,POST,http://20.210.36.32:8080/prediction/knn,HTTP/1.1,contacts,,200,,,http://20.210.36.32:8080/prediction/knn,,
http_req_receiving,1678217724,0.068901,,,,true,,POST,http://20.210.36.32:8080/prediction/knn,HTTP/1.1,contacts,,200,,,http://20.210.36.32:8080/prediction/knn,,
http_req_failed,1678217724,0.000000,,,,true,,POST,http://20.210.36.32:8080/prediction/knn,HTTP/1.1,contacts,,200,,,http://20.210.36.32:8080/prediction/knn,,
responseTime,1678217724,1869.917612,,,,,,,,,contacts,,,,,,,
data_sent,1678217724,2088.000000,,,,,,,,,contacts,,,,,,,
data_received,1678217724,199.000000,,,,,,,,,contacts,,,,,,,
iteration_duration,1678217724,1872.725124,,,,,,,,,contacts,,,,,,,
iterations,1678217724,1.000000,,,,,,,,,contacts,,,,,,,
http_reqs,1678217724,1.000000,,,,true,,POST,http://20.210.36.32:8080/prediction/knn,HTTP/1.1,contacts,,200,,,http://20.210.36.32:8080/prediction/knn,,
http_req_duration,1678217724,1954.344643,,,,true,,POST,http://20.210.36.32:8080/prediction/knn,HTTP/1.1,contacts,,200,,,http://20.210.36.32:8080/prediction/knn,,
http_req_blocked,1678217724,2.148609,,,,true,,POST,http://20.210.36.32:8080/prediction/knn,HTTP/1.1,contacts,,200,,,http://20.210.36.32:8080/prediction/knn,,
http_req_connecting,1678217724,2.095809,,,,true,,POST,http://20.210.36.32:8080/prediction/knn,HTTP/1.1,contacts,,200,,,http://20.210.36.32:8080/prediction/knn,,
http_req_tls_handshaking,1678217724,0.000000,,,,true,,POST,http://20.210.36.32:8080/prediction/knn,HTTP/1.1,contacts,,200,,,http://20.210.36.32:8080/prediction/knn,,
http_req_sending,1678217724,0.063601,,,,true,,POST,http://20.210.36.32:8080/prediction/knn,HTTP/1.1,contacts,,200,,,http://20.210.36.32:8080/prediction/knn,,
http_req_waiting,1678217724,1954.166142,,,,true,,POST,http://20.210.36.32:8080/prediction/knn,HTTP/1.1,contacts,,200,,,http://20.210.36.32:8080/prediction/knn,,
http_req_receiving,1678217724,0.114900,,,,true,,POST,http://20.210.36.32:8080/prediction/knn,HTTP/1.1,contacts,,200,,,http://20.210.36.32:8080/prediction/knn,,
http_req_failed,1678217724,0.000000,,,,true,,POST,http://20.210.36.32:8080/prediction/knn,HTTP/1.1,contacts,,200,,,http://20.210.36.32:8080/prediction/knn,,
responseTime,1678217724,1954.344643,,,,,,,,,contacts,,,,,,,
data_sent,1678217724,2088.000000,,,,,,,,,contacts,,,,,,,
data_received,1678217724,199.000000,,,,,,,,,contacts,,,,,,,
iteration_duration,1678217724,1956.919854,,,,,,,,,contacts,,,,,,,
iterations,1678217724,1.000000,,,,,,,,,contacts,,,,,,,
http_reqs,1678217724,1.000000,,,,true,,POST,http://20.210.36.32:8080/prediction/knn,HTTP/1.1,contacts,,200,,,http://20.210.36.32:8080/prediction/knn,,
http_req_duration,1678217724,1902.303333,,,,true,,POST,http://20.210.36.32:8080/prediction/knn,HTTP/1.1,contacts,,200,,,http://20.210.36.32:8080/prediction/knn,,
http_req_blocked,1678217724,2.260209,,,,true,,POST,http://20.210.36.32:8080/prediction/knn,HTTP/1.1,contacts,,200,,,http://20.210.36.32:8080/prediction/knn,,
http_req_connecting,1678217724,2.213509,,,,true,,POST,http://20.210.36.32:8080/prediction/knn,HTTP/1.1,contacts,,200,,,http://20.210.36.32:8080/prediction/knn,,
http_req_tls_handshaking,1678217724,0.000000,,,,true,,POST,http://20.210.36.32:8080/prediction/knn,HTTP/1.1,contacts,,200,,,http://20.210.36.32:8080/prediction/knn,,
http_req_sending,1678217724,0.075801,,,,true,,POST,http://20.210.36.32:8080/prediction/knn,HTTP/1.1,contacts,,200,,,http://20.210.36.32:8080/prediction/knn,,
http_req_waiting,1678217724,1902.098631,,,,true,,POST,http://20.210.36.32:8080/prediction/knn,HTTP/1.1,contacts,,200,,,http://20.210.36.32:8080/prediction/knn,,
http_req_receiving,1678217724,0.128901,,,,true,,POST,http://20.210.36.32:8080/prediction/knn,HTTP/1.1,contacts,,200,,,http://20.210.36.32:8080/prediction/knn,,
http_req_failed,1678217724,0.000000,,,,true,,POST,http://20.210.36.32:8080/prediction/knn,HTTP/1.1,contacts,,200,,,http://20.210.36.32:8080/prediction/knn,,
responseTime,1678217724,1902.303333,,,,,,,,,contacts,,,,,,,
data_sent,1678217724,2088.000000,,,,,,,,,contacts,,,,,,,
data_received,1678217724,199.000000,,,,,,,,,contacts,,,,,,,
iteration_duration,1678217724,1905.084844,,,,,,,,,contacts,,,,,,,
iterations,1678217724,1.000000,,,,,,,,,contacts,,,,,,,
http_reqs,1678217724,1.000000,,,,true,,POST,http://20.210.36.32:8080/prediction/knn,HTTP/1.1,contacts,,200,,,http://20.210.36.32:8080/prediction/knn,,
http_req_duration,1678217724,1917.183097,,,,true,,POST,http://20.210.36.32:8080/prediction/knn,HTTP/1.1,contacts,,200,,,http://20.210.36.32:8080/prediction/knn,,
http_req_blocked,1678217724,2.563211,,,,true,,POST,http://20.210.36.32:8080/prediction/knn,HTTP/1.1,contacts,,200,,,http://20.210.36.32:8080/prediction/knn,,
http_req_connecting,1678217724,2.495410,,,,true,,POST,http://20.210.36.32:8080/prediction/knn,HTTP/1.1,contacts,,200,,,http://20.210.36.32:8080/prediction/knn,,
http_req_tls_handshaking,1678217724,0.000000,,,,true,,POST,http://20.210.36.32:8080/prediction/knn,HTTP/1.1,contacts,,200,,,http://20.210.36.32:8080/prediction/knn,,
http_req_sending,1678217724,0.045500,,,,true,,POST,http://20.210.36.32:8080/prediction/knn,HTTP/1.1,contacts,,200,,,http://20.210.36.32:8080/prediction/knn,,
http_req_waiting,1678217724,1917.066697,,,,true,,POST,http://20.210.36.32:8080/prediction/knn,HTTP/1.1,contacts,,200,,,http://20.210.36.32:8080/prediction/knn,,
http_req_receiving,1678217724,0.070900,,,,true,,POST,http://20.210.36.32:8080/prediction/knn,HTTP/1.1,contacts,,200,,,http://20.210.36.32:8080/prediction/knn,,
http_req_failed,1678217724,0.000000,,,,true,,POST,http://20.210.36.32:8080/prediction/knn,HTTP/1.1,contacts,,200,,,http://20.210.36.32:8080/prediction/knn,,
responseTime,1678217724,1917.183097,,,,,,,,,contacts,,,,,,,
data_sent,1678217724,2088.000000,,,,,,,,,contacts,,,,,,,
data_received,1678217724,199.000000,,,,,,,,,contacts,,,,,,,
iteration_duration,1678217724,1920.131210,,,,,,,,,contacts,,,,,,,
iterations,1678217724,1.000000,,,,,,,,,contacts,,,,,,,
http_reqs,1678217724,1.000000,,,,true,,POST,http://20.210.36.32:8080/prediction/knn,HTTP/1.1,contacts,,200,,,http://20.210.36.32:8080/prediction/knn,,
http_req_duration,1678217724,1871.242104,,,,true,,POST,http://20.210.36.32:8080/prediction/knn,HTTP/1.1,contacts,,200,,,http://20.210.36.32:8080/prediction/knn,,
http_req_blocked,1678217724,2.083509,,,,true,,POST,http://20.210.36.32:8080/prediction/knn,HTTP/1.1,contacts,,200,,,http://20.210.36.32:8080/prediction/knn,,
http_req_connecting,1678217724,2.034409,,,,true,,POST,http://20.210.36.32:8080/prediction/knn,HTTP/1.1,contacts,,200,,,http://20.210.36.32:8080/prediction/knn,,
http_req_tls_handshaking,1678217724,0.000000,,,,true,,POST,http://20.210.36.32:8080/prediction/knn,HTTP/1.1,contacts,,200,,,http://20.210.36.32:8080/prediction/knn,,
http_req_sending,1678217724,0.055600,,,,true,,POST,http://20.210.36.32:8080/prediction/knn,HTTP/1.1,contacts,,200,,,http://20.210.36.32:8080/prediction/knn,,
http_req_waiting,1678217724,1870.927202,,,,true,,POST,http://20.210.36.32:8080/prediction/knn,HTTP/1.1,contacts,,200,,,http://20.210.36.32:8080/prediction/knn,,
http_req_receiving,1678217724,0.259302,,,,true,,POST,http://20.210.36.32:8080/prediction/knn,HTTP/1.1,contacts,,200,,,http://20.210.36.32:8080/prediction/knn,,
http_req_failed,1678217724,0.000000,,,,true,,POST,http://20.210.36.32:8080/prediction/knn,HTTP/1.1,contacts,,200,,,http://20.210.36.32:8080/prediction/knn,,
responseTime,1678217724,1871.242104,,,,,,,,,contacts,,,,,,,
data_sent,1678217724,2088.000000,,,,,,,,,contacts,,,,,,,
data_received,1678217724,199.000000,,,,,,,,,contacts,,,,,,,
iteration_duration,1678217724,1873.648714,,,,,,,,,contacts,,,,,,,
iterations,1678217724,1.000000,,,,,,,,,contacts,,,,,,,
http_reqs,1678217724,1.000000,,,,true,,POST,http://20.210.36.32:8080/prediction/knn,HTTP/1.1,contacts,,200,,,http://20.210.36.32:8080/prediction/knn,,
http_req_duration,1678217724,1817.131376,,,,true,,POST,http://20.210.36.32:8080/prediction/knn,HTTP/1.1,contacts,,200,,,http://20.210.36.32:8080/prediction/knn,,
http_req_blocked,1678217724,2.373710,,,,true,,POST,http://20.210.36.32:8080/prediction/knn,HTTP/1.1,contacts,,200,,,http://20.210.36.32:8080/prediction/knn,,
http_req_connecting,1678217724,2.313210,,,,true,,POST,http://20.210.36.32:8080/prediction/knn,HTTP/1.1,contacts,,200,,,http://20.210.36.32:8080/prediction/knn,,
http_req_tls_handshaking,1678217724,0.000000,,,,true,,POST,http://20.210.36.32:8080/prediction/knn,HTTP/1.1,contacts,,200,,,http://20.210.36.32:8080/prediction/knn,,
http_req_sending,1678217724,0.054000,,,,true,,POST,http://20.210.36.32:8080/prediction/knn,HTTP/1.1,contacts,,200,,,http://20.210.36.32:8080/prediction/knn,,
http_req_waiting,1678217724,1816.705774,,,,true,,POST,http://20.210.36.32:8080/prediction/knn,HTTP/1.1,contacts,,200,,,http://20.210.36.32:8080/prediction/knn,,
http_req_receiving,1678217724,0.371602,,,,true,,POST,http://20.210.36.32:8080/prediction/knn,HTTP/1.1,contacts,,200,,,http://20.210.36.32:8080/prediction/knn,,
http_req_failed,1678217724,0.000000,,,,true,,POST,http://20.210.36.32:8080/prediction/knn,HTTP/1.1,contacts,,200,,,http://20.210.36.32:8080/prediction/knn,,
responseTime,1678217724,1817.131376,,,,,,,,,contacts,,,,,,,
data_sent,1678217724,2088.000000,,,,,,,,,contacts,,,,,,,
data_received,1678217724,199.000000,,,,,,,,,contacts,,,,,,,
iteration_duration,1678217724,1820.063489,,,,,,,,,contacts,,,,,,,
iterations,1678217724,1.000000,,,,,,,,,contacts,,,,,,,
http_reqs,1678217724,1.000000,,,,true,,POST,http://20.210.36.32:8080/prediction/knn,HTTP/1.1,contacts,,200,,,http://20.210.36.32:8080/prediction/knn,,
http_req_duration,1678217724,1854.652140,,,,true,,POST,http://20.210.36.32:8080/prediction/knn,HTTP/1.1,contacts,,200,,,http://20.210.36.32:8080/prediction/knn,,
http_req_blocked,1678217724,2.435110,,,,true,,POST,http://20.210.36.32:8080/prediction/knn,HTTP/1.1,contacts,,200,,,http://20.210.36.32:8080/prediction/knn,,
http_req_connecting,1678217724,2.365510,,,,true,,POST,http://20.210.36.32:8080/prediction/knn,HTTP/1.1,contacts,,200,,,http://20.210.36.32:8080/prediction/knn,,
http_req_tls_handshaking,1678217724,0.000000,,,,true,,POST,http://20.210.36.32:8080/prediction/knn,HTTP/1.1,contacts,,200,,,http://20.210.36.32:8080/prediction/knn,,
http_req_sending,1678217724,0.063201,,,,true,,POST,http://20.210.36.32:8080/prediction/knn,HTTP/1.1,contacts,,200,,,http://20.210.36.32:8080/prediction/knn,,
http_req_waiting,1678217724,1854.512739,,,,true,,POST,http://20.210.36.32:8080/prediction/knn,HTTP/1.1,contacts,,200,,,http://20.210.36.32:8080/prediction/knn,,
http_req_receiving,1678217724,0.076200,,,,true,,POST,http://20.210.36.32:8080/prediction/knn,HTTP/1.1,contacts,,200,,,http://20.210.36.32:8080/prediction/knn,,
http_req_failed,1678217724,0.000000,,,,true,,POST,http://20.210.36.32:8080/prediction/knn,HTTP/1.1,contacts,,200,,,http://20.210.36.32:8080/prediction/knn,,
responseTime,1678217724,1854.652140,,,,,,,,,contacts,,,,,,,
data_sent,1678217724,2088.000000,,,,,,,,,contacts,,,,,,,
data_received,1678217724,199.000000,,,,,,,,,contacts,,,,,,,
iteration_duration,1678217724,1857.436152,,,,,,,,,contacts,,,,,,,
iterations,1678217724,1.000000,,,,,,,,,contacts,,,,,,,
http_reqs,1678217724,1.000000,,,,true,,POST,http://20.210.36.32:8080/prediction/knn,HTTP/1.1,contacts,,200,,,http://20.210.36.32:8080/prediction/knn,,
http_req_duration,1678217724,1955.637126,,,,true,,POST,http://20.210.36.32:8080/prediction/knn,HTTP/1.1,contacts,,200,,,http://20.210.36.32:8080/prediction/knn,,
http_req_blocked,1678217724,1.824108,,,,true,,POST,http://20.210.36.32:8080/prediction/knn,HTTP/1.1,contacts,,200,,,http://20.210.36.32:8080/prediction/knn,,
http_req_connecting,1678217724,1.774708,,,,true,,POST,http://20.210.36.32:8080/prediction/knn,HTTP/1.1,contacts,,200,,,http://20.210.36.32:8080/prediction/knn,,
http_req_tls_handshaking,1678217724,0.000000,,,,true,,POST,http://20.210.36.32:8080/prediction/knn,HTTP/1.1,contacts,,200,,,http://20.210.36.32:8080/prediction/knn,,
http_req_sending,1678217724,0.043800,,,,true,,POST,http://20.210.36.32:8080/prediction/knn,HTTP/1.1,contacts,,200,,,http://20.210.36.32:8080/prediction/knn,,
http_req_waiting,1678217724,1943.064357,,,,true,,POST,http://20.210.36.32:8080/prediction/knn,HTTP/1.1,contacts,,200,,,http://20.210.36.32:8080/prediction/knn,,
http_req_receiving,1678217724,12.528969,,,,true,,POST,http://20.210.36.32:8080/prediction/knn,HTTP/1.1,contacts,,200,,,http://20.210.36.32:8080/prediction/knn,,
http_req_failed,1678217724,0.000000,,,,true,,POST,http://20.210.36.32:8080/prediction/knn,HTTP/1.1,contacts,,200,,,http://20.210.36.32:8080/prediction/knn,,
responseTime,1678217724,1955.637126,,,,,,,,,contacts,,,,,,,
data_sent,1678217724,2088.000000,,,,,,,,,contacts,,,,,,,
data_received,1678217724,199.000000,,,,,,,,,contacts,,,,,,,
iteration_duration,1678217724,1957.895635,,,,,,,,,contacts,,,,,,,
iterations,1678217724,1.000000,,,,,,,,,contacts,,,,,,,
http_reqs,1678217724,1.000000,,,,true,,POST,http://20.210.36.32:8080/prediction/knn,HTTP/1.1,contacts,,200,,,http://20.210.36.32:8080/prediction/knn,,
http_req_duration,1678217724,1836.754034,,,,true,,POST,http://20.210.36.32:8080/prediction/knn,HTTP/1.1,contacts,,200,,,http://20.210.36.32:8080/prediction/knn,,
http_req_blocked,1678217724,2.489111,,,,true,,POST,http://20.210.36.32:8080/prediction/knn,HTTP/1.1,contacts,,200,,,http://20.210.36.32:8080/prediction/knn,,
http_req_connecting,1678217724,2.383910,,,,true,,POST,http://20.210.36.32:8080/prediction/knn,HTTP/1.1,contacts,,200,,,http://20.210.36.32:8080/prediction/knn,,
http_req_tls_handshaking,1678217724,0.000000,,,,true,,POST,http://20.210.36.32:8080/prediction/knn,HTTP/1.1,contacts,,200,,,http://20.210.36.32:8080/prediction/knn,,
http_req_sending,1678217724,0.043500,,,,true,,POST,http://20.210.36.32:8080/prediction/knn,HTTP/1.1,contacts,,200,,,http://20.210.36.32:8080/prediction/knn,,
http_req_waiting,1678217724,1829.289193,,,,true,,POST,http://20.210.36.32:8080/prediction/knn,HTTP/1.1,contacts,,200,,,http://20.210.36.32:8080/prediction/knn,,
http_req_receiving,1678217724,7.421341,,,,true,,POST,http://20.210.36.32:8080/prediction/knn,HTTP/1.1,contacts,,200,,,http://20.210.36.32:8080/prediction/knn,,
http_req_failed,1678217724,0.000000,,,,true,,POST,http://20.210.36.32:8080/prediction/knn,HTTP/1.1,contacts,,200,,,http://20.210.36.32:8080/prediction/knn,,
responseTime,1678217724,1836.754034,,,,,,,,,contacts,,,,,,,
data_sent,1678217724,2088.000000,,,,,,,,,contacts,,,,,,,
data_received,1678217724,199.000000,,,,,,,,,contacts,,,,,,,
iteration_duration,1678217724,1839.695147,,,,,,,,,contacts,,,,,,,
iterations,1678217724,1.000000,,,,,,,,,contacts,,,,,,,
http_reqs,1678217724,1.000000,,,,true,,POST,http://20.210.36.32:8080/prediction/knn,HTTP/1.1,contacts,,200,,,http://20.210.36.32:8080/prediction/knn,,
http_req_duration,1678217724,1858.415733,,,,true,,POST,http://20.210.36.32:8080/prediction/knn,HTTP/1.1,contacts,,200,,,http://20.210.36.32:8080/prediction/knn,,
http_req_blocked,1678217724,2.314610,,,,true,,POST,http://20.210.36.32:8080/prediction/knn,HTTP/1.1,contacts,,200,,,http://20.210.36.32:8080/prediction/knn,,
http_req_connecting,1678217724,2.215909,,,,true,,POST,http://20.210.36.32:8080/prediction/knn,HTTP/1.1,contacts,,200,,,http://20.210.36.32:8080/prediction/knn,,
http_req_tls_handshaking,1678217724,0.000000,,,,true,,POST,http://20.210.36.32:8080/prediction/knn,HTTP/1.1,contacts,,200,,,http://20.210.36.32:8080/prediction/knn,,
http_req_sending,1678217724,0.105001,,,,true,,POST,http://20.210.36.32:8080/prediction/knn,HTTP/1.1,contacts,,200,,,http://20.210.36.32:8080/prediction/knn,,
http_req_waiting,1678217724,1848.150176,,,,true,,POST,http://20.210.36.32:8080/prediction/knn,HTTP/1.1,contacts,,200,,,http://20.210.36.32:8080/prediction/knn,,
http_req_receiving,1678217724,10.160556,,,,true,,POST,http://20.210.36.32:8080/prediction/knn,HTTP/1.1,contacts,,200,,,http://20.210.36.32:8080/prediction/knn,,
http_req_failed,1678217724,0.000000,,,,true,,POST,http://20.210.36.32:8080/prediction/knn,HTTP/1.1,contacts,,200,,,http://20.210.36.32:8080/prediction/knn,,
responseTime,1678217724,1858.415733,,,,,,,,,contacts,,,,,,,
data_sent,1678217724,2088.000000,,,,,,,,,contacts,,,,,,,
data_received,1678217724,199.000000,,,,,,,,,contacts,,,,,,,
iteration_duration,1678217724,1861.069744,,,,,,,,,contacts,,,,,,,
iterations,1678217724,1.000000,,,,,,,,,contacts,,,,,,,
http_reqs,1678217724,1.000000,,,,true,,POST,http://20.210.36.32:8080/prediction/knn,HTTP/1.1,contacts,,200,,,http://20.210.36.32:8080/prediction/knn,,
http_req_duration,1678217724,1935.865460,,,,true,,POST,http://20.210.36.32:8080/prediction/knn,HTTP/1.1,contacts,,200,,,http://20.210.36.32:8080/prediction/knn,,
http_req_blocked,1678217724,1.946008,,,,true,,POST,http://20.210.36.32:8080/prediction/knn,HTTP/1.1,contacts,,200,,,http://20.210.36.32:8080/prediction/knn,,
http_req_connecting,1678217724,1.882808,,,,true,,POST,http://20.210.36.32:8080/prediction/knn,HTTP/1.1,contacts,,200,,,http://20.210.36.32:8080/prediction/knn,,
http_req_tls_handshaking,1678217724,0.000000,,,,true,,POST,http://20.210.36.32:8080/prediction/knn,HTTP/1.1,contacts,,200,,,http://20.210.36.32:8080/prediction/knn,,
http_req_sending,1678217724,0.035700,,,,true,,POST,http://20.210.36.32:8080/prediction/knn,HTTP/1.1,contacts,,200,,,http://20.210.36.32:8080/prediction/knn,,
http_req_waiting,1678217724,1935.580059,,,,true,,POST,http://20.210.36.32:8080/prediction/knn,HTTP/1.1,contacts,,200,,,http://20.210.36.32:8080/prediction/knn,,
http_req_receiving,1678217724,0.249701,,,,true,,POST,http://20.210.36.32:8080/prediction/knn,HTTP/1.1,contacts,,200,,,http://20.210.36.32:8080/prediction/knn,,
http_req_failed,1678217724,0.000000,,,,true,,POST,http://20.210.36.32:8080/prediction/knn,HTTP/1.1,contacts,,200,,,http://20.210.36.32:8080/prediction/knn,,
responseTime,1678217724,1935.865460,,,,,,,,,contacts,,,,,,,
data_sent,1678217724,2088.000000,,,,,,,,,contacts,,,,,,,
data_received,1678217724,199.000000,,,,,,,,,contacts,,,,,,,
iteration_duration,1678217724,1938.685572,,,,,,,,,contacts,,,,,,,
iterations,1678217724,1.000000,,,,,,,,,contacts,,,,,,,
http_reqs,1678217724,1.000000,,,,true,,POST,http://20.210.36.32:8080/prediction/knn,HTTP/1.1,contacts,,200,,,http://20.210.36.32:8080/prediction/knn,,
http_req_duration,1678217724,1798.931897,,,,true,,POST,http://20.210.36.32:8080/prediction/knn,HTTP/1.1,contacts,,200,,,http://20.210.36.32:8080/prediction/knn,,
http_req_blocked,1678217724,2.460310,,,,true,,POST,http://20.210.36.32:8080/prediction/knn,HTTP/1.1,contacts,,200,,,http://20.210.36.32:8080/prediction/knn,,
http_req_connecting,1678217724,2.392010,,,,true,,POST,http://20.210.36.32:8080/prediction/knn,HTTP/1.1,contacts,,200,,,http://20.210.36.32:8080/prediction/knn,,
http_req_tls_handshaking,1678217724,0.000000,,,,true,,POST,http://20.210.36.32:8080/prediction/knn,HTTP/1.1,contacts,,200,,,http://20.210.36.32:8080/prediction/knn,,
http_req_sending,1678217724,0.062900,,,,true,,POST,http://20.210.36.32:8080/prediction/knn,HTTP/1.1,contacts,,200,,,http://20.210.36.32:8080/prediction/knn,,
http_req_waiting,1678217724,1790.658152,,,,true,,POST,http://20.210.36.32:8080/prediction/knn,HTTP/1.1,contacts,,200,,,http://20.210.36.32:8080/prediction/knn,,
http_req_receiving,1678217724,8.210845,,,,true,,POST,http://20.210.36.32:8080/prediction/knn,HTTP/1.1,contacts,,200,,,http://20.210.36.32:8080/prediction/knn,,
http_req_failed,1678217724,0.000000,,,,true,,POST,http://20.210.36.32:8080/prediction/knn,HTTP/1.1,contacts,,200,,,http://20.210.36.32:8080/prediction/knn,,
responseTime,1678217724,1798.931897,,,,,,,,,contacts,,,,,,,
data_sent,1678217724,2088.000000,,,,,,,,,contacts,,,,,,,
data_received,1678217724,199.000000,,,,,,,,,contacts,,,,,,,
iteration_duration,1678217724,1801.778709,,,,,,,,,contacts,,,,,,,
iterations,1678217724,1.000000,,,,,,,,,contacts,,,,,,,
http_reqs,1678217724,1.000000,,,,true,,POST,http://20.210.36.32:8080/prediction/knn,HTTP/1.1,contacts,,200,,,http://20.210.36.32:8080/prediction/knn,,
http_req_duration,1678217724,1844.319698,,,,true,,POST,http://20.210.36.32:8080/prediction/knn,HTTP/1.1,contacts,,200,,,http://20.210.36.32:8080/prediction/knn,,
http_req_blocked,1678217724,7.089730,,,,true,,POST,http://20.210.36.32:8080/prediction/knn,HTTP/1.1,contacts,,200,,,http://20.210.36.32:8080/prediction/knn,,
http_req_connecting,1678217724,6.974729,,,,true,,POST,http://20.210.36.32:8080/prediction/knn,HTTP/1.1,contacts,,200,,,http://20.210.36.32:8080/prediction/knn,,
http_req_tls_handshaking,1678217724,0.000000,,,,true,,POST,http://20.210.36.32:8080/prediction/knn,HTTP/1.1,contacts,,200,,,http://20.210.36.32:8080/prediction/knn,,
http_req_sending,1678217724,0.103301,,,,true,,POST,http://20.210.36.32:8080/prediction/knn,HTTP/1.1,contacts,,200,,,http://20.210.36.32:8080/prediction/knn,,
http_req_waiting,1678217724,1838.931068,,,,true,,POST,http://20.210.36.32:8080/prediction/knn,HTTP/1.1,contacts,,200,,,http://20.210.36.32:8080/prediction/knn,,
http_req_receiving,1678217724,5.285329,,,,true,,POST,http://20.210.36.32:8080/prediction/knn,HTTP/1.1,contacts,,200,,,http://20.210.36.32:8080/prediction/knn,,
http_req_failed,1678217724,0.000000,,,,true,,POST,http://20.210.36.32:8080/prediction/knn,HTTP/1.1,contacts,,200,,,http://20.210.36.32:8080/prediction/knn,,
responseTime,1678217724,1844.319698,,,,,,,,,contacts,,,,,,,
data_sent,1678217724,2088.000000,,,,,,,,,contacts,,,,,,,
data_received,1678217724,199.000000,,,,,,,,,contacts,,,,,,,
iteration_duration,1678217724,1851.846029,,,,,,,,,contacts,,,,,,,
iterations,1678217724,1.000000,,,,,,,,,contacts,,,,,,,
http_reqs,1678217724,1.000000,,,,true,,POST,http://20.210.36.32:8080/prediction/knn,HTTP/1.1,contacts,,200,,,http://20.210.36.32:8080/prediction/knn,,
http_req_duration,1678217724,1793.299403,,,,true,,POST,http://20.210.36.32:8080/prediction/knn,HTTP/1.1,contacts,,200,,,http://20.210.36.32:8080/prediction/knn,,
http_req_blocked,1678217724,4.370019,,,,true,,POST,http://20.210.36.32:8080/prediction/knn,HTTP/1.1,contacts,,200,,,http://20.210.36.32:8080/prediction/knn,,
http_req_connecting,1678217724,4.290818,,,,true,,POST,http://20.210.36.32:8080/prediction/knn,HTTP/1.1,contacts,,200,,,http://20.210.36.32:8080/prediction/knn,,
http_req_tls_handshaking,1678217724,0.000000,,,,true,,POST,http://20.210.36.32:8080/prediction/knn,HTTP/1.1,contacts,,200,,,http://20.210.36.32:8080/prediction/knn,,
http_req_sending,1678217724,0.056000,,,,true,,POST,http://20.210.36.32:8080/prediction/knn,HTTP/1.1,contacts,,200,,,http://20.210.36.32:8080/prediction/knn,,
http_req_waiting,1678217724,1793.134003,,,,true,,POST,http://20.210.36.32:8080/prediction/knn,HTTP/1.1,contacts,,200,,,http://20.210.36.32:8080/prediction/knn,,
http_req_receiving,1678217724,0.109400,,,,true,,POST,http://20.210.36.32:8080/prediction/knn,HTTP/1.1,contacts,,200,,,http://20.210.36.32:8080/prediction/knn,,
http_req_failed,1678217724,0.000000,,,,true,,POST,http://20.210.36.32:8080/prediction/knn,HTTP/1.1,contacts,,200,,,http://20.210.36.32:8080/prediction/knn,,
responseTime,1678217724,1793.299403,,,,,,,,,contacts,,,,,,,
data_sent,1678217724,2088.000000,,,,,,,,,contacts,,,,,,,
data_received,1678217724,199.000000,,,,,,,,,contacts,,,,,,,
iteration_duration,1678217724,1798.254125,,,,,,,,,contacts,,,,,,,
iterations,1678217724,1.000000,,,,,,,,,contacts,,,,,,,
http_reqs,1678217724,1.000000,,,,true,,POST,http://20.210.36.32:8080/prediction/knn,HTTP/1.1,contacts,,200,,,http://20.210.36.32:8080/prediction/knn,,
http_req_duration,1678217724,1883.056093,,,,true,,POST,http://20.210.36.32:8080/prediction/knn,HTTP/1.1,contacts,,200,,,http://20.210.36.32:8080/prediction/knn,,
http_req_blocked,1678217724,4.169917,,,,true,,POST,http://20.210.36.32:8080/prediction/knn,HTTP/1.1,contacts,,200,,,http://20.210.36.32:8080/prediction/knn,,
http_req_connecting,1678217724,4.078317,,,,true,,POST,http://20.210.36.32:8080/prediction/knn,HTTP/1.1,contacts,,200,,,http://20.210.36.32:8080/prediction/knn,,
http_req_tls_handshaking,1678217724,0.000000,,,,true,,POST,http://20.210.36.32:8080/prediction/knn,HTTP/1.1,contacts,,200,,,http://20.210.36.32:8080/prediction/knn,,
http_req_sending,1678217724,0.045901,,,,true,,POST,http://20.210.36.32:8080/prediction/knn,HTTP/1.1,contacts,,200,,,http://20.210.36.32:8080/prediction/knn,,
http_req_waiting,1678217724,1882.890891,,,,true,,POST,http://20.210.36.32:8080/prediction/knn,HTTP/1.1,contacts,,200,,,http://20.210.36.32:8080/prediction/knn,,
http_req_receiving,1678217724,0.119301,,,,true,,POST,http://20.210.36.32:8080/prediction/knn,HTTP/1.1,contacts,,200,,,http://20.210.36.32:8080/prediction/knn,,
http_req_failed,1678217724,0.000000,,,,true,,POST,http://20.210.36.32:8080/prediction/knn,HTTP/1.1,contacts,,200,,,http://20.210.36.32:8080/prediction/knn,,
responseTime,1678217724,1883.056093,,,,,,,,,contacts,,,,,,,
data_sent,1678217724,2088.000000,,,,,,,,,contacts,,,,,,,
data_received,1678217724,199.000000,,,,,,,,,contacts,,,,,,,
iteration_duration,1678217724,1887.738413,,,,,,,,,contacts,,,,,,,
iterations,1678217724,1.000000,,,,,,,,,contacts,,,,,,,
http_reqs,1678217724,1.000000,,,,true,,POST,http://20.210.36.32:8080/prediction/knn,HTTP/1.1,contacts,,200,,,http://20.210.36.32:8080/prediction/knn,,
http_req_duration,1678217724,1876.498666,,,,true,,POST,http://20.210.36.32:8080/prediction/knn,HTTP/1.1,contacts,,200,,,http://20.210.36.32:8080/prediction/knn,,
http_req_blocked,1678217724,3.977316,,,,true,,POST,http://20.210.36.32:8080/prediction/knn,HTTP/1.1,contacts,,200,,,http://20.210.36.32:8080/prediction/knn,,
http_req_connecting,1678217724,3.933716,,,,true,,POST,http://20.210.36.32:8080/prediction/knn,HTTP/1.1,contacts,,200,,,http://20.210.36.32:8080/prediction/knn,,
http_req_tls_handshaking,1678217724,0.000000,,,,true,,POST,http://20.210.36.32:8080/prediction/knn,HTTP/1.1,contacts,,200,,,http://20.210.36.32:8080/prediction/knn,,
http_req_sending,1678217724,0.064601,,,,true,,POST,http://20.210.36.32:8080/prediction/knn,HTTP/1.1,contacts,,200,,,http://20.210.36.32:8080/prediction/knn,,
http_req_waiting,1678217724,1876.304164,,,,true,,POST,http://20.210.36.32:8080/prediction/knn,HTTP/1.1,contacts,,200,,,http://20.210.36.32:8080/prediction/knn,,
http_req_receiving,1678217724,0.129901,,,,true,,POST,http://20.210.36.32:8080/prediction/knn,HTTP/1.1,contacts,,200,,,http://20.210.36.32:8080/prediction/knn,,
http_req_failed,1678217724,0.000000,,,,true,,POST,http://20.210.36.32:8080/prediction/knn,HTTP/1.1,contacts,,200,,,http://20.210.36.32:8080/prediction/knn,,
responseTime,1678217724,1876.498666,,,,,,,,,contacts,,,,,,,
data_sent,1678217724,2088.000000,,,,,,,,,contacts,,,,,,,
data_received,1678217724,199.000000,,,,,,,,,contacts,,,,,,,
iteration_duration,1678217724,1881.118285,,,,,,,,,contacts,,,,,,,
iterations,1678217724,1.000000,,,,,,,,,contacts,,,,,,,
http_reqs,1678217724,1.000000,,,,true,,POST,http://20.210.36.32:8080/prediction/knn,HTTP/1.1,contacts,,200,,,http://20.210.36.32:8080/prediction/knn,,
http_req_duration,1678217724,1713.236676,,,,true,,POST,http://20.210.36.32:8080/prediction/knn,HTTP/1.1,contacts,,200,,,http://20.210.36.32:8080/prediction/knn,,
http_req_blocked,1678217724,5.106222,,,,true,,POST,http://20.210.36.32:8080/prediction/knn,HTTP/1.1,contacts,,200,,,http://20.210.36.32:8080/prediction/knn,,
http_req_connecting,1678217724,5.004121,,,,true,,POST,http://20.210.36.32:8080/prediction/knn,HTTP/1.1,contacts,,200,,,http://20.210.36.32:8080/prediction/knn,,
http_req_tls_handshaking,1678217724,0.000000,,,,true,,POST,http://20.210.36.32:8080/prediction/knn,HTTP/1.1,contacts,,200,,,http://20.210.36.32:8080/prediction/knn,,
http_req_sending,1678217724,0.085300,,,,true,,POST,http://20.210.36.32:8080/prediction/knn,HTTP/1.1,contacts,,200,,,http://20.210.36.32:8080/prediction/knn,,
http_req_waiting,1678217724,1713.089276,,,,true,,POST,http://20.210.36.32:8080/prediction/knn,HTTP/1.1,contacts,,200,,,http://20.210.36.32:8080/prediction/knn,,
http_req_receiving,1678217724,0.062100,,,,true,,POST,http://20.210.36.32:8080/prediction/knn,HTTP/1.1,contacts,,200,,,http://20.210.36.32:8080/prediction/knn,,
http_req_failed,1678217724,0.000000,,,,true,,POST,http://20.210.36.32:8080/prediction/knn,HTTP/1.1,contacts,,200,,,http://20.210.36.32:8080/prediction/knn,,
responseTime,1678217724,1713.236676,,,,,,,,,contacts,,,,,,,
data_sent,1678217724,2088.000000,,,,,,,,,contacts,,,,,,,
data_received,1678217724,199.000000,,,,,,,,,contacts,,,,,,,
iteration_duration,1678217724,1718.607499,,,,,,,,,contacts,,,,,,,
iterations,1678217724,1.000000,,,,,,,,,contacts,,,,,,,
http_reqs,1678217724,1.000000,,,,true,,POST,http://20.210.36.32:8080/prediction/knn,HTTP/1.1,contacts,,200,,,http://20.210.36.32:8080/prediction/knn,,
http_req_duration,1678217724,1841.238179,,,,true,,POST,http://20.210.36.32:8080/prediction/knn,HTTP/1.1,contacts,,200,,,http://20.210.36.32:8080/prediction/knn,,
http_req_blocked,1678217724,3.632815,,,,true,,POST,http://20.210.36.32:8080/prediction/knn,HTTP/1.1,contacts,,200,,,http://20.210.36.32:8080/prediction/knn,,
http_req_connecting,1678217724,3.427715,,,,true,,POST,http://20.210.36.32:8080/prediction/knn,HTTP/1.1,contacts,,200,,,http://20.210.36.32:8080/prediction/knn,,
http_req_tls_handshaking,1678217724,0.000000,,,,true,,POST,http://20.210.36.32:8080/prediction/knn,HTTP/1.1,contacts,,200,,,http://20.210.36.32:8080/prediction/knn,,
http_req_sending,1678217724,0.190901,,,,true,,POST,http://20.210.36.32:8080/prediction/knn,HTTP/1.1,contacts,,200,,,http://20.210.36.32:8080/prediction/knn,,
http_req_waiting,1678217724,1840.964277,,,,true,,POST,http://20.210.36.32:8080/prediction/knn,HTTP/1.1,contacts,,200,,,http://20.210.36.32:8080/prediction/knn,,
http_req_receiving,1678217724,0.083001,,,,true,,POST,http://20.210.36.32:8080/prediction/knn,HTTP/1.1,contacts,,200,,,http://20.210.36.32:8080/prediction/knn,,
http_req_failed,1678217724,0.000000,,,,true,,POST,http://20.210.36.32:8080/prediction/knn,HTTP/1.1,contacts,,200,,,http://20.210.36.32:8080/prediction/knn,,
responseTime,1678217724,1841.238179,,,,,,,,,contacts,,,,,,,
data_sent,1678217724,2088.000000,,,,,,,,,contacts,,,,,,,
data_received,1678217724,199.000000,,,,,,,,,contacts,,,,,,,
iteration_duration,1678217724,1845.264796,,,,,,,,,contacts,,,,,,,
iterations,1678217724,1.000000,,,,,,,,,contacts,,,,,,,
http_reqs,1678217724,1.000000,,,,true,,POST,http://20.210.36.32:8080/prediction/knn,HTTP/1.1,contacts,,200,,,http://20.210.36.32:8080/prediction/knn,,
http_req_duration,1678217724,1845.918704,,,,true,,POST,http://20.210.36.32:8080/prediction/knn,HTTP/1.1,contacts,,200,,,http://20.210.36.32:8080/prediction/knn,,
http_req_blocked,1678217724,4.111518,,,,true,,POST,http://20.210.36.32:8080/prediction/knn,HTTP/1.1,contacts,,200,,,http://20.210.36.32:8080/prediction/knn,,
http_req_connecting,1678217724,4.054617,,,,true,,POST,http://20.210.36.32:8080/prediction/knn,HTTP/1.1,contacts,,200,,,http://20.210.36.32:8080/prediction/knn,,
http_req_tls_handshaking,1678217724,0.000000,,,,true,,POST,http://20.210.36.32:8080/prediction/knn,HTTP/1.1,contacts,,200,,,http://20.210.36.32:8080/prediction/knn,,
http_req_sending,1678217724,0.056800,,,,true,,POST,http://20.210.36.32:8080/prediction/knn,HTTP/1.1,contacts,,200,,,http://20.210.36.32:8080/prediction/knn,,
http_req_waiting,1678217724,1845.806504,,,,true,,POST,http://20.210.36.32:8080/prediction/knn,HTTP/1.1,contacts,,200,,,http://20.210.36.32:8080/prediction/knn,,
http_req_receiving,1678217724,0.055400,,,,true,,POST,http://20.210.36.32:8080/prediction/knn,HTTP/1.1,contacts,,200,,,http://20.210.36.32:8080/prediction/knn,,
http_req_failed,1678217724,0.000000,,,,true,,POST,http://20.210.36.32:8080/prediction/knn,HTTP/1.1,contacts,,200,,,http://20.210.36.32:8080/prediction/knn,,
responseTime,1678217724,1845.918704,,,,,,,,,contacts,,,,,,,
data_sent,1678217724,2088.000000,,,,,,,,,contacts,,,,,,,
data_received,1678217724,199.000000,,,,,,,,,contacts,,,,,,,
iteration_duration,1678217724,1850.559924,,,,,,,,,contacts,,,,,,,
iterations,1678217724,1.000000,,,,,,,,,contacts,,,,,,,
http_reqs,1678217724,1.000000,,,,true,,POST,http://20.210.36.32:8080/prediction/knn,HTTP/1.1,contacts,,200,,,http://20.210.36.32:8080/prediction/knn,,
http_req_duration,1678217724,1791.877622,,,,true,,POST,http://20.210.36.32:8080/prediction/knn,HTTP/1.1,contacts,,200,,,http://20.210.36.32:8080/prediction/knn,,
http_req_blocked,1678217724,9.944342,,,,true,,POST,http://20.210.36.32:8080/prediction/knn,HTTP/1.1,contacts,,200,,,http://20.210.36.32:8080/prediction/knn,,
http_req_connecting,1678217724,9.894742,,,,true,,POST,http://20.210.36.32:8080/prediction/knn,HTTP/1.1,contacts,,200,,,http://20.210.36.32:8080/prediction/knn,,
http_req_tls_handshaking,1678217724,0.000000,,,,true,,POST,http://20.210.36.32:8080/prediction/knn,HTTP/1.1,contacts,,200,,,http://20.210.36.32:8080/prediction/knn,,
http_req_sending,1678217724,0.067400,,,,true,,POST,http://20.210.36.32:8080/prediction/knn,HTTP/1.1,contacts,,200,,,http://20.210.36.32:8080/prediction/knn,,
http_req_waiting,1678217724,1791.704021,,,,true,,POST,http://20.210.36.32:8080/prediction/knn,HTTP/1.1,contacts,,200,,,http://20.210.36.32:8080/prediction/knn,,
http_req_receiving,1678217724,0.106201,,,,true,,POST,http://20.210.36.32:8080/prediction/knn,HTTP/1.1,contacts,,200,,,http://20.210.36.32:8080/prediction/knn,,
http_req_failed,1678217724,0.000000,,,,true,,POST,http://20.210.36.32:8080/prediction/knn,HTTP/1.1,contacts,,200,,,http://20.210.36.32:8080/prediction/knn,,
responseTime,1678217724,1791.877622,,,,,,,,,contacts,,,,,,,
data_sent,1678217724,2088.000000,,,,,,,,,contacts,,,,,,,
data_received,1678217724,199.000000,,,,,,,,,contacts,,,,,,,
iteration_duration,1678217724,1802.200766,,,,,,,,,contacts,,,,,,,
iterations,1678217724,1.000000,,,,,,,,,contacts,,,,,,,
http_reqs,1678217724,1.000000,,,,true,,POST,http://20.210.36.32:8080/prediction/knn,HTTP/1.1,contacts,,200,,,http://20.210.36.32:8080/prediction/knn,,
http_req_duration,1678217724,1758.584283,,,,true,,POST,http://20.210.36.32:8080/prediction/knn,HTTP/1.1,contacts,,200,,,http://20.210.36.32:8080/prediction/knn,,
http_req_blocked,1678217724,3.982217,,,,true,,POST,http://20.210.36.32:8080/prediction/knn,HTTP/1.1,contacts,,200,,,http://20.210.36.32:8080/prediction/knn,,
http_req_connecting,1678217724,3.926817,,,,true,,POST,http://20.210.36.32:8080/prediction/knn,HTTP/1.1,contacts,,200,,,http://20.210.36.32:8080/prediction/knn,,
http_req_tls_handshaking,1678217724,0.000000,,,,true,,POST,http://20.210.36.32:8080/prediction/knn,HTTP/1.1,contacts,,200,,,http://20.210.36.32:8080/prediction/knn,,
http_req_sending,1678217724,0.050000,,,,true,,POST,http://20.210.36.32:8080/prediction/knn,HTTP/1.1,contacts,,200,,,http://20.210.36.32:8080/prediction/knn,,
http_req_waiting,1678217724,1758.441282,,,,true,,POST,http://20.210.36.32:8080/prediction/knn,HTTP/1.1,contacts,,200,,,http://20.210.36.32:8080/prediction/knn,,
http_req_receiving,1678217724,0.093001,,,,true,,POST,http://20.210.36.32:8080/prediction/knn,HTTP/1.1,contacts,,200,,,http://20.210.36.32:8080/prediction/knn,,
http_req_failed,1678217724,0.000000,,,,true,,POST,http://20.210.36.32:8080/prediction/knn,HTTP/1.1,contacts,,200,,,http://20.210.36.32:8080/prediction/knn,,
responseTime,1678217724,1758.584283,,,,,,,,,contacts,,,,,,,
data_sent,1678217724,2088.000000,,,,,,,,,contacts,,,,,,,
data_received,1678217724,199.000000,,,,,,,,,contacts,,,,,,,
iteration_duration,1678217724,1762.938202,,,,,,,,,contacts,,,,,,,
iterations,1678217724,1.000000,,,,,,,,,contacts,,,,,,,
vus,1678217724,99.000000,,,,,,,,,,,,,,,,
vus_max,1678217724,100.000000,,,,,,,,,,,,,,,,
http_reqs,1678217724,1.000000,,,,true,,POST,http://20.210.36.32:8080/prediction/knn,HTTP/1.1,contacts,,200,,,http://20.210.36.32:8080/prediction/knn,,
http_req_duration,1678217724,1854.333951,,,,true,,POST,http://20.210.36.32:8080/prediction/knn,HTTP/1.1,contacts,,200,,,http://20.210.36.32:8080/prediction/knn,,
http_req_blocked,1678217724,4.459318,,,,true,,POST,http://20.210.36.32:8080/prediction/knn,HTTP/1.1,contacts,,200,,,http://20.210.36.32:8080/prediction/knn,,
http_req_connecting,1678217724,4.365518,,,,true,,POST,http://20.210.36.32:8080/prediction/knn,HTTP/1.1,contacts,,200,,,http://20.210.36.32:8080/prediction/knn,,
http_req_tls_handshaking,1678217724,0.000000,,,,true,,POST,http://20.210.36.32:8080/prediction/knn,HTTP/1.1,contacts,,200,,,http://20.210.36.32:8080/prediction/knn,,
http_req_sending,1678217724,0.061401,,,,true,,POST,http://20.210.36.32:8080/prediction/knn,HTTP/1.1,contacts,,200,,,http://20.210.36.32:8080/prediction/knn,,
http_req_waiting,1678217724,1853.935048,,,,true,,POST,http://20.210.36.32:8080/prediction/knn,HTTP/1.1,contacts,,200,,,http://20.210.36.32:8080/prediction/knn,,
http_req_receiving,1678217724,0.337502,,,,true,,POST,http://20.210.36.32:8080/prediction/knn,HTTP/1.1,contacts,,200,,,http://20.210.36.32:8080/prediction/knn,,
http_req_failed,1678217724,0.000000,,,,true,,POST,http://20.210.36.32:8080/prediction/knn,HTTP/1.1,contacts,,200,,,http://20.210.36.32:8080/prediction/knn,,
http_reqs,1678217724,1.000000,,,,true,,POST,http://20.210.36.32:8080/prediction/knn,HTTP/1.1,contacts,,200,,,http://20.210.36.32:8080/prediction/knn,,
http_req_duration,1678217724,1966.979427,,,,true,,POST,http://20.210.36.32:8080/prediction/knn,HTTP/1.1,contacts,,200,,,http://20.210.36.32:8080/prediction/knn,,
http_req_blocked,1678217724,4.346418,,,,true,,POST,http://20.210.36.32:8080/prediction/knn,HTTP/1.1,contacts,,200,,,http://20.210.36.32:8080/prediction/knn,,
http_req_connecting,1678217724,4.284118,,,,true,,POST,http://20.210.36.32:8080/prediction/knn,HTTP/1.1,contacts,,200,,,http://20.210.36.32:8080/prediction/knn,,
http_req_tls_handshaking,1678217724,0.000000,,,,true,,POST,http://20.210.36.32:8080/prediction/knn,HTTP/1.1,contacts,,200,,,http://20.210.36.32:8080/prediction/knn,,
http_req_sending,1678217724,0.046400,,,,true,,POST,http://20.210.36.32:8080/prediction/knn,HTTP/1.1,contacts,,200,,,http://20.210.36.32:8080/prediction/knn,,
http_req_waiting,1678217724,1966.751426,,,,true,,POST,http://20.210.36.32:8080/prediction/knn,HTTP/1.1,contacts,,200,,,http://20.210.36.32:8080/prediction/knn,,
http_req_receiving,1678217724,0.181601,,,,true,,POST,http://20.210.36.32:8080/prediction/knn,HTTP/1.1,contacts,,200,,,http://20.210.36.32:8080/prediction/knn,,
http_req_failed,1678217724,0.000000,,,,true,,POST,http://20.210.36.32:8080/prediction/knn,HTTP/1.1,contacts,,200,,,http://20.210.36.32:8080/prediction/knn,,
responseTime,1678217724,1854.333951,,,,,,,,,contacts,,,,,,,
data_sent,1678217724,2088.000000,,,,,,,,,contacts,,,,,,,
data_received,1678217724,199.000000,,,,,,,,,contacts,,,,,,,
iteration_duration,1678217724,1859.440772,,,,,,,,,contacts,,,,,,,
iterations,1678217724,1.000000,,,,,,,,,contacts,,,,,,,
responseTime,1678217724,1966.979427,,,,,,,,,contacts,,,,,,,
data_sent,1678217724,2088.000000,,,,,,,,,contacts,,,,,,,
data_received,1678217724,199.000000,,,,,,,,,contacts,,,,,,,
iteration_duration,1678217724,1971.891647,,,,,,,,,contacts,,,,,,,
iterations,1678217724,1.000000,,,,,,,,,contacts,,,,,,,
http_reqs,1678217724,1.000000,,,,true,,POST,http://20.210.36.32:8080/prediction/knn,HTTP/1.1,contacts,,200,,,http://20.210.36.32:8080/prediction/knn,,
http_req_duration,1678217724,1819.100510,,,,true,,POST,http://20.210.36.32:8080/prediction/knn,HTTP/1.1,contacts,,200,,,http://20.210.36.32:8080/prediction/knn,,
http_req_blocked,1678217724,3.770316,,,,true,,POST,http://20.210.36.32:8080/prediction/knn,HTTP/1.1,contacts,,200,,,http://20.210.36.32:8080/prediction/knn,,
http_req_connecting,1678217724,3.688515,,,,true,,POST,http://20.210.36.32:8080/prediction/knn,HTTP/1.1,contacts,,200,,,http://20.210.36.32:8080/prediction/knn,,
http_req_tls_handshaking,1678217724,0.000000,,,,true,,POST,http://20.210.36.32:8080/prediction/knn,HTTP/1.1,contacts,,200,,,http://20.210.36.32:8080/prediction/knn,,
http_req_sending,1678217724,0.055901,,,,true,,POST,http://20.210.36.32:8080/prediction/knn,HTTP/1.1,contacts,,200,,,http://20.210.36.32:8080/prediction/knn,,
http_req_waiting,1678217724,1818.916209,,,,true,,POST,http://20.210.36.32:8080/prediction/knn,HTTP/1.1,contacts,,200,,,http://20.210.36.32:8080/prediction/knn,,
http_req_receiving,1678217724,0.128400,,,,true,,POST,http://20.210.36.32:8080/prediction/knn,HTTP/1.1,contacts,,200,,,http://20.210.36.32:8080/prediction/knn,,
http_req_failed,1678217724,0.000000,,,,true,,POST,http://20.210.36.32:8080/prediction/knn,HTTP/1.1,contacts,,200,,,http://20.210.36.32:8080/prediction/knn,,
responseTime,1678217724,1819.100510,,,,,,,,,contacts,,,,,,,
data_sent,1678217724,2088.000000,,,,,,,,,contacts,,,,,,,
data_received,1678217724,199.000000,,,,,,,,,contacts,,,,,,,
iteration_duration,1678217724,1823.210527,,,,,,,,,contacts,,,,,,,
iterations,1678217724,1.000000,,,,,,,,,contacts,,,,,,,
http_reqs,1678217724,1.000000,,,,true,,POST,http://20.210.36.32:8080/prediction/knn,HTTP/1.1,contacts,,200,,,http://20.210.36.32:8080/prediction/knn,,
http_req_duration,1678217724,1839.211238,,,,true,,POST,http://20.210.36.32:8080/prediction/knn,HTTP/1.1,contacts,,200,,,http://20.210.36.32:8080/prediction/knn,,
http_req_blocked,1678217724,4.297218,,,,true,,POST,http://20.210.36.32:8080/prediction/knn,HTTP/1.1,contacts,,200,,,http://20.210.36.32:8080/prediction/knn,,
http_req_connecting,1678217724,4.235218,,,,true,,POST,http://20.210.36.32:8080/prediction/knn,HTTP/1.1,contacts,,200,,,http://20.210.36.32:8080/prediction/knn,,
http_req_tls_handshaking,1678217724,0.000000,,,,true,,POST,http://20.210.36.32:8080/prediction/knn,HTTP/1.1,contacts,,200,,,http://20.210.36.32:8080/prediction/knn,,
http_req_sending,1678217724,0.058901,,,,true,,POST,http://20.210.36.32:8080/prediction/knn,HTTP/1.1,contacts,,200,,,http://20.210.36.32:8080/prediction/knn,,
http_req_waiting,1678217724,1822.219444,,,,true,,POST,http://20.210.36.32:8080/prediction/knn,HTTP/1.1,contacts,,200,,,http://20.210.36.32:8080/prediction/knn,,
http_req_receiving,1678217724,16.932893,,,,true,,POST,http://20.210.36.32:8080/prediction/knn,HTTP/1.1,contacts,,200,,,http://20.210.36.32:8080/prediction/knn,,
http_req_failed,1678217724,0.000000,,,,true,,POST,http://20.210.36.32:8080/prediction/knn,HTTP/1.1,contacts,,200,,,http://20.210.36.32:8080/prediction/knn,,
responseTime,1678217724,1839.211238,,,,,,,,,contacts,,,,,,,
data_sent,1678217724,2088.000000,,,,,,,,,contacts,,,,,,,
data_received,1678217724,199.000000,,,,,,,,,contacts,,,,,,,
iteration_duration,1678217724,1843.923558,,,,,,,,,contacts,,,,,,,
iterations,1678217724,1.000000,,,,,,,,,contacts,,,,,,,
http_reqs,1678217724,1.000000,,,,true,,POST,http://20.210.36.32:8080/prediction/knn,HTTP/1.1,contacts,,200,,,http://20.210.36.32:8080/prediction/knn,,
http_req_duration,1678217724,1820.921579,,,,true,,POST,http://20.210.36.32:8080/prediction/knn,HTTP/1.1,contacts,,200,,,http://20.210.36.32:8080/prediction/knn,,
http_req_blocked,1678217724,3.826316,,,,true,,POST,http://20.210.36.32:8080/prediction/knn,HTTP/1.1,contacts,,200,,,http://20.210.36.32:8080/prediction/knn,,
http_req_connecting,1678217724,3.750916,,,,true,,POST,http://20.210.36.32:8080/prediction/knn,HTTP/1.1,contacts,,200,,,http://20.210.36.32:8080/prediction/knn,,
http_req_tls_handshaking,1678217724,0.000000,,,,true,,POST,http://20.210.36.32:8080/prediction/knn,HTTP/1.1,contacts,,200,,,http://20.210.36.32:8080/prediction/knn,,
http_req_sending,1678217724,0.064401,,,,true,,POST,http://20.210.36.32:8080/prediction/knn,HTTP/1.1,contacts,,200,,,http://20.210.36.32:8080/prediction/knn,,
http_req_waiting,1678217724,1820.745277,,,,true,,POST,http://20.210.36.32:8080/prediction/knn,HTTP/1.1,contacts,,200,,,http://20.210.36.32:8080/prediction/knn,,
http_req_receiving,1678217724,0.111901,,,,true,,POST,http://20.210.36.32:8080/prediction/knn,HTTP/1.1,contacts,,200,,,http://20.210.36.32:8080/prediction/knn,,
http_req_failed,1678217724,0.000000,,,,true,,POST,http://20.210.36.32:8080/prediction/knn,HTTP/1.1,contacts,,200,,,http://20.210.36.32:8080/prediction/knn,,
responseTime,1678217724,1820.921579,,,,,,,,,contacts,,,,,,,
data_sent,1678217724,2088.000000,,,,,,,,,contacts,,,,,,,
data_received,1678217724,199.000000,,,,,,,,,contacts,,,,,,,
iteration_duration,1678217724,1825.183797,,,,,,,,,contacts,,,,,,,
iterations,1678217724,1.000000,,,,,,,,,contacts,,,,,,,
http_reqs,1678217724,1.000000,,,,true,,POST,http://20.210.36.32:8080/prediction/knn,HTTP/1.1,contacts,,200,,,http://20.210.36.32:8080/prediction/knn,,
http_req_duration,1678217724,1846.093721,,,,true,,POST,http://20.210.36.32:8080/prediction/knn,HTTP/1.1,contacts,,200,,,http://20.210.36.32:8080/prediction/knn,,
http_req_blocked,1678217724,4.133318,,,,true,,POST,http://20.210.36.32:8080/prediction/knn,HTTP/1.1,contacts,,200,,,http://20.210.36.32:8080/prediction/knn,,
http_req_connecting,1678217724,4.051917,,,,true,,POST,http://20.210.36.32:8080/prediction/knn,HTTP/1.1,contacts,,200,,,http://20.210.36.32:8080/prediction/knn,,
http_req_tls_handshaking,1678217724,0.000000,,,,true,,POST,http://20.210.36.32:8080/prediction/knn,HTTP/1.1,contacts,,200,,,http://20.210.36.32:8080/prediction/knn,,
http_req_sending,1678217724,0.058200,,,,true,,POST,http://20.210.36.32:8080/prediction/knn,HTTP/1.1,contacts,,200,,,http://20.210.36.32:8080/prediction/knn,,
http_req_waiting,1678217724,1845.957421,,,,true,,POST,http://20.210.36.32:8080/prediction/knn,HTTP/1.1,contacts,,200,,,http://20.210.36.32:8080/prediction/knn,,
http_req_receiving,1678217724,0.078100,,,,true,,POST,http://20.210.36.32:8080/prediction/knn,HTTP/1.1,contacts,,200,,,http://20.210.36.32:8080/prediction/knn,,
http_req_failed,1678217724,0.000000,,,,true,,POST,http://20.210.36.32:8080/prediction/knn,HTTP/1.1,contacts,,200,,,http://20.210.36.32:8080/prediction/knn,,
responseTime,1678217724,1846.093721,,,,,,,,,contacts,,,,,,,
data_sent,1678217724,2088.000000,,,,,,,,,contacts,,,,,,,
data_received,1678217724,199.000000,,,,,,,,,contacts,,,,,,,
iteration_duration,1678217724,1850.525740,,,,,,,,,contacts,,,,,,,
iterations,1678217724,1.000000,,,,,,,,,contacts,,,,,,,
http_reqs,1678217724,1.000000,,,,true,,POST,http://20.210.36.32:8080/prediction/knn,HTTP/1.1,contacts,,200,,,http://20.210.36.32:8080/prediction/knn,,
http_req_duration,1678217724,1882.831210,,,,true,,POST,http://20.210.36.32:8080/prediction/knn,HTTP/1.1,contacts,,200,,,http://20.210.36.32:8080/prediction/knn,,
http_req_blocked,1678217724,4.325718,,,,true,,POST,http://20.210.36.32:8080/prediction/knn,HTTP/1.1,contacts,,200,,,http://20.210.36.32:8080/prediction/knn,,
http_req_connecting,1678217724,4.256918,,,,true,,POST,http://20.210.36.32:8080/prediction/knn,HTTP/1.1,contacts,,200,,,http://20.210.36.32:8080/prediction/knn,,
http_req_tls_handshaking,1678217724,0.000000,,,,true,,POST,http://20.210.36.32:8080/prediction/knn,HTTP/1.1,contacts,,200,,,http://20.210.36.32:8080/prediction/knn,,
http_req_sending,1678217724,0.055400,,,,true,,POST,http://20.210.36.32:8080/prediction/knn,HTTP/1.1,contacts,,200,,,http://20.210.36.32:8080/prediction/knn,,
http_req_waiting,1678217724,1880.461098,,,,true,,POST,http://20.210.36.32:8080/prediction/knn,HTTP/1.1,contacts,,200,,,http://20.210.36.32:8080/prediction/knn,,
http_req_receiving,1678217724,2.314712,,,,true,,POST,http://20.210.36.32:8080/prediction/knn,HTTP/1.1,contacts,,200,,,http://20.210.36.32:8080/prediction/knn,,
http_req_failed,1678217724,0.000000,,,,true,,POST,http://20.210.36.32:8080/prediction/knn,HTTP/1.1,contacts,,200,,,http://20.210.36.32:8080/prediction/knn,,
responseTime,1678217724,1882.831210,,,,,,,,,contacts,,,,,,,
data_sent,1678217724,2088.000000,,,,,,,,,contacts,,,,,,,
data_received,1678217724,199.000000,,,,,,,,,contacts,,,,,,,
iteration_duration,1678217724,1887.458930,,,,,,,,,contacts,,,,,,,
iterations,1678217724,1.000000,,,,,,,,,contacts,,,,,,,
http_reqs,1678217724,1.000000,,,,true,,POST,http://20.210.36.32:8080/prediction/knn,HTTP/1.1,contacts,,200,,,http://20.210.36.32:8080/prediction/knn,,
http_req_duration,1678217724,1891.009288,,,,true,,POST,http://20.210.36.32:8080/prediction/knn,HTTP/1.1,contacts,,200,,,http://20.210.36.32:8080/prediction/knn,,
http_req_blocked,1678217724,4.801420,,,,true,,POST,http://20.210.36.32:8080/prediction/knn,HTTP/1.1,contacts,,200,,,http://20.210.36.32:8080/prediction/knn,,
http_req_connecting,1678217724,4.731320,,,,true,,POST,http://20.210.36.32:8080/prediction/knn,HTTP/1.1,contacts,,200,,,http://20.210.36.32:8080/prediction/knn,,
http_req_tls_handshaking,1678217724,0.000000,,,,true,,POST,http://20.210.36.32:8080/prediction/knn,HTTP/1.1,contacts,,200,,,http://20.210.36.32:8080/prediction/knn,,
http_req_sending,1678217724,0.055200,,,,true,,POST,http://20.210.36.32:8080/prediction/knn,HTTP/1.1,contacts,,200,,,http://20.210.36.32:8080/prediction/knn,,
http_req_waiting,1678217724,1890.882687,,,,true,,POST,http://20.210.36.32:8080/prediction/knn,HTTP/1.1,contacts,,200,,,http://20.210.36.32:8080/prediction/knn,,
http_req_receiving,1678217724,0.071401,,,,true,,POST,http://20.210.36.32:8080/prediction/knn,HTTP/1.1,contacts,,200,,,http://20.210.36.32:8080/prediction/knn,,
http_req_failed,1678217724,0.000000,,,,true,,POST,http://20.210.36.32:8080/prediction/knn,HTTP/1.1,contacts,,200,,,http://20.210.36.32:8080/prediction/knn,,
responseTime,1678217724,1891.009288,,,,,,,,,contacts,,,,,,,
data_sent,1678217724,2088.000000,,,,,,,,,contacts,,,,,,,
data_received,1678217724,199.000000,,,,,,,,,contacts,,,,,,,
iteration_duration,1678217724,1896.203110,,,,,,,,,contacts,,,,,,,
iterations,1678217724,1.000000,,,,,,,,,contacts,,,,,,,
data_sent,1678217724,2088.000000,,,,,,,,,contacts,,,,,,,
data_received,1678217724,0.000000,,,,,,,,,contacts,,,,,,,
http_reqs,1678217724,1.000000,,,,true,,POST,http://20.210.36.32:8080/prediction/knn,HTTP/1.1,contacts,,200,,,http://20.210.36.32:8080/prediction/knn,,
http_req_duration,1678217724,1967.684318,,,,true,,POST,http://20.210.36.32:8080/prediction/knn,HTTP/1.1,contacts,,200,,,http://20.210.36.32:8080/prediction/knn,,
http_req_blocked,1678217724,4.280718,,,,true,,POST,http://20.210.36.32:8080/prediction/knn,HTTP/1.1,contacts,,200,,,http://20.210.36.32:8080/prediction/knn,,
http_req_connecting,1678217724,4.217918,,,,true,,POST,http://20.210.36.32:8080/prediction/knn,HTTP/1.1,contacts,,200,,,http://20.210.36.32:8080/prediction/knn,,
http_req_tls_handshaking,1678217724,0.000000,,,,true,,POST,http://20.210.36.32:8080/prediction/knn,HTTP/1.1,contacts,,200,,,http://20.210.36.32:8080/prediction/knn,,
http_req_sending,1678217724,0.053200,,,,true,,POST,http://20.210.36.32:8080/prediction/knn,HTTP/1.1,contacts,,200,,,http://20.210.36.32:8080/prediction/knn,,
http_req_waiting,1678217724,1967.483518,,,,true,,POST,http://20.210.36.32:8080/prediction/knn,HTTP/1.1,contacts,,200,,,http://20.210.36.32:8080/prediction/knn,,
http_req_receiving,1678217724,0.147600,,,,true,,POST,http://20.210.36.32:8080/prediction/knn,HTTP/1.1,contacts,,200,,,http://20.210.36.32:8080/prediction/knn,,
http_req_failed,1678217724,0.000000,,,,true,,POST,http://20.210.36.32:8080/prediction/knn,HTTP/1.1,contacts,,200,,,http://20.210.36.32:8080/prediction/knn,,
responseTime,1678217724,1967.684318,,,,,,,,,contacts,,,,,,,
data_sent,1678217724,2088.000000,,,,,,,,,contacts,,,,,,,
data_received,1678217724,199.000000,,,,,,,,,contacts,,,,,,,
iteration_duration,1678217724,1972.509640,,,,,,,,,contacts,,,,,,,
iterations,1678217724,1.000000,,,,,,,,,contacts,,,,,,,
http_reqs,1678217724,1.000000,,,,true,,POST,http://20.210.36.32:8080/prediction/knn,HTTP/1.1,contacts,,200,,,http://20.210.36.32:8080/prediction/knn,,
http_req_duration,1678217724,1856.938971,,,,true,,POST,http://20.210.36.32:8080/prediction/knn,HTTP/1.1,contacts,,200,,,http://20.210.36.32:8080/prediction/knn,,
http_req_blocked,1678217724,4.255918,,,,true,,POST,http://20.210.36.32:8080/prediction/knn,HTTP/1.1,contacts,,200,,,http://20.210.36.32:8080/prediction/knn,,
http_req_connecting,1678217724,4.188017,,,,true,,POST,http://20.210.36.32:8080/prediction/knn,HTTP/1.1,contacts,,200,,,http://20.210.36.32:8080/prediction/knn,,
http_req_tls_handshaking,1678217724,0.000000,,,,true,,POST,http://20.210.36.32:8080/prediction/knn,HTTP/1.1,contacts,,200,,,http://20.210.36.32:8080/prediction/knn,,
http_req_sending,1678217724,0.090201,,,,true,,POST,http://20.210.36.32:8080/prediction/knn,HTTP/1.1,contacts,,200,,,http://20.210.36.32:8080/prediction/knn,,
http_req_waiting,1678217724,1856.796470,,,,true,,POST,http://20.210.36.32:8080/prediction/knn,HTTP/1.1,contacts,,200,,,http://20.210.36.32:8080/prediction/knn,,
http_req_receiving,1678217724,0.052300,,,,true,,POST,http://20.210.36.32:8080/prediction/knn,HTTP/1.1,contacts,,200,,,http://20.210.36.32:8080/prediction/knn,,
http_req_failed,1678217724,0.000000,,,,true,,POST,http://20.210.36.32:8080/prediction/knn,HTTP/1.1,contacts,,200,,,http://20.210.36.32:8080/prediction/knn,,
responseTime,1678217724,1856.938971,,,,,,,,,contacts,,,,,,,
data_sent,1678217724,2088.000000,,,,,,,,,contacts,,,,,,,
data_received,1678217724,199.000000,,,,,,,,,contacts,,,,,,,
iteration_duration,1678217724,1861.628891,,,,,,,,,contacts,,,,,,,
iterations,1678217724,1.000000,,,,,,,,,contacts,,,,,,,
http_reqs,1678217724,1.000000,,,,true,,POST,http://20.210.36.32:8080/prediction/knn,HTTP/1.1,contacts,,200,,,http://20.210.36.32:8080/prediction/knn,,
http_req_duration,1678217724,1785.094869,,,,true,,POST,http://20.210.36.32:8080/prediction/knn,HTTP/1.1,contacts,,200,,,http://20.210.36.32:8080/prediction/knn,,
http_req_blocked,1678217724,4.263918,,,,true,,POST,http://20.210.36.32:8080/prediction/knn,HTTP/1.1,contacts,,200,,,http://20.210.36.32:8080/prediction/knn,,
http_req_connecting,1678217724,4.187818,,,,true,,POST,http://20.210.36.32:8080/prediction/knn,HTTP/1.1,contacts,,200,,,http://20.210.36.32:8080/prediction/knn,,
http_req_tls_handshaking,1678217724,0.000000,,,,true,,POST,http://20.210.36.32:8080/prediction/knn,HTTP/1.1,contacts,,200,,,http://20.210.36.32:8080/prediction/knn,,
http_req_sending,1678217724,0.061300,,,,true,,POST,http://20.210.36.32:8080/prediction/knn,HTTP/1.1,contacts,,200,,,http://20.210.36.32:8080/prediction/knn,,
http_req_waiting,1678217724,1784.894769,,,,true,,POST,http://20.210.36.32:8080/prediction/knn,HTTP/1.1,contacts,,200,,,http://20.210.36.32:8080/prediction/knn,,
http_req_receiving,1678217724,0.138800,,,,true,,POST,http://20.210.36.32:8080/prediction/knn,HTTP/1.1,contacts,,200,,,http://20.210.36.32:8080/prediction/knn,,
http_req_failed,1678217724,0.000000,,,,true,,POST,http://20.210.36.32:8080/prediction/knn,HTTP/1.1,contacts,,200,,,http://20.210.36.32:8080/prediction/knn,,
responseTime,1678217724,1785.094869,,,,,,,,,contacts,,,,,,,
data_sent,1678217724,2088.000000,,,,,,,,,contacts,,,,,,,
data_received,1678217724,199.000000,,,,,,,,,contacts,,,,,,,
iteration_duration,1678217724,1789.907790,,,,,,,,,contacts,,,,,,,
iterations,1678217724,1.000000,,,,,,,,,contacts,,,,,,,
http_reqs,1678217724,1.000000,,,,true,,POST,http://20.210.36.32:8080/prediction/knn,HTTP/1.1,contacts,,200,,,http://20.210.36.32:8080/prediction/knn,,
http_req_duration,1678217724,1809.799475,,,,true,,POST,http://20.210.36.32:8080/prediction/knn,HTTP/1.1,contacts,,200,,,http://20.210.36.32:8080/prediction/knn,,
http_req_blocked,1678217724,3.959517,,,,true,,POST,http://20.210.36.32:8080/prediction/knn,HTTP/1.1,contacts,,200,,,http://20.210.36.32:8080/prediction/knn,,
http_req_connecting,1678217724,3.894417,,,,true,,POST,http://20.210.36.32:8080/prediction/knn,HTTP/1.1,contacts,,200,,,http://20.210.36.32:8080/prediction/knn,,
http_req_tls_handshaking,1678217724,0.000000,,,,true,,POST,http://20.210.36.32:8080/prediction/knn,HTTP/1.1,contacts,,200,,,http://20.210.36.32:8080/prediction/knn,,
http_req_sending,1678217724,0.057300,,,,true,,POST,http://20.210.36.32:8080/prediction/knn,HTTP/1.1,contacts,,200,,,http://20.210.36.32:8080/prediction/knn,,
http_req_waiting,1678217724,1809.694574,,,,true,,POST,http://20.210.36.32:8080/prediction/knn,HTTP/1.1,contacts,,200,,,http://20.210.36.32:8080/prediction/knn,,
http_req_receiving,1678217724,0.047601,,,,true,,POST,http://20.210.36.32:8080/prediction/knn,HTTP/1.1,contacts,,200,,,http://20.210.36.32:8080/prediction/knn,,
http_req_failed,1678217724,0.000000,,,,true,,POST,http://20.210.36.32:8080/prediction/knn,HTTP/1.1,contacts,,200,,,http://20.210.36.32:8080/prediction/knn,,
responseTime,1678217724,1809.799475,,,,,,,,,contacts,,,,,,,
data_sent,1678217724,2088.000000,,,,,,,,,contacts,,,,,,,
data_received,1678217724,199.000000,,,,,,,,,contacts,,,,,,,
iteration_duration,1678217724,1814.248594,,,,,,,,,contacts,,,,,,,
iterations,1678217724,1.000000,,,,,,,,,contacts,,,,,,,
data_sent,1678217724,2088.000000,,,,,,,,,contacts,,,,,,,
data_received,1678217724,0.000000,,,,,,,,,contacts,,,,,,,
http_reqs,1678217724,1.000000,,,,true,,POST,http://20.210.36.32:8080/prediction/knn,HTTP/1.1,contacts,,200,,,http://20.210.36.32:8080/prediction/knn,,
http_req_duration,1678217724,1919.327974,,,,true,,POST,http://20.210.36.32:8080/prediction/knn,HTTP/1.1,contacts,,200,,,http://20.210.36.32:8080/prediction/knn,,
http_req_blocked,1678217724,5.602124,,,,true,,POST,http://20.210.36.32:8080/prediction/knn,HTTP/1.1,contacts,,200,,,http://20.210.36.32:8080/prediction/knn,,
http_req_connecting,1678217724,5.495223,,,,true,,POST,http://20.210.36.32:8080/prediction/knn,HTTP/1.1,contacts,,200,,,http://20.210.36.32:8080/prediction/knn,,
http_req_tls_handshaking,1678217724,0.000000,,,,true,,POST,http://20.210.36.32:8080/prediction/knn,HTTP/1.1,contacts,,200,,,http://20.210.36.32:8080/prediction/knn,,
http_req_sending,1678217724,0.070200,,,,true,,POST,http://20.210.36.32:8080/prediction/knn,HTTP/1.1,contacts,,200,,,http://20.210.36.32:8080/prediction/knn,,
http_req_waiting,1678217724,1919.128474,,,,true,,POST,http://20.210.36.32:8080/prediction/knn,HTTP/1.1,contacts,,200,,,http://20.210.36.32:8080/prediction/knn,,
http_req_receiving,1678217724,0.129300,,,,true,,POST,http://20.210.36.32:8080/prediction/knn,HTTP/1.1,contacts,,200,,,http://20.210.36.32:8080/prediction/knn,,
http_req_failed,1678217724,0.000000,,,,true,,POST,http://20.210.36.32:8080/prediction/knn,HTTP/1.1,contacts,,200,,,http://20.210.36.32:8080/prediction/knn,,
responseTime,1678217724,1919.327974,,,,,,,,,contacts,,,,,,,
data_sent,1678217724,2088.000000,,,,,,,,,contacts,,,,,,,
data_received,1678217724,199.000000,,,,,,,,,contacts,,,,,,,
iteration_duration,1678217724,1925.519501,,,,,,,,,contacts,,,,,,,
iterations,1678217724,1.000000,,,,,,,,,contacts,,,,,,,
http_reqs,1678217724,1.000000,,,,true,,POST,http://20.210.36.32:8080/prediction/knn,HTTP/1.1,contacts,,200,,,http://20.210.36.32:8080/prediction/knn,,
http_req_duration,1678217724,1820.741778,,,,true,,POST,http://20.210.36.32:8080/prediction/knn,HTTP/1.1,contacts,,200,,,http://20.210.36.32:8080/prediction/knn,,
http_req_blocked,1678217724,3.752316,,,,true,,POST,http://20.210.36.32:8080/prediction/knn,HTTP/1.1,contacts,,200,,,http://20.210.36.32:8080/prediction/knn,,
http_req_connecting,1678217724,3.683216,,,,true,,POST,http://20.210.36.32:8080/prediction/knn,HTTP/1.1,contacts,,200,,,http://20.210.36.32:8080/prediction/knn,,
http_req_tls_handshaking,1678217724,0.000000,,,,true,,POST,http://20.210.36.32:8080/prediction/knn,HTTP/1.1,contacts,,200,,,http://20.210.36.32:8080/prediction/knn,,
http_req_sending,1678217724,0.050100,,,,true,,POST,http://20.210.36.32:8080/prediction/knn,HTTP/1.1,contacts,,200,,,http://20.210.36.32:8080/prediction/knn,,
http_req_waiting,1678217724,1820.618478,,,,true,,POST,http://20.210.36.32:8080/prediction/knn,HTTP/1.1,contacts,,200,,,http://20.210.36.32:8080/prediction/knn,,
http_req_receiving,1678217724,0.073200,,,,true,,POST,http://20.210.36.32:8080/prediction/knn,HTTP/1.1,contacts,,200,,,http://20.210.36.32:8080/prediction/knn,,
http_req_failed,1678217724,0.000000,,,,true,,POST,http://20.210.36.32:8080/prediction/knn,HTTP/1.1,contacts,,200,,,http://20.210.36.32:8080/prediction/knn,,
responseTime,1678217724,1820.741778,,,,,,,,,contacts,,,,,,,
data_sent,1678217724,2088.000000,,,,,,,,,contacts,,,,,,,
data_received,1678217724,199.000000,,,,,,,,,contacts,,,,,,,
iteration_duration,1678217724,1824.857296,,,,,,,,,contacts,,,,,,,
iterations,1678217724,1.000000,,,,,,,,,contacts,,,,,,,
http_reqs,1678217724,1.000000,,,,true,,POST,http://20.210.36.32:8080/prediction/knn,HTTP/1.1,contacts,,200,,,http://20.210.36.32:8080/prediction/knn,,
http_req_duration,1678217724,1734.308846,,,,true,,POST,http://20.210.36.32:8080/prediction/knn,HTTP/1.1,contacts,,200,,,http://20.210.36.32:8080/prediction/knn,,
http_req_blocked,1678217724,4.067322,,,,true,,POST,http://20.210.36.32:8080/prediction/knn,HTTP/1.1,contacts,,200,,,http://20.210.36.32:8080/prediction/knn,,
http_req_connecting,1678217724,3.981022,,,,true,,POST,http://20.210.36.32:8080/prediction/knn,HTTP/1.1,contacts,,200,,,http://20.210.36.32:8080/prediction/knn,,
http_req_tls_handshaking,1678217724,0.000000,,,,true,,POST,http://20.210.36.32:8080/prediction/knn,HTTP/1.1,contacts,,200,,,http://20.210.36.32:8080/prediction/knn,,
http_req_sending,1678217724,0.082201,,,,true,,POST,http://20.210.36.32:8080/prediction/knn,HTTP/1.1,contacts,,200,,,http://20.210.36.32:8080/prediction/knn,,
http_req_waiting,1678217724,1733.958944,,,,true,,POST,http://20.210.36.32:8080/prediction/knn,HTTP/1.1,contacts,,200,,,http://20.210.36.32:8080/prediction/knn,,
http_req_receiving,1678217724,0.267701,,,,true,,POST,http://20.210.36.32:8080/prediction/knn,HTTP/1.1,contacts,,200,,,http://20.210.36.32:8080/prediction/knn,,
http_req_failed,1678217724,0.000000,,,,true,,POST,http://20.210.36.32:8080/prediction/knn,HTTP/1.1,contacts,,200,,,http://20.210.36.32:8080/prediction/knn,,
responseTime,1678217724,1734.308846,,,,,,,,,contacts,,,,,,,
data_sent,1678217724,2088.000000,,,,,,,,,contacts,,,,,,,
data_received,1678217724,199.000000,,,,,,,,,contacts,,,,,,,
iteration_duration,1678217724,1738.747070,,,,,,,,,contacts,,,,,,,
iterations,1678217724,1.000000,,,,,,,,,contacts,,,,,,,
http_reqs,1678217724,1.000000,,,,true,,POST,http://20.210.36.32:8080/prediction/knn,HTTP/1.1,contacts,,200,,,http://20.210.36.32:8080/prediction/knn,,
http_req_duration,1678217724,1776.574179,,,,true,,POST,http://20.210.36.32:8080/prediction/knn,HTTP/1.1,contacts,,200,,,http://20.210.36.32:8080/prediction/knn,,
http_req_blocked,1678217724,3.918121,,,,true,,POST,http://20.210.36.32:8080/prediction/knn,HTTP/1.1,contacts,,200,,,http://20.210.36.32:8080/prediction/knn,,
http_req_connecting,1678217724,3.859521,,,,true,,POST,http://20.210.36.32:8080/prediction/knn,HTTP/1.1,contacts,,200,,,http://20.210.36.32:8080/prediction/knn,,
http_req_tls_handshaking,1678217724,0.000000,,,,true,,POST,http://20.210.36.32:8080/prediction/knn,HTTP/1.1,contacts,,200,,,http://20.210.36.32:8080/prediction/knn,,
http_req_sending,1678217724,0.058500,,,,true,,POST,http://20.210.36.32:8080/prediction/knn,HTTP/1.1,contacts,,200,,,http://20.210.36.32:8080/prediction/knn,,
http_req_waiting,1678217724,1776.409678,,,,true,,POST,http://20.210.36.32:8080/prediction/knn,HTTP/1.1,contacts,,200,,,http://20.210.36.32:8080/prediction/knn,,
http_req_receiving,1678217724,0.106001,,,,true,,POST,http://20.210.36.32:8080/prediction/knn,HTTP/1.1,contacts,,200,,,http://20.210.36.32:8080/prediction/knn,,
http_req_failed,1678217724,0.000000,,,,true,,POST,http://20.210.36.32:8080/prediction/knn,HTTP/1.1,contacts,,200,,,http://20.210.36.32:8080/prediction/knn,,
responseTime,1678217724,1776.574179,,,,,,,,,contacts,,,,,,,
data_sent,1678217724,2088.000000,,,,,,,,,contacts,,,,,,,
data_received,1678217724,199.000000,,,,,,,,,contacts,,,,,,,
iteration_duration,1678217724,1780.893802,,,,,,,,,contacts,,,,,,,
iterations,1678217724,1.000000,,,,,,,,,contacts,,,,,,,
http_reqs,1678217724,1.000000,,,,true,,POST,http://20.210.36.32:8080/prediction/knn,HTTP/1.1,contacts,,200,,,http://20.210.36.32:8080/prediction/knn,,
http_req_duration,1678217724,1805.186536,,,,true,,POST,http://20.210.36.32:8080/prediction/knn,HTTP/1.1,contacts,,200,,,http://20.210.36.32:8080/prediction/knn,,
http_req_blocked,1678217724,4.512725,,,,true,,POST,http://20.210.36.32:8080/prediction/knn,HTTP/1.1,contacts,,200,,,http://20.210.36.32:8080/prediction/knn,,
http_req_connecting,1678217724,4.426125,,,,true,,POST,http://20.210.36.32:8080/prediction/knn,HTTP/1.1,contacts,,200,,,http://20.210.36.32:8080/prediction/knn,,
http_req_tls_handshaking,1678217724,0.000000,,,,true,,POST,http://20.210.36.32:8080/prediction/knn,HTTP/1.1,contacts,,200,,,http://20.210.36.32:8080/prediction/knn,,
http_req_sending,1678217724,0.111900,,,,true,,POST,http://20.210.36.32:8080/prediction/knn,HTTP/1.1,contacts,,200,,,http://20.210.36.32:8080/prediction/knn,,
http_req_waiting,1678217724,1804.987236,,,,true,,POST,http://20.210.36.32:8080/prediction/knn,HTTP/1.1,contacts,,200,,,http://20.210.36.32:8080/prediction/knn,,
http_req_receiving,1678217724,0.087400,,,,true,,POST,http://20.210.36.32:8080/prediction/knn,HTTP/1.1,contacts,,200,,,http://20.210.36.32:8080/prediction/knn,,
http_req_failed,1678217724,0.000000,,,,true,,POST,http://20.210.36.32:8080/prediction/knn,HTTP/1.1,contacts,,200,,,http://20.210.36.32:8080/prediction/knn,,
responseTime,1678217724,1805.186536,,,,,,,,,contacts,,,,,,,
data_sent,1678217724,2088.000000,,,,,,,,,contacts,,,,,,,
data_received,1678217724,199.000000,,,,,,,,,contacts,,,,,,,
iteration_duration,1678217724,1810.266964,,,,,,,,,contacts,,,,,,,
iterations,1678217724,1.000000,,,,,,,,,contacts,,,,,,,
http_reqs,1678217724,1.000000,,,,true,,POST,http://20.210.36.32:8080/prediction/knn,HTTP/1.1,contacts,,200,,,http://20.210.36.32:8080/prediction/knn,,
http_req_duration,1678217724,1794.553478,,,,true,,POST,http://20.210.36.32:8080/prediction/knn,HTTP/1.1,contacts,,200,,,http://20.210.36.32:8080/prediction/knn,,
http_req_blocked,1678217724,3.617320,,,,true,,POST,http://20.210.36.32:8080/prediction/knn,HTTP/1.1,contacts,,200,,,http://20.210.36.32:8080/prediction/knn,,
http_req_connecting,1678217724,3.559120,,,,true,,POST,http://20.210.36.32:8080/prediction/knn,HTTP/1.1,contacts,,200,,,http://20.210.36.32:8080/prediction/knn,,
http_req_tls_handshaking,1678217724,0.000000,,,,true,,POST,http://20.210.36.32:8080/prediction/knn,HTTP/1.1,contacts,,200,,,http://20.210.36.32:8080/prediction/knn,,
http_req_sending,1678217724,0.056900,,,,true,,POST,http://20.210.36.32:8080/prediction/knn,HTTP/1.1,contacts,,200,,,http://20.210.36.32:8080/prediction/knn,,
http_req_waiting,1678217724,1794.343377,,,,true,,POST,http://20.210.36.32:8080/prediction/knn,HTTP/1.1,contacts,,200,,,http://20.210.36.32:8080/prediction/knn,,
http_req_receiving,1678217724,0.153201,,,,true,,POST,http://20.210.36.32:8080/prediction/knn,HTTP/1.1,contacts,,200,,,http://20.210.36.32:8080/prediction/knn,,
http_req_failed,1678217724,0.000000,,,,true,,POST,http://20.210.36.32:8080/prediction/knn,HTTP/1.1,contacts,,200,,,http://20.210.36.32:8080/prediction/knn,,
http_reqs,1678217724,1.000000,,,,true,,POST,http://20.210.36.32:8080/prediction/knn,HTTP/1.1,contacts,,200,,,http://20.210.36.32:8080/prediction/knn,,
http_req_duration,1678217724,1795.160081,,,,true,,POST,http://20.210.36.32:8080/prediction/knn,HTTP/1.1,contacts,,200,,,http://20.210.36.32:8080/prediction/knn,,
http_req_blocked,1678217724,3.662020,,,,true,,POST,http://20.210.36.32:8080/prediction/knn,HTTP/1.1,contacts,,200,,,http://20.210.36.32:8080/prediction/knn,,
http_req_connecting,1678217724,3.603920,,,,true,,POST,http://20.210.36.32:8080/prediction/knn,HTTP/1.1,contacts,,200,,,http://20.210.36.32:8080/prediction/knn,,
http_req_tls_handshaking,1678217724,0.000000,,,,true,,POST,http://20.210.36.32:8080/prediction/knn,HTTP/1.1,contacts,,200,,,http://20.210.36.32:8080/prediction/knn,,
http_req_sending,1678217724,0.059100,,,,true,,POST,http://20.210.36.32:8080/prediction/knn,HTTP/1.1,contacts,,200,,,http://20.210.36.32:8080/prediction/knn,,
http_req_waiting,1678217724,1794.981981,,,,true,,POST,http://20.210.36.32:8080/prediction/knn,HTTP/1.1,contacts,,200,,,http://20.210.36.32:8080/prediction/knn,,
http_req_receiving,1678217724,0.119000,,,,true,,POST,http://20.210.36.32:8080/prediction/knn,HTTP/1.1,contacts,,200,,,http://20.210.36.32:8080/prediction/knn,,
http_req_failed,1678217724,0.000000,,,,true,,POST,http://20.210.36.32:8080/prediction/knn,HTTP/1.1,contacts,,200,,,http://20.210.36.32:8080/prediction/knn,,
responseTime,1678217724,1794.553478,,,,,,,,,contacts,,,,,,,
data_sent,1678217724,2088.000000,,,,,,,,,contacts,,,,,,,
data_received,1678217724,199.000000,,,,,,,,,contacts,,,,,,,
iteration_duration,1678217724,1798.654700,,,,,,,,,contacts,,,,,,,
iterations,1678217724,1.000000,,,,,,,,,contacts,,,,,,,
responseTime,1678217724,1795.160081,,,,,,,,,contacts,,,,,,,
data_sent,1678217724,2088.000000,,,,,,,,,contacts,,,,,,,
data_received,1678217724,199.000000,,,,,,,,,contacts,,,,,,,
iteration_duration,1678217724,1799.746507,,,,,,,,,contacts,,,,,,,
iterations,1678217724,1.000000,,,,,,,,,contacts,,,,,,,
data_sent,1678217724,2088.000000,,,,,,,,,contacts,,,,,,,
data_received,1678217724,0.000000,,,,,,,,,contacts,,,,,,,
http_reqs,1678217724,1.000000,,,,true,,POST,http://20.210.36.32:8080/prediction/knn,HTTP/1.1,contacts,,200,,,http://20.210.36.32:8080/prediction/knn,,
http_req_duration,1678217724,1812.386876,,,,true,,POST,http://20.210.36.32:8080/prediction/knn,HTTP/1.1,contacts,,200,,,http://20.210.36.32:8080/prediction/knn,,
http_req_blocked,1678217724,3.736421,,,,true,,POST,http://20.210.36.32:8080/prediction/knn,HTTP/1.1,contacts,,200,,,http://20.210.36.32:8080/prediction/knn,,
http_req_connecting,1678217724,3.669821,,,,true,,POST,http://20.210.36.32:8080/prediction/knn,HTTP/1.1,contacts,,200,,,http://20.210.36.32:8080/prediction/knn,,
http_req_tls_handshaking,1678217724,0.000000,,,,true,,POST,http://20.210.36.32:8080/prediction/knn,HTTP/1.1,contacts,,200,,,http://20.210.36.32:8080/prediction/knn,,
http_req_sending,1678217724,0.057600,,,,true,,POST,http://20.210.36.32:8080/prediction/knn,HTTP/1.1,contacts,,200,,,http://20.210.36.32:8080/prediction/knn,,
http_req_waiting,1678217724,1803.031824,,,,true,,POST,http://20.210.36.32:8080/prediction/knn,HTTP/1.1,contacts,,200,,,http://20.210.36.32:8080/prediction/knn,,
http_req_receiving,1678217724,9.297452,,,,true,,POST,http://20.210.36.32:8080/prediction/knn,HTTP/1.1,contacts,,200,,,http://20.210.36.32:8080/prediction/knn,,
http_req_failed,1678217724,0.000000,,,,true,,POST,http://20.210.36.32:8080/prediction/knn,HTTP/1.1,contacts,,200,,,http://20.210.36.32:8080/prediction/knn,,
http_reqs,1678217724,1.000000,,,,true,,POST,http://20.210.36.32:8080/prediction/knn,HTTP/1.1,contacts,,200,,,http://20.210.36.32:8080/prediction/knn,,
http_req_duration,1678217724,1832.523987,,,,true,,POST,http://20.210.36.32:8080/prediction/knn,HTTP/1.1,contacts,,200,,,http://20.210.36.32:8080/prediction/knn,,
http_req_blocked,1678217724,3.768721,,,,true,,POST,http://20.210.36.32:8080/prediction/knn,HTTP/1.1,contacts,,200,,,http://20.210.36.32:8080/prediction/knn,,
http_req_connecting,1678217724,3.714220,,,,true,,POST,http://20.210.36.32:8080/prediction/knn,HTTP/1.1,contacts,,200,,,http://20.210.36.32:8080/prediction/knn,,
http_req_tls_handshaking,1678217724,0.000000,,,,true,,POST,http://20.210.36.32:8080/prediction/knn,HTTP/1.1,contacts,,200,,,http://20.210.36.32:8080/prediction/knn,,
http_req_sending,1678217724,0.055800,,,,true,,POST,http://20.210.36.32:8080/prediction/knn,HTTP/1.1,contacts,,200,,,http://20.210.36.32:8080/prediction/knn,,
http_req_waiting,1678217724,1832.131985,,,,true,,POST,http://20.210.36.32:8080/prediction/knn,HTTP/1.1,contacts,,200,,,http://20.210.36.32:8080/prediction/knn,,
http_req_receiving,1678217724,0.336202,,,,true,,POST,http://20.210.36.32:8080/prediction/knn,HTTP/1.1,contacts,,200,,,http://20.210.36.32:8080/prediction/knn,,
http_req_failed,1678217724,0.000000,,,,true,,POST,http://20.210.36.32:8080/prediction/knn,HTTP/1.1,contacts,,200,,,http://20.210.36.32:8080/prediction/knn,,
responseTime,1678217724,1812.386876,,,,,,,,,contacts,,,,,,,
data_sent,1678217724,2088.000000,,,,,,,,,contacts,,,,,,,
data_received,1678217724,199.000000,,,,,,,,,contacts,,,,,,,
iteration_duration,1678217724,1816.944601,,,,,,,,,contacts,,,,,,,
iterations,1678217724,1.000000,,,,,,,,,contacts,,,,,,,
responseTime,1678217724,1832.523987,,,,,,,,,contacts,,,,,,,
data_sent,1678217724,2088.000000,,,,,,,,,contacts,,,,,,,
data_received,1678217724,199.000000,,,,,,,,,contacts,,,,,,,
iteration_duration,1678217724,1836.827311,,,,,,,,,contacts,,,,,,,
iterations,1678217724,1.000000,,,,,,,,,contacts,,,,,,,
http_reqs,1678217724,1.000000,,,,true,,POST,http://20.210.36.32:8080/prediction/knn,HTTP/1.1,contacts,,200,,,http://20.210.36.32:8080/prediction/knn,,
http_req_duration,1678217724,1785.525328,,,,true,,POST,http://20.210.36.32:8080/prediction/knn,HTTP/1.1,contacts,,200,,,http://20.210.36.32:8080/prediction/knn,,
http_req_blocked,1678217724,17.162195,,,,true,,POST,http://20.210.36.32:8080/prediction/knn,HTTP/1.1,contacts,,200,,,http://20.210.36.32:8080/prediction/knn,,
http_req_connecting,1678217724,17.060294,,,,true,,POST,http://20.210.36.32:8080/prediction/knn,HTTP/1.1,contacts,,200,,,http://20.210.36.32:8080/prediction/knn,,
http_req_tls_handshaking,1678217724,0.000000,,,,true,,POST,http://20.210.36.32:8080/prediction/knn,HTTP/1.1,contacts,,200,,,http://20.210.36.32:8080/prediction/knn,,
http_req_sending,1678217724,0.084600,,,,true,,POST,http://20.210.36.32:8080/prediction/knn,HTTP/1.1,contacts,,200,,,http://20.210.36.32:8080/prediction/knn,,
http_req_waiting,1678217724,1780.989003,,,,true,,POST,http://20.210.36.32:8080/prediction/knn,HTTP/1.1,contacts,,200,,,http://20.210.36.32:8080/prediction/knn,,
http_req_receiving,1678217724,4.451725,,,,true,,POST,http://20.210.36.32:8080/prediction/knn,HTTP/1.1,contacts,,200,,,http://20.210.36.32:8080/prediction/knn,,
http_req_failed,1678217724,0.000000,,,,true,,POST,http://20.210.36.32:8080/prediction/knn,HTTP/1.1,contacts,,200,,,http://20.210.36.32:8080/prediction/knn,,
responseTime,1678217724,1785.525328,,,,,,,,,contacts,,,,,,,
data_sent,1678217724,2088.000000,,,,,,,,,contacts,,,,,,,
data_received,1678217724,199.000000,,,,,,,,,contacts,,,,,,,
iteration_duration,1678217724,1803.155525,,,,,,,,,contacts,,,,,,,
iterations,1678217724,1.000000,,,,,,,,,contacts,,,,,,,
http_reqs,1678217724,1.000000,,,,true,,POST,http://20.210.36.32:8080/prediction/knn,HTTP/1.1,contacts,,200,,,http://20.210.36.32:8080/prediction/knn,,
http_req_duration,1678217724,1826.165552,,,,true,,POST,http://20.210.36.32:8080/prediction/knn,HTTP/1.1,contacts,,200,,,http://20.210.36.32:8080/prediction/knn,,
http_req_blocked,1678217724,3.778321,,,,true,,POST,http://20.210.36.32:8080/prediction/knn,HTTP/1.1,contacts,,200,,,http://20.210.36.32:8080/prediction/knn,,
http_req_connecting,1678217724,3.720720,,,,true,,POST,http://20.210.36.32:8080/prediction/knn,HTTP/1.1,contacts,,200,,,http://20.210.36.32:8080/prediction/knn,,
http_req_tls_handshaking,1678217724,0.000000,,,,true,,POST,http://20.210.36.32:8080/prediction/knn,HTTP/1.1,contacts,,200,,,http://20.210.36.32:8080/prediction/knn,,
http_req_sending,1678217724,0.053100,,,,true,,POST,http://20.210.36.32:8080/prediction/knn,HTTP/1.1,contacts,,200,,,http://20.210.36.32:8080/prediction/knn,,
http_req_waiting,1678217724,1825.605849,,,,true,,POST,http://20.210.36.32:8080/prediction/knn,HTTP/1.1,contacts,,200,,,http://20.210.36.32:8080/prediction/knn,,
http_req_receiving,1678217724,0.506603,,,,true,,POST,http://20.210.36.32:8080/prediction/knn,HTTP/1.1,contacts,,200,,,http://20.210.36.32:8080/prediction/knn,,
http_req_failed,1678217724,0.000000,,,,true,,POST,http://20.210.36.32:8080/prediction/knn,HTTP/1.1,contacts,,200,,,http://20.210.36.32:8080/prediction/knn,,
responseTime,1678217724,1826.165552,,,,,,,,,contacts,,,,,,,
data_sent,1678217724,2088.000000,,,,,,,,,contacts,,,,,,,
data_received,1678217724,199.000000,,,,,,,,,contacts,,,,,,,
iteration_duration,1678217724,1830.754777,,,,,,,,,contacts,,,,,,,
iterations,1678217724,1.000000,,,,,,,,,contacts,,,,,,,
http_reqs,1678217724,1.000000,,,,true,,POST,http://20.210.36.32:8080/prediction/knn,HTTP/1.1,contacts,,200,,,http://20.210.36.32:8080/prediction/knn,,
http_req_duration,1678217724,1828.501965,,,,true,,POST,http://20.210.36.32:8080/prediction/knn,HTTP/1.1,contacts,,200,,,http://20.210.36.32:8080/prediction/knn,,
http_req_blocked,1678217724,3.650520,,,,true,,POST,http://20.210.36.32:8080/prediction/knn,HTTP/1.1,contacts,,200,,,http://20.210.36.32:8080/prediction/knn,,
http_req_connecting,1678217724,3.590020,,,,true,,POST,http://20.210.36.32:8080/prediction/knn,HTTP/1.1,contacts,,200,,,http://20.210.36.32:8080/prediction/knn,,
http_req_tls_handshaking,1678217724,0.000000,,,,true,,POST,http://20.210.36.32:8080/prediction/knn,HTTP/1.1,contacts,,200,,,http://20.210.36.32:8080/prediction/knn,,
http_req_sending,1678217724,0.053400,,,,true,,POST,http://20.210.36.32:8080/prediction/knn,HTTP/1.1,contacts,,200,,,http://20.210.36.32:8080/prediction/knn,,
http_req_waiting,1678217724,1828.143863,,,,true,,POST,http://20.210.36.32:8080/prediction/knn,HTTP/1.1,contacts,,200,,,http://20.210.36.32:8080/prediction/knn,,
http_req_receiving,1678217724,0.304702,,,,true,,POST,http://20.210.36.32:8080/prediction/knn,HTTP/1.1,contacts,,200,,,http://20.210.36.32:8080/prediction/knn,,
http_req_failed,1678217724,0.000000,,,,true,,POST,http://20.210.36.32:8080/prediction/knn,HTTP/1.1,contacts,,200,,,http://20.210.36.32:8080/prediction/knn,,
responseTime,1678217724,1828.501965,,,,,,,,,contacts,,,,,,,
data_sent,1678217724,2088.000000,,,,,,,,,contacts,,,,,,,
data_received,1678217724,199.000000,,,,,,,,,contacts,,,,,,,
iteration_duration,1678217724,1832.997190,,,,,,,,,contacts,,,,,,,
iterations,1678217724,1.000000,,,,,,,,,contacts,,,,,,,
http_reqs,1678217724,1.000000,,,,true,,POST,http://20.210.36.32:8080/prediction/knn,HTTP/1.1,contacts,,200,,,http://20.210.36.32:8080/prediction/knn,,
http_req_duration,1678217724,1859.601436,,,,true,,POST,http://20.210.36.32:8080/prediction/knn,HTTP/1.1,contacts,,200,,,http://20.210.36.32:8080/prediction/knn,,
http_req_blocked,1678217724,4.139623,,,,true,,POST,http://20.210.36.32:8080/prediction/knn,HTTP/1.1,contacts,,200,,,http://20.210.36.32:8080/prediction/knn,,
http_req_connecting,1678217724,4.074622,,,,true,,POST,http://20.210.36.32:8080/prediction/knn,HTTP/1.1,contacts,,200,,,http://20.210.36.32:8080/prediction/knn,,
http_req_tls_handshaking,1678217724,0.000000,,,,true,,POST,http://20.210.36.32:8080/prediction/knn,HTTP/1.1,contacts,,200,,,http://20.210.36.32:8080/prediction/knn,,
http_req_sending,1678217724,0.054800,,,,true,,POST,http://20.210.36.32:8080/prediction/knn,HTTP/1.1,contacts,,200,,,http://20.210.36.32:8080/prediction/knn,,
http_req_waiting,1678217724,1859.024633,,,,true,,POST,http://20.210.36.32:8080/prediction/knn,HTTP/1.1,contacts,,200,,,http://20.210.36.32:8080/prediction/knn,,
http_req_receiving,1678217724,0.522003,,,,true,,POST,http://20.210.36.32:8080/prediction/knn,HTTP/1.1,contacts,,200,,,http://20.210.36.32:8080/prediction/knn,,
http_req_failed,1678217724,0.000000,,,,true,,POST,http://20.210.36.32:8080/prediction/knn,HTTP/1.1,contacts,,200,,,http://20.210.36.32:8080/prediction/knn,,
responseTime,1678217724,1859.601436,,,,,,,,,contacts,,,,,,,
data_sent,1678217724,2088.000000,,,,,,,,,contacts,,,,,,,
data_received,1678217724,199.000000,,,,,,,,,contacts,,,,,,,
iteration_duration,1678217724,1864.199561,,,,,,,,,contacts,,,,,,,
iterations,1678217724,1.000000,,,,,,,,,contacts,,,,,,,
http_reqs,1678217724,1.000000,,,,true,,POST,http://20.210.36.32:8080/prediction/knn,HTTP/1.1,contacts,,200,,,http://20.210.36.32:8080/prediction/knn,,
http_req_duration,1678217724,1852.768399,,,,true,,POST,http://20.210.36.32:8080/prediction/knn,HTTP/1.1,contacts,,200,,,http://20.210.36.32:8080/prediction/knn,,
http_req_blocked,1678217724,2.134011,,,,true,,POST,http://20.210.36.32:8080/prediction/knn,HTTP/1.1,contacts,,200,,,http://20.210.36.32:8080/prediction/knn,,
http_req_connecting,1678217724,2.083911,,,,true,,POST,http://20.210.36.32:8080/prediction/knn,HTTP/1.1,contacts,,200,,,http://20.210.36.32:8080/prediction/knn,,
http_req_tls_handshaking,1678217724,0.000000,,,,true,,POST,http://20.210.36.32:8080/prediction/knn,HTTP/1.1,contacts,,200,,,http://20.210.36.32:8080/prediction/knn,,
http_req_sending,1678217724,0.052301,,,,true,,POST,http://20.210.36.32:8080/prediction/knn,HTTP/1.1,contacts,,200,,,http://20.210.36.32:8080/prediction/knn,,
http_req_waiting,1678217724,1852.570897,,,,true,,POST,http://20.210.36.32:8080/prediction/knn,HTTP/1.1,contacts,,200,,,http://20.210.36.32:8080/prediction/knn,,
http_req_receiving,1678217724,0.145201,,,,true,,POST,http://20.210.36.32:8080/prediction/knn,HTTP/1.1,contacts,,200,,,http://20.210.36.32:8080/prediction/knn,,
http_req_failed,1678217724,0.000000,,,,true,,POST,http://20.210.36.32:8080/prediction/knn,HTTP/1.1,contacts,,200,,,http://20.210.36.32:8080/prediction/knn,,
responseTime,1678217724,1852.768399,,,,,,,,,contacts,,,,,,,
data_sent,1678217724,2088.000000,,,,,,,,,contacts,,,,,,,
data_received,1678217724,199.000000,,,,,,,,,contacts,,,,,,,
iteration_duration,1678217724,1855.412613,,,,,,,,,contacts,,,,,,,
iterations,1678217724,1.000000,,,,,,,,,contacts,,,,,,,
data_sent,1678217724,2088.000000,,,,,,,,,contacts,,,,,,,
data_received,1678217724,0.000000,,,,,,,,,contacts,,,,,,,
http_reqs,1678217725,1.000000,,,,true,,POST,http://20.210.36.32:8080/prediction/knn,HTTP/1.1,contacts,,200,,,http://20.210.36.32:8080/prediction/knn,,
http_req_duration,1678217725,1867.627180,,,,true,,POST,http://20.210.36.32:8080/prediction/knn,HTTP/1.1,contacts,,200,,,http://20.210.36.32:8080/prediction/knn,,
http_req_blocked,1678217725,2.194712,,,,true,,POST,http://20.210.36.32:8080/prediction/knn,HTTP/1.1,contacts,,200,,,http://20.210.36.32:8080/prediction/knn,,
http_req_connecting,1678217725,2.136712,,,,true,,POST,http://20.210.36.32:8080/prediction/knn,HTTP/1.1,contacts,,200,,,http://20.210.36.32:8080/prediction/knn,,
http_req_tls_handshaking,1678217725,0.000000,,,,true,,POST,http://20.210.36.32:8080/prediction/knn,HTTP/1.1,contacts,,200,,,http://20.210.36.32:8080/prediction/knn,,
http_req_sending,1678217725,0.041400,,,,true,,POST,http://20.210.36.32:8080/prediction/knn,HTTP/1.1,contacts,,200,,,http://20.210.36.32:8080/prediction/knn,,
http_req_waiting,1678217725,1859.334835,,,,true,,POST,http://20.210.36.32:8080/prediction/knn,HTTP/1.1,contacts,,200,,,http://20.210.36.32:8080/prediction/knn,,
http_req_receiving,1678217725,8.250945,,,,true,,POST,http://20.210.36.32:8080/prediction/knn,HTTP/1.1,contacts,,200,,,http://20.210.36.32:8080/prediction/knn,,
http_req_failed,1678217725,0.000000,,,,true,,POST,http://20.210.36.32:8080/prediction/knn,HTTP/1.1,contacts,,200,,,http://20.210.36.32:8080/prediction/knn,,
responseTime,1678217725,1867.627180,,,,,,,,,contacts,,,,,,,
data_sent,1678217725,2088.000000,,,,,,,,,contacts,,,,,,,
data_received,1678217725,199.000000,,,,,,,,,contacts,,,,,,,
iteration_duration,1678217725,1870.146494,,,,,,,,,contacts,,,,,,,
iterations,1678217725,1.000000,,,,,,,,,contacts,,,,,,,
http_reqs,1678217725,1.000000,,,,true,,POST,http://20.210.36.32:8080/prediction/knn,HTTP/1.1,contacts,,200,,,http://20.210.36.32:8080/prediction/knn,,
http_req_duration,1678217725,1881.926959,,,,true,,POST,http://20.210.36.32:8080/prediction/knn,HTTP/1.1,contacts,,200,,,http://20.210.36.32:8080/prediction/knn,,
http_req_blocked,1678217725,2.134011,,,,true,,POST,http://20.210.36.32:8080/prediction/knn,HTTP/1.1,contacts,,200,,,http://20.210.36.32:8080/prediction/knn,,
http_req_connecting,1678217725,2.083911,,,,true,,POST,http://20.210.36.32:8080/prediction/knn,HTTP/1.1,contacts,,200,,,http://20.210.36.32:8080/prediction/knn,,
http_req_tls_handshaking,1678217725,0.000000,,,,true,,POST,http://20.210.36.32:8080/prediction/knn,HTTP/1.1,contacts,,200,,,http://20.210.36.32:8080/prediction/knn,,
http_req_sending,1678217725,0.052301,,,,true,,POST,http://20.210.36.32:8080/prediction/knn,HTTP/1.1,contacts,,200,,,http://20.210.36.32:8080/prediction/knn,,
http_req_waiting,1678217725,1879.344444,,,,true,,POST,http://20.210.36.32:8080/prediction/knn,HTTP/1.1,contacts,,200,,,http://20.210.36.32:8080/prediction/knn,,
http_req_receiving,1678217725,2.530214,,,,true,,POST,http://20.210.36.32:8080/prediction/knn,HTTP/1.1,contacts,,200,,,http://20.210.36.32:8080/prediction/knn,,
http_req_failed,1678217725,0.000000,,,,true,,POST,http://20.210.36.32:8080/prediction/knn,HTTP/1.1,contacts,,200,,,http://20.210.36.32:8080/prediction/knn,,
responseTime,1678217725,1881.926959,,,,,,,,,contacts,,,,,,,
data_sent,1678217725,2088.000000,,,,,,,,,contacts,,,,,,,
data_received,1678217725,199.000000,,,,,,,,,contacts,,,,,,,
iteration_duration,1678217725,1884.609574,,,,,,,,,contacts,,,,,,,
iterations,1678217725,1.000000,,,,,,,,,contacts,,,,,,,
http_reqs,1678217725,1.000000,,,,true,,POST,http://20.210.36.32:8080/prediction/knn,HTTP/1.1,contacts,,200,,,http://20.210.36.32:8080/prediction/knn,,
http_req_duration,1678217725,1886.017481,,,,true,,POST,http://20.210.36.32:8080/prediction/knn,HTTP/1.1,contacts,,200,,,http://20.210.36.32:8080/prediction/knn,,
http_req_blocked,1678217725,2.531114,,,,true,,POST,http://20.210.36.32:8080/prediction/knn,HTTP/1.1,contacts,,200,,,http://20.210.36.32:8080/prediction/knn,,
http_req_connecting,1678217725,2.416414,,,,true,,POST,http://20.210.36.32:8080/prediction/knn,HTTP/1.1,contacts,,200,,,http://20.210.36.32:8080/prediction/knn,,
http_req_tls_handshaking,1678217725,0.000000,,,,true,,POST,http://20.210.36.32:8080/prediction/knn,HTTP/1.1,contacts,,200,,,http://20.210.36.32:8080/prediction/knn,,
http_req_sending,1678217725,0.097300,,,,true,,POST,http://20.210.36.32:8080/prediction/knn,HTTP/1.1,contacts,,200,,,http://20.210.36.32:8080/prediction/knn,,
http_req_waiting,1678217725,1881.266255,,,,true,,POST,http://20.210.36.32:8080/prediction/knn,HTTP/1.1,contacts,,200,,,http://20.210.36.32:8080/prediction/knn,,
http_req_receiving,1678217725,4.653926,,,,true,,POST,http://20.210.36.32:8080/prediction/knn,HTTP/1.1,contacts,,200,,,http://20.210.36.32:8080/prediction/knn,,
http_req_failed,1678217725,0.000000,,,,true,,POST,http://20.210.36.32:8080/prediction/knn,HTTP/1.1,contacts,,200,,,http://20.210.36.32:8080/prediction/knn,,
responseTime,1678217725,1886.017481,,,,,,,,,contacts,,,,,,,
data_sent,1678217725,2088.000000,,,,,,,,,contacts,,,,,,,
data_received,1678217725,199.000000,,,,,,,,,contacts,,,,,,,
iteration_duration,1678217725,1888.824697,,,,,,,,,contacts,,,,,,,
iterations,1678217725,1.000000,,,,,,,,,contacts,,,,,,,
http_reqs,1678217725,1.000000,,,,true,,POST,http://20.210.36.32:8080/prediction/knn,HTTP/1.1,contacts,,200,,,http://20.210.36.32:8080/prediction/knn,,
http_req_duration,1678217725,1879.172944,,,,true,,POST,http://20.210.36.32:8080/prediction/knn,HTTP/1.1,contacts,,200,,,http://20.210.36.32:8080/prediction/knn,,
http_req_blocked,1678217725,2.018111,,,,true,,POST,http://20.210.36.32:8080/prediction/knn,HTTP/1.1,contacts,,200,,,http://20.210.36.32:8080/prediction/knn,,
http_req_connecting,1678217725,1.943011,,,,true,,POST,http://20.210.36.32:8080/prediction/knn,HTTP/1.1,contacts,,200,,,http://20.210.36.32:8080/prediction/knn,,
http_req_tls_handshaking,1678217725,0.000000,,,,true,,POST,http://20.210.36.32:8080/prediction/knn,HTTP/1.1,contacts,,200,,,http://20.210.36.32:8080/prediction/knn,,
http_req_sending,1678217725,0.049800,,,,true,,POST,http://20.210.36.32:8080/prediction/knn,HTTP/1.1,contacts,,200,,,http://20.210.36.32:8080/prediction/knn,,
http_req_waiting,1678217725,1872.198905,,,,true,,POST,http://20.210.36.32:8080/prediction/knn,HTTP/1.1,contacts,,200,,,http://20.210.36.32:8080/prediction/knn,,
http_req_receiving,1678217725,6.924239,,,,true,,POST,http://20.210.36.32:8080/prediction/knn,HTTP/1.1,contacts,,200,,,http://20.210.36.32:8080/prediction/knn,,
http_req_failed,1678217725,0.000000,,,,true,,POST,http://20.210.36.32:8080/prediction/knn,HTTP/1.1,contacts,,200,,,http://20.210.36.32:8080/prediction/knn,,
responseTime,1678217725,1879.172944,,,,,,,,,contacts,,,,,,,
data_sent,1678217725,2088.000000,,,,,,,,,contacts,,,,,,,
data_received,1678217725,199.000000,,,,,,,,,contacts,,,,,,,
iteration_duration,1678217725,1881.647958,,,,,,,,,contacts,,,,,,,
iterations,1678217725,1.000000,,,,,,,,,contacts,,,,,,,
data_sent,1678217725,2088.000000,,,,,,,,,contacts,,,,,,,
data_received,1678217725,0.000000,,,,,,,,,contacts,,,,,,,
http_reqs,1678217725,1.000000,,,,true,,POST,http://20.210.36.32:8080/prediction/knn,HTTP/1.1,contacts,,200,,,http://20.210.36.32:8080/prediction/knn,,
http_req_duration,1678217725,1952.350247,,,,true,,POST,http://20.210.36.32:8080/prediction/knn,HTTP/1.1,contacts,,200,,,http://20.210.36.32:8080/prediction/knn,,
http_req_blocked,1678217725,2.232412,,,,true,,POST,http://20.210.36.32:8080/prediction/knn,HTTP/1.1,contacts,,200,,,http://20.210.36.32:8080/prediction/knn,,
http_req_connecting,1678217725,2.155612,,,,true,,POST,http://20.210.36.32:8080/prediction/knn,HTTP/1.1,contacts,,200,,,http://20.210.36.32:8080/prediction/knn,,
http_req_tls_handshaking,1678217725,0.000000,,,,true,,POST,http://20.210.36.32:8080/prediction/knn,HTTP/1.1,contacts,,200,,,http://20.210.36.32:8080/prediction/knn,,
http_req_sending,1678217725,0.062901,,,,true,,POST,http://20.210.36.32:8080/prediction/knn,HTTP/1.1,contacts,,200,,,http://20.210.36.32:8080/prediction/knn,,
http_req_waiting,1678217725,1952.041544,,,,true,,POST,http://20.210.36.32:8080/prediction/knn,HTTP/1.1,contacts,,200,,,http://20.210.36.32:8080/prediction/knn,,
http_req_receiving,1678217725,0.245802,,,,true,,POST,http://20.210.36.32:8080/prediction/knn,HTTP/1.1,contacts,,200,,,http://20.210.36.32:8080/prediction/knn,,
http_req_failed,1678217725,0.000000,,,,true,,POST,http://20.210.36.32:8080/prediction/knn,HTTP/1.1,contacts,,200,,,http://20.210.36.32:8080/prediction/knn,,
responseTime,1678217725,1952.350247,,,,,,,,,contacts,,,,,,,
data_sent,1678217725,2088.000000,,,,,,,,,contacts,,,,,,,
data_received,1678217725,199.000000,,,,,,,,,contacts,,,,,,,
iteration_duration,1678217725,1955.623765,,,,,,,,,contacts,,,,,,,
iterations,1678217725,1.000000,,,,,,,,,contacts,,,,,,,
http_reqs,1678217725,1.000000,,,,true,,POST,http://20.210.36.32:8080/prediction/knn,HTTP/1.1,contacts,,200,,,http://20.210.36.32:8080/prediction/knn,,
http_req_duration,1678217725,1932.759539,,,,true,,POST,http://20.210.36.32:8080/prediction/knn,HTTP/1.1,contacts,,200,,,http://20.210.36.32:8080/prediction/knn,,
http_req_blocked,1678217725,3.346818,,,,true,,POST,http://20.210.36.32:8080/prediction/knn,HTTP/1.1,contacts,,200,,,http://20.210.36.32:8080/prediction/knn,,
http_req_connecting,1678217725,3.253318,,,,true,,POST,http://20.210.36.32:8080/prediction/knn,HTTP/1.1,contacts,,200,,,http://20.210.36.32:8080/prediction/knn,,
http_req_tls_handshaking,1678217725,0.000000,,,,true,,POST,http://20.210.36.32:8080/prediction/knn,HTTP/1.1,contacts,,200,,,http://20.210.36.32:8080/prediction/knn,,
http_req_sending,1678217725,0.103201,,,,true,,POST,http://20.210.36.32:8080/prediction/knn,HTTP/1.1,contacts,,200,,,http://20.210.36.32:8080/prediction/knn,,
http_req_waiting,1678217725,1932.536237,,,,true,,POST,http://20.210.36.32:8080/prediction/knn,HTTP/1.1,contacts,,200,,,http://20.210.36.32:8080/prediction/knn,,
http_req_receiving,1678217725,0.120101,,,,true,,POST,http://20.210.36.32:8080/prediction/knn,HTTP/1.1,contacts,,200,,,http://20.210.36.32:8080/prediction/knn,,
http_req_failed,1678217725,0.000000,,,,true,,POST,http://20.210.36.32:8080/prediction/knn,HTTP/1.1,contacts,,200,,,http://20.210.36.32:8080/prediction/knn,,
responseTime,1678217725,1932.759539,,,,,,,,,contacts,,,,,,,
data_sent,1678217725,2088.000000,,,,,,,,,contacts,,,,,,,
data_received,1678217725,199.000000,,,,,,,,,contacts,,,,,,,
iteration_duration,1678217725,1936.505859,,,,,,,,,contacts,,,,,,,
iterations,1678217725,1.000000,,,,,,,,,contacts,,,,,,,
http_reqs,1678217725,1.000000,,,,true,,POST,http://20.210.36.32:8080/prediction/knn,HTTP/1.1,contacts,,200,,,http://20.210.36.32:8080/prediction/knn,,
http_req_duration,1678217725,1924.689994,,,,true,,POST,http://20.210.36.32:8080/prediction/knn,HTTP/1.1,contacts,,200,,,http://20.210.36.32:8080/prediction/knn,,
http_req_blocked,1678217725,2.289713,,,,true,,POST,http://20.210.36.32:8080/prediction/knn,HTTP/1.1,contacts,,200,,,http://20.210.36.32:8080/prediction/knn,,
http_req_connecting,1678217725,2.205412,,,,true,,POST,http://20.210.36.32:8080/prediction/knn,HTTP/1.1,contacts,,200,,,http://20.210.36.32:8080/prediction/knn,,
http_req_tls_handshaking,1678217725,0.000000,,,,true,,POST,http://20.210.36.32:8080/prediction/knn,HTTP/1.1,contacts,,200,,,http://20.210.36.32:8080/prediction/knn,,
http_req_sending,1678217725,0.054500,,,,true,,POST,http://20.210.36.32:8080/prediction/knn,HTTP/1.1,contacts,,200,,,http://20.210.36.32:8080/prediction/knn,,
http_req_waiting,1678217725,1921.710278,,,,true,,POST,http://20.210.36.32:8080/prediction/knn,HTTP/1.1,contacts,,200,,,http://20.210.36.32:8080/prediction/knn,,
http_req_receiving,1678217725,2.925216,,,,true,,POST,http://20.210.36.32:8080/prediction/knn,HTTP/1.1,contacts,,200,,,http://20.210.36.32:8080/prediction/knn,,
http_req_failed,1678217725,0.000000,,,,true,,POST,http://20.210.36.32:8080/prediction/knn,HTTP/1.1,contacts,,200,,,http://20.210.36.32:8080/prediction/knn,,
responseTime,1678217725,1924.689994,,,,,,,,,contacts,,,,,,,
data_sent,1678217725,2088.000000,,,,,,,,,contacts,,,,,,,
data_received,1678217725,199.000000,,,,,,,,,contacts,,,,,,,
iteration_duration,1678217725,1927.406909,,,,,,,,,contacts,,,,,,,
iterations,1678217725,1.000000,,,,,,,,,contacts,,,,,,,
http_reqs,1678217725,1.000000,,,,true,,POST,http://20.210.36.32:8080/prediction/knn,HTTP/1.1,contacts,,200,,,http://20.210.36.32:8080/prediction/knn,,
http_req_duration,1678217725,1896.090536,,,,true,,POST,http://20.210.36.32:8080/prediction/knn,HTTP/1.1,contacts,,200,,,http://20.210.36.32:8080/prediction/knn,,
http_req_blocked,1678217725,2.153012,,,,true,,POST,http://20.210.36.32:8080/prediction/knn,HTTP/1.1,contacts,,200,,,http://20.210.36.32:8080/prediction/knn,,
http_req_connecting,1678217725,2.099412,,,,true,,POST,http://20.210.36.32:8080/prediction/knn,HTTP/1.1,contacts,,200,,,http://20.210.36.32:8080/prediction/knn,,
http_req_tls_handshaking,1678217725,0.000000,,,,true,,POST,http://20.210.36.32:8080/prediction/knn,HTTP/1.1,contacts,,200,,,http://20.210.36.32:8080/prediction/knn,,
http_req_sending,1678217725,0.047300,,,,true,,POST,http://20.210.36.32:8080/prediction/knn,HTTP/1.1,contacts,,200,,,http://20.210.36.32:8080/prediction/knn,,
http_req_waiting,1678217725,1895.929136,,,,true,,POST,http://20.210.36.32:8080/prediction/knn,HTTP/1.1,contacts,,200,,,http://20.210.36.32:8080/prediction/knn,,
http_req_receiving,1678217725,0.114100,,,,true,,POST,http://20.210.36.32:8080/prediction/knn,HTTP/1.1,contacts,,200,,,http://20.210.36.32:8080/prediction/knn,,
http_req_failed,1678217725,0.000000,,,,true,,POST,http://20.210.36.32:8080/prediction/knn,HTTP/1.1,contacts,,200,,,http://20.210.36.32:8080/prediction/knn,,
responseTime,1678217725,1896.090536,,,,,,,,,contacts,,,,,,,
data_sent,1678217725,2088.000000,,,,,,,,,contacts,,,,,,,
data_received,1678217725,199.000000,,,,,,,,,contacts,,,,,,,
iteration_duration,1678217725,1899.022953,,,,,,,,,contacts,,,,,,,
iterations,1678217725,1.000000,,,,,,,,,contacts,,,,,,,
data_sent,1678217725,2088.000000,,,,,,,,,contacts,,,,,,,
data_received,1678217725,0.000000,,,,,,,,,contacts,,,,,,,
http_reqs,1678217725,1.000000,,,,true,,POST,http://20.210.36.32:8080/prediction/knn,HTTP/1.1,contacts,,200,,,http://20.210.36.32:8080/prediction/knn,,
http_req_duration,1678217725,1914.861340,,,,true,,POST,http://20.210.36.32:8080/prediction/knn,HTTP/1.1,contacts,,200,,,http://20.210.36.32:8080/prediction/knn,,
http_req_blocked,1678217725,2.036211,,,,true,,POST,http://20.210.36.32:8080/prediction/knn,HTTP/1.1,contacts,,200,,,http://20.210.36.32:8080/prediction/knn,,
http_req_connecting,1678217725,1.952111,,,,true,,POST,http://20.210.36.32:8080/prediction/knn,HTTP/1.1,contacts,,200,,,http://20.210.36.32:8080/prediction/knn,,
http_req_tls_handshaking,1678217725,0.000000,,,,true,,POST,http://20.210.36.32:8080/prediction/knn,HTTP/1.1,contacts,,200,,,http://20.210.36.32:8080/prediction/knn,,
http_req_sending,1678217725,0.076700,,,,true,,POST,http://20.210.36.32:8080/prediction/knn,HTTP/1.1,contacts,,200,,,http://20.210.36.32:8080/prediction/knn,,
http_req_waiting,1678217725,1914.674640,,,,true,,POST,http://20.210.36.32:8080/prediction/knn,HTTP/1.1,contacts,,200,,,http://20.210.36.32:8080/prediction/knn,,
http_req_receiving,1678217725,0.110000,,,,true,,POST,http://20.210.36.32:8080/prediction/knn,HTTP/1.1,contacts,,200,,,http://20.210.36.32:8080/prediction/knn,,
http_req_failed,1678217725,0.000000,,,,true,,POST,http://20.210.36.32:8080/prediction/knn,HTTP/1.1,contacts,,200,,,http://20.210.36.32:8080/prediction/knn,,
responseTime,1678217725,1914.861340,,,,,,,,,contacts,,,,,,,
data_sent,1678217725,2088.000000,,,,,,,,,contacts,,,,,,,
data_received,1678217725,199.000000,,,,,,,,,contacts,,,,,,,
iteration_duration,1678217725,1917.319353,,,,,,,,,contacts,,,,,,,
iterations,1678217725,1.000000,,,,,,,,,contacts,,,,,,,
http_reqs,1678217725,1.000000,,,,true,,POST,http://20.210.36.32:8080/prediction/knn,HTTP/1.1,contacts,,200,,,http://20.210.36.32:8080/prediction/knn,,
http_req_duration,1678217725,1942.432292,,,,true,,POST,http://20.210.36.32:8080/prediction/knn,HTTP/1.1,contacts,,200,,,http://20.210.36.32:8080/prediction/knn,,
http_req_blocked,1678217725,2.109611,,,,true,,POST,http://20.210.36.32:8080/prediction/knn,HTTP/1.1,contacts,,200,,,http://20.210.36.32:8080/prediction/knn,,
http_req_connecting,1678217725,2.041911,,,,true,,POST,http://20.210.36.32:8080/prediction/knn,HTTP/1.1,contacts,,200,,,http://20.210.36.32:8080/prediction/knn,,
http_req_tls_handshaking,1678217725,0.000000,,,,true,,POST,http://20.210.36.32:8080/prediction/knn,HTTP/1.1,contacts,,200,,,http://20.210.36.32:8080/prediction/knn,,
http_req_sending,1678217725,0.086601,,,,true,,POST,http://20.210.36.32:8080/prediction/knn,HTTP/1.1,contacts,,200,,,http://20.210.36.32:8080/prediction/knn,,
http_req_waiting,1678217725,1942.249891,,,,true,,POST,http://20.210.36.32:8080/prediction/knn,HTTP/1.1,contacts,,200,,,http://20.210.36.32:8080/prediction/knn,,
http_req_receiving,1678217725,0.095800,,,,true,,POST,http://20.210.36.32:8080/prediction/knn,HTTP/1.1,contacts,,200,,,http://20.210.36.32:8080/prediction/knn,,
http_req_failed,1678217725,0.000000,,,,true,,POST,http://20.210.36.32:8080/prediction/knn,HTTP/1.1,contacts,,200,,,http://20.210.36.32:8080/prediction/knn,,
responseTime,1678217725,1942.432292,,,,,,,,,contacts,,,,,,,
data_sent,1678217725,2088.000000,,,,,,,,,contacts,,,,,,,
data_received,1678217725,199.000000,,,,,,,,,contacts,,,,,,,
iteration_duration,1678217725,1944.976506,,,,,,,,,contacts,,,,,,,
iterations,1678217725,1.000000,,,,,,,,,contacts,,,,,,,
http_reqs,1678217725,1.000000,,,,true,,POST,http://20.210.36.32:8080/prediction/knn,HTTP/1.1,contacts,,200,,,http://20.210.36.32:8080/prediction/knn,,
http_req_duration,1678217725,1997.490195,,,,true,,POST,http://20.210.36.32:8080/prediction/knn,HTTP/1.1,contacts,,200,,,http://20.210.36.32:8080/prediction/knn,,
http_req_blocked,1678217725,17.074094,,,,true,,POST,http://20.210.36.32:8080/prediction/knn,HTTP/1.1,contacts,,200,,,http://20.210.36.32:8080/prediction/knn,,
http_req_connecting,1678217725,17.020794,,,,true,,POST,http://20.210.36.32:8080/prediction/knn,HTTP/1.1,contacts,,200,,,http://20.210.36.32:8080/prediction/knn,,
http_req_tls_handshaking,1678217725,0.000000,,,,true,,POST,http://20.210.36.32:8080/prediction/knn,HTTP/1.1,contacts,,200,,,http://20.210.36.32:8080/prediction/knn,,
http_req_sending,1678217725,0.045900,,,,true,,POST,http://20.210.36.32:8080/prediction/knn,HTTP/1.1,contacts,,200,,,http://20.210.36.32:8080/prediction/knn,,
http_req_waiting,1678217725,1997.340694,,,,true,,POST,http://20.210.36.32:8080/prediction/knn,HTTP/1.1,contacts,,200,,,http://20.210.36.32:8080/prediction/knn,,
http_req_receiving,1678217725,0.103601,,,,true,,POST,http://20.210.36.32:8080/prediction/knn,HTTP/1.1,contacts,,200,,,http://20.210.36.32:8080/prediction/knn,,
http_req_failed,1678217725,0.000000,,,,true,,POST,http://20.210.36.32:8080/prediction/knn,HTTP/1.1,contacts,,200,,,http://20.210.36.32:8080/prediction/knn,,
responseTime,1678217725,1997.490195,,,,,,,,,contacts,,,,,,,
data_sent,1678217725,2088.000000,,,,,,,,,contacts,,,,,,,
data_received,1678217725,199.000000,,,,,,,,,contacts,,,,,,,
iteration_duration,1678217725,2015.038291,,,,,,,,,contacts,,,,,,,
iterations,1678217725,1.000000,,,,,,,,,contacts,,,,,,,
http_reqs,1678217725,1.000000,,,,true,,POST,http://20.210.36.32:8080/prediction/knn,HTTP/1.1,contacts,,200,,,http://20.210.36.32:8080/prediction/knn,,
http_req_duration,1678217725,1968.765636,,,,true,,POST,http://20.210.36.32:8080/prediction/knn,HTTP/1.1,contacts,,200,,,http://20.210.36.32:8080/prediction/knn,,
http_req_blocked,1678217725,2.856115,,,,true,,POST,http://20.210.36.32:8080/prediction/knn,HTTP/1.1,contacts,,200,,,http://20.210.36.32:8080/prediction/knn,,
http_req_connecting,1678217725,2.686715,,,,true,,POST,http://20.210.36.32:8080/prediction/knn,HTTP/1.1,contacts,,200,,,http://20.210.36.32:8080/prediction/knn,,
http_req_tls_handshaking,1678217725,0.000000,,,,true,,POST,http://20.210.36.32:8080/prediction/knn,HTTP/1.1,contacts,,200,,,http://20.210.36.32:8080/prediction/knn,,
http_req_sending,1678217725,0.171201,,,,true,,POST,http://20.210.36.32:8080/prediction/knn,HTTP/1.1,contacts,,200,,,http://20.210.36.32:8080/prediction/knn,,
http_req_waiting,1678217725,1968.514435,,,,true,,POST,http://20.210.36.32:8080/prediction/knn,HTTP/1.1,contacts,,200,,,http://20.210.36.32:8080/prediction/knn,,
http_req_receiving,1678217725,0.080000,,,,true,,POST,http://20.210.36.32:8080/prediction/knn,HTTP/1.1,contacts,,200,,,http://20.210.36.32:8080/prediction/knn,,
http_req_failed,1678217725,0.000000,,,,true,,POST,http://20.210.36.32:8080/prediction/knn,HTTP/1.1,contacts,,200,,,http://20.210.36.32:8080/prediction/knn,,
responseTime,1678217725,1968.765636,,,,,,,,,contacts,,,,,,,
data_sent,1678217725,2088.000000,,,,,,,,,contacts,,,,,,,
data_received,1678217725,199.000000,,,,,,,,,contacts,,,,,,,
iteration_duration,1678217725,1971.918154,,,,,,,,,contacts,,,,,,,
iterations,1678217725,1.000000,,,,,,,,,contacts,,,,,,,
data_sent,1678217725,2088.000000,,,,,,,,,contacts,,,,,,,
data_received,1678217725,0.000000,,,,,,,,,contacts,,,,,,,
http_reqs,1678217725,1.000000,,,,true,,POST,http://20.210.36.32:8080/prediction/knn,HTTP/1.1,contacts,,200,,,http://20.210.36.32:8080/prediction/knn,,
http_req_duration,1678217725,1961.577997,,,,true,,POST,http://20.210.36.32:8080/prediction/knn,HTTP/1.1,contacts,,200,,,http://20.210.36.32:8080/prediction/knn,,
http_req_blocked,1678217725,2.311013,,,,true,,POST,http://20.210.36.32:8080/prediction/knn,HTTP/1.1,contacts,,200,,,http://20.210.36.32:8080/prediction/knn,,
http_req_connecting,1678217725,2.202312,,,,true,,POST,http://20.210.36.32:8080/prediction/knn,HTTP/1.1,contacts,,200,,,http://20.210.36.32:8080/prediction/knn,,
http_req_tls_handshaking,1678217725,0.000000,,,,true,,POST,http://20.210.36.32:8080/prediction/knn,HTTP/1.1,contacts,,200,,,http://20.210.36.32:8080/prediction/knn,,
http_req_sending,1678217725,0.090500,,,,true,,POST,http://20.210.36.32:8080/prediction/knn,HTTP/1.1,contacts,,200,,,http://20.210.36.32:8080/prediction/knn,,
http_req_waiting,1678217725,1959.881488,,,,true,,POST,http://20.210.36.32:8080/prediction/knn,HTTP/1.1,contacts,,200,,,http://20.210.36.32:8080/prediction/knn,,
http_req_receiving,1678217725,1.606009,,,,true,,POST,http://20.210.36.32:8080/prediction/knn,HTTP/1.1,contacts,,200,,,http://20.210.36.32:8080/prediction/knn,,
http_req_failed,1678217725,0.000000,,,,true,,POST,http://20.210.36.32:8080/prediction/knn,HTTP/1.1,contacts,,200,,,http://20.210.36.32:8080/prediction/knn,,
responseTime,1678217725,1961.577997,,,,,,,,,contacts,,,,,,,
data_sent,1678217725,2088.000000,,,,,,,,,contacts,,,,,,,
data_received,1678217725,199.000000,,,,,,,,,contacts,,,,,,,
iteration_duration,1678217725,1964.226212,,,,,,,,,contacts,,,,,,,
iterations,1678217725,1.000000,,,,,,,,,contacts,,,,,,,
http_reqs,1678217725,1.000000,,,,true,,POST,http://20.210.36.32:8080/prediction/knn,HTTP/1.1,contacts,,200,,,http://20.210.36.32:8080/prediction/knn,,
http_req_duration,1678217725,1999.485206,,,,true,,POST,http://20.210.36.32:8080/prediction/knn,HTTP/1.1,contacts,,200,,,http://20.210.36.32:8080/prediction/knn,,
http_req_blocked,1678217725,2.232112,,,,true,,POST,http://20.210.36.32:8080/prediction/knn,HTTP/1.1,contacts,,200,,,http://20.210.36.32:8080/prediction/knn,,
http_req_connecting,1678217725,2.165612,,,,true,,POST,http://20.210.36.32:8080/prediction/knn,HTTP/1.1,contacts,,200,,,http://20.210.36.32:8080/prediction/knn,,
http_req_tls_handshaking,1678217725,0.000000,,,,true,,POST,http://20.210.36.32:8080/prediction/knn,HTTP/1.1,contacts,,200,,,http://20.210.36.32:8080/prediction/knn,,
http_req_sending,1678217725,0.094800,,,,true,,POST,http://20.210.36.32:8080/prediction/knn,HTTP/1.1,contacts,,200,,,http://20.210.36.32:8080/prediction/knn,,
http_req_waiting,1678217725,1997.064493,,,,true,,POST,http://20.210.36.32:8080/prediction/knn,HTTP/1.1,contacts,,200,,,http://20.210.36.32:8080/prediction/knn,,
http_req_receiving,1678217725,2.325913,,,,true,,POST,http://20.210.36.32:8080/prediction/knn,HTTP/1.1,contacts,,200,,,http://20.210.36.32:8080/prediction/knn,,
http_req_failed,1678217725,0.000000,,,,true,,POST,http://20.210.36.32:8080/prediction/knn,HTTP/1.1,contacts,,200,,,http://20.210.36.32:8080/prediction/knn,,
responseTime,1678217725,1999.485206,,,,,,,,,contacts,,,,,,,
data_sent,1678217725,2088.000000,,,,,,,,,contacts,,,,,,,
data_received,1678217725,199.000000,,,,,,,,,contacts,,,,,,,
iteration_duration,1678217725,2002.270921,,,,,,,,,contacts,,,,,,,
iterations,1678217725,1.000000,,,,,,,,,contacts,,,,,,,
http_reqs,1678217725,1.000000,,,,true,,POST,http://20.210.36.32:8080/prediction/knn,HTTP/1.1,contacts,,200,,,http://20.210.36.32:8080/prediction/knn,,
http_req_duration,1678217725,1958.553580,,,,true,,POST,http://20.210.36.32:8080/prediction/knn,HTTP/1.1,contacts,,200,,,http://20.210.36.32:8080/prediction/knn,,
http_req_blocked,1678217725,2.178512,,,,true,,POST,http://20.210.36.32:8080/prediction/knn,HTTP/1.1,contacts,,200,,,http://20.210.36.32:8080/prediction/knn,,
http_req_connecting,1678217725,2.118712,,,,true,,POST,http://20.210.36.32:8080/prediction/knn,HTTP/1.1,contacts,,200,,,http://20.210.36.32:8080/prediction/knn,,
http_req_tls_handshaking,1678217725,0.000000,,,,true,,POST,http://20.210.36.32:8080/prediction/knn,HTTP/1.1,contacts,,200,,,http://20.210.36.32:8080/prediction/knn,,
http_req_sending,1678217725,0.047300,,,,true,,POST,http://20.210.36.32:8080/prediction/knn,HTTP/1.1,contacts,,200,,,http://20.210.36.32:8080/prediction/knn,,
http_req_waiting,1678217725,1958.449780,,,,true,,POST,http://20.210.36.32:8080/prediction/knn,HTTP/1.1,contacts,,200,,,http://20.210.36.32:8080/prediction/knn,,
http_req_receiving,1678217725,0.056500,,,,true,,POST,http://20.210.36.32:8080/prediction/knn,HTTP/1.1,contacts,,200,,,http://20.210.36.32:8080/prediction/knn,,
http_req_failed,1678217725,0.000000,,,,true,,POST,http://20.210.36.32:8080/prediction/knn,HTTP/1.1,contacts,,200,,,http://20.210.36.32:8080/prediction/knn,,
responseTime,1678217725,1958.553580,,,,,,,,,contacts,,,,,,,
data_sent,1678217725,2088.000000,,,,,,,,,contacts,,,,,,,
data_received,1678217725,199.000000,,,,,,,,,contacts,,,,,,,
iteration_duration,1678217725,1961.021594,,,,,,,,,contacts,,,,,,,
iterations,1678217725,1.000000,,,,,,,,,contacts,,,,,,,
http_reqs,1678217725,1.000000,,,,true,,POST,http://20.210.36.32:8080/prediction/knn,HTTP/1.1,contacts,,200,,,http://20.210.36.32:8080/prediction/knn,,
http_req_duration,1678217725,1971.829453,,,,true,,POST,http://20.210.36.32:8080/prediction/knn,HTTP/1.1,contacts,,200,,,http://20.210.36.32:8080/prediction/knn,,
http_req_blocked,1678217725,2.196912,,,,true,,POST,http://20.210.36.32:8080/prediction/knn,HTTP/1.1,contacts,,200,,,http://20.210.36.32:8080/prediction/knn,,
http_req_connecting,1678217725,2.111312,,,,true,,POST,http://20.210.36.32:8080/prediction/knn,HTTP/1.1,contacts,,200,,,http://20.210.36.32:8080/prediction/knn,,
http_req_tls_handshaking,1678217725,0.000000,,,,true,,POST,http://20.210.36.32:8080/prediction/knn,HTTP/1.1,contacts,,200,,,http://20.210.36.32:8080/prediction/knn,,
http_req_sending,1678217725,0.058700,,,,true,,POST,http://20.210.36.32:8080/prediction/knn,HTTP/1.1,contacts,,200,,,http://20.210.36.32:8080/prediction/knn,,
http_req_waiting,1678217725,1970.339346,,,,true,,POST,http://20.210.36.32:8080/prediction/knn,HTTP/1.1,contacts,,200,,,http://20.210.36.32:8080/prediction/knn,,
http_req_receiving,1678217725,1.431407,,,,true,,POST,http://20.210.36.32:8080/prediction/knn,HTTP/1.1,contacts,,200,,,http://20.210.36.32:8080/prediction/knn,,
http_req_failed,1678217725,0.000000,,,,true,,POST,http://20.210.36.32:8080/prediction/knn,HTTP/1.1,contacts,,200,,,http://20.210.36.32:8080/prediction/knn,,
responseTime,1678217725,1971.829453,,,,,,,,,contacts,,,,,,,
data_sent,1678217725,2088.000000,,,,,,,,,contacts,,,,,,,
data_received,1678217725,199.000000,,,,,,,,,contacts,,,,,,,
iteration_duration,1678217725,1974.430368,,,,,,,,,contacts,,,,,,,
iterations,1678217725,1.000000,,,,,,,,,contacts,,,,,,,
http_reqs,1678217725,1.000000,,,,true,,POST,http://20.210.36.32:8080/prediction/knn,HTTP/1.1,contacts,,200,,,http://20.210.36.32:8080/prediction/knn,,
http_req_duration,1678217725,2030.901378,,,,true,,POST,http://20.210.36.32:8080/prediction/knn,HTTP/1.1,contacts,,200,,,http://20.210.36.32:8080/prediction/knn,,
http_req_blocked,1678217725,2.169512,,,,true,,POST,http://20.210.36.32:8080/prediction/knn,HTTP/1.1,contacts,,200,,,http://20.210.36.32:8080/prediction/knn,,
http_req_connecting,1678217725,2.095912,,,,true,,POST,http://20.210.36.32:8080/prediction/knn,HTTP/1.1,contacts,,200,,,http://20.210.36.32:8080/prediction/knn,,
http_req_tls_handshaking,1678217725,0.000000,,,,true,,POST,http://20.210.36.32:8080/prediction/knn,HTTP/1.1,contacts,,200,,,http://20.210.36.32:8080/prediction/knn,,
http_req_sending,1678217725,0.057400,,,,true,,POST,http://20.210.36.32:8080/prediction/knn,HTTP/1.1,contacts,,200,,,http://20.210.36.32:8080/prediction/knn,,
http_req_waiting,1678217725,2030.733578,,,,true,,POST,http://20.210.36.32:8080/prediction/knn,HTTP/1.1,contacts,,200,,,http://20.210.36.32:8080/prediction/knn,,
http_req_receiving,1678217725,0.110400,,,,true,,POST,http://20.210.36.32:8080/prediction/knn,HTTP/1.1,contacts,,200,,,http://20.210.36.32:8080/prediction/knn,,
http_req_failed,1678217725,0.000000,,,,true,,POST,http://20.210.36.32:8080/prediction/knn,HTTP/1.1,contacts,,200,,,http://20.210.36.32:8080/prediction/knn,,
responseTime,1678217725,2030.901378,,,,,,,,,contacts,,,,,,,
data_sent,1678217725,2088.000000,,,,,,,,,contacts,,,,,,,
data_received,1678217725,199.000000,,,,,,,,,contacts,,,,,,,
iteration_duration,1678217725,2033.577993,,,,,,,,,contacts,,,,,,,
iterations,1678217725,1.000000,,,,,,,,,contacts,,,,,,,
data_sent,1678217725,2088.000000,,,,,,,,,contacts,,,,,,,
data_received,1678217725,0.000000,,,,,,,,,contacts,,,,,,,
http_reqs,1678217725,1.000000,,,,true,,POST,http://20.210.36.32:8080/prediction/knn,HTTP/1.1,contacts,,200,,,http://20.210.36.32:8080/prediction/knn,,
http_req_duration,1678217725,1765.806920,,,,true,,POST,http://20.210.36.32:8080/prediction/knn,HTTP/1.1,contacts,,200,,,http://20.210.36.32:8080/prediction/knn,,
http_req_blocked,1678217725,2.289613,,,,true,,POST,http://20.210.36.32:8080/prediction/knn,HTTP/1.1,contacts,,200,,,http://20.210.36.32:8080/prediction/knn,,
http_req_connecting,1678217725,2.227112,,,,true,,POST,http://20.210.36.32:8080/prediction/knn,HTTP/1.1,contacts,,200,,,http://20.210.36.32:8080/prediction/knn,,
http_req_tls_handshaking,1678217725,0.000000,,,,true,,POST,http://20.210.36.32:8080/prediction/knn,HTTP/1.1,contacts,,200,,,http://20.210.36.32:8080/prediction/knn,,
http_req_sending,1678217725,0.058401,,,,true,,POST,http://20.210.36.32:8080/prediction/knn,HTTP/1.1,contacts,,200,,,http://20.210.36.32:8080/prediction/knn,,
http_req_waiting,1678217725,1765.641118,,,,true,,POST,http://20.210.36.32:8080/prediction/knn,HTTP/1.1,contacts,,200,,,http://20.210.36.32:8080/prediction/knn,,
http_req_receiving,1678217725,0.107401,,,,true,,POST,http://20.210.36.32:8080/prediction/knn,HTTP/1.1,contacts,,200,,,http://20.210.36.32:8080/prediction/knn,,
http_req_failed,1678217725,0.000000,,,,true,,POST,http://20.210.36.32:8080/prediction/knn,HTTP/1.1,contacts,,200,,,http://20.210.36.32:8080/prediction/knn,,
responseTime,1678217725,1765.806920,,,,,,,,,contacts,,,,,,,
data_sent,1678217725,2088.000000,,,,,,,,,contacts,,,,,,,
data_received,1678217725,199.000000,,,,,,,,,contacts,,,,,,,
iteration_duration,1678217725,1768.739535,,,,,,,,,contacts,,,,,,,
iterations,1678217725,1.000000,,,,,,,,,contacts,,,,,,,
http_reqs,1678217725,1.000000,,,,true,,POST,http://20.210.36.32:8080/prediction/knn,HTTP/1.1,contacts,,200,,,http://20.210.36.32:8080/prediction/knn,,
http_req_duration,1678217725,1791.408160,,,,true,,POST,http://20.210.36.32:8080/prediction/knn,HTTP/1.1,contacts,,200,,,http://20.210.36.32:8080/prediction/knn,,
http_req_blocked,1678217725,2.635615,,,,true,,POST,http://20.210.36.32:8080/prediction/knn,HTTP/1.1,contacts,,200,,,http://20.210.36.32:8080/prediction/knn,,
http_req_connecting,1678217725,2.368213,,,,true,,POST,http://20.210.36.32:8080/prediction/knn,HTTP/1.1,contacts,,200,,,http://20.210.36.32:8080/prediction/knn,,
http_req_tls_handshaking,1678217725,0.000000,,,,true,,POST,http://20.210.36.32:8080/prediction/knn,HTTP/1.1,contacts,,200,,,http://20.210.36.32:8080/prediction/knn,,
http_req_sending,1678217725,0.055100,,,,true,,POST,http://20.210.36.32:8080/prediction/knn,HTTP/1.1,contacts,,200,,,http://20.210.36.32:8080/prediction/knn,,
http_req_waiting,1678217725,1791.138659,,,,true,,POST,http://20.210.36.32:8080/prediction/knn,HTTP/1.1,contacts,,200,,,http://20.210.36.32:8080/prediction/knn,,
http_req_receiving,1678217725,0.214401,,,,true,,POST,http://20.210.36.32:8080/prediction/knn,HTTP/1.1,contacts,,200,,,http://20.210.36.32:8080/prediction/knn,,
http_req_failed,1678217725,0.000000,,,,true,,POST,http://20.210.36.32:8080/prediction/knn,HTTP/1.1,contacts,,200,,,http://20.210.36.32:8080/prediction/knn,,
responseTime,1678217725,1791.408160,,,,,,,,,contacts,,,,,,,
data_sent,1678217725,2088.000000,,,,,,,,,contacts,,,,,,,
data_received,1678217725,199.000000,,,,,,,,,contacts,,,,,,,
iteration_duration,1678217725,1794.389177,,,,,,,,,contacts,,,,,,,
iterations,1678217725,1.000000,,,,,,,,,contacts,,,,,,,
http_reqs,1678217725,1.000000,,,,true,,POST,http://20.210.36.32:8080/prediction/knn,HTTP/1.1,contacts,,200,,,http://20.210.36.32:8080/prediction/knn,,
http_req_duration,1678217725,1720.018867,,,,true,,POST,http://20.210.36.32:8080/prediction/knn,HTTP/1.1,contacts,,200,,,http://20.210.36.32:8080/prediction/knn,,
http_req_blocked,1678217725,2.207912,,,,true,,POST,http://20.210.36.32:8080/prediction/knn,HTTP/1.1,contacts,,200,,,http://20.210.36.32:8080/prediction/knn,,
http_req_connecting,1678217725,2.143612,,,,true,,POST,http://20.210.36.32:8080/prediction/knn,HTTP/1.1,contacts,,200,,,http://20.210.36.32:8080/prediction/knn,,
http_req_tls_handshaking,1678217725,0.000000,,,,true,,POST,http://20.210.36.32:8080/prediction/knn,HTTP/1.1,contacts,,200,,,http://20.210.36.32:8080/prediction/knn,,
http_req_sending,1678217725,0.053400,,,,true,,POST,http://20.210.36.32:8080/prediction/knn,HTTP/1.1,contacts,,200,,,http://20.210.36.32:8080/prediction/knn,,
http_req_waiting,1678217725,1716.759450,,,,true,,POST,http://20.210.36.32:8080/prediction/knn,HTTP/1.1,contacts,,200,,,http://20.210.36.32:8080/prediction/knn,,
http_req_receiving,1678217725,3.206017,,,,true,,POST,http://20.210.36.32:8080/prediction/knn,HTTP/1.1,contacts,,200,,,http://20.210.36.32:8080/prediction/knn,,
http_req_failed,1678217725,0.000000,,,,true,,POST,http://20.210.36.32:8080/prediction/knn,HTTP/1.1,contacts,,200,,,http://20.210.36.32:8080/prediction/knn,,
responseTime,1678217725,1720.018867,,,,,,,,,contacts,,,,,,,
data_sent,1678217725,2088.000000,,,,,,,,,contacts,,,,,,,
data_received,1678217725,199.000000,,,,,,,,,contacts,,,,,,,
iteration_duration,1678217725,1722.663382,,,,,,,,,contacts,,,,,,,
iterations,1678217725,1.000000,,,,,,,,,contacts,,,,,,,
http_reqs,1678217725,1.000000,,,,true,,POST,http://20.210.36.32:8080/prediction/knn,HTTP/1.1,contacts,,200,,,http://20.210.36.32:8080/prediction/knn,,
http_req_duration,1678217725,1780.214899,,,,true,,POST,http://20.210.36.32:8080/prediction/knn,HTTP/1.1,contacts,,200,,,http://20.210.36.32:8080/prediction/knn,,
http_req_blocked,1678217725,2.069712,,,,true,,POST,http://20.210.36.32:8080/prediction/knn,HTTP/1.1,contacts,,200,,,http://20.210.36.32:8080/prediction/knn,,
http_req_connecting,1678217725,1.930311,,,,true,,POST,http://20.210.36.32:8080/prediction/knn,HTTP/1.1,contacts,,200,,,http://20.210.36.32:8080/prediction/knn,,
http_req_tls_handshaking,1678217725,0.000000,,,,true,,POST,http://20.210.36.32:8080/prediction/knn,HTTP/1.1,contacts,,200,,,http://20.210.36.32:8080/prediction/knn,,
http_req_sending,1678217725,0.050400,,,,true,,POST,http://20.210.36.32:8080/prediction/knn,HTTP/1.1,contacts,,200,,,http://20.210.36.32:8080/prediction/knn,,
http_req_waiting,1678217725,1780.050398,,,,true,,POST,http://20.210.36.32:8080/prediction/knn,HTTP/1.1,contacts,,200,,,http://20.210.36.32:8080/prediction/knn,,
http_req_receiving,1678217725,0.114101,,,,true,,POST,http://20.210.36.32:8080/prediction/knn,HTTP/1.1,contacts,,200,,,http://20.210.36.32:8080/prediction/knn,,
http_req_failed,1678217725,0.000000,,,,true,,POST,http://20.210.36.32:8080/prediction/knn,HTTP/1.1,contacts,,200,,,http://20.210.36.32:8080/prediction/knn,,
responseTime,1678217725,1780.214899,,,,,,,,,contacts,,,,,,,
data_sent,1678217725,2088.000000,,,,,,,,,contacts,,,,,,,
data_received,1678217725,199.000000,,,,,,,,,contacts,,,,,,,
iteration_duration,1678217725,1782.663112,,,,,,,,,contacts,,,,,,,
iterations,1678217725,1.000000,,,,,,,,,contacts,,,,,,,
http_reqs,1678217725,1.000000,,,,true,,POST,http://20.210.36.32:8080/prediction/knn,HTTP/1.1,contacts,,200,,,http://20.210.36.32:8080/prediction/knn,,
http_req_duration,1678217725,1804.703734,,,,true,,POST,http://20.210.36.32:8080/prediction/knn,HTTP/1.1,contacts,,200,,,http://20.210.36.32:8080/prediction/knn,,
http_req_blocked,1678217725,2.104711,,,,true,,POST,http://20.210.36.32:8080/prediction/knn,HTTP/1.1,contacts,,200,,,http://20.210.36.32:8080/prediction/knn,,
http_req_connecting,1678217725,2.058211,,,,true,,POST,http://20.210.36.32:8080/prediction/knn,HTTP/1.1,contacts,,200,,,http://20.210.36.32:8080/prediction/knn,,
http_req_tls_handshaking,1678217725,0.000000,,,,true,,POST,http://20.210.36.32:8080/prediction/knn,HTTP/1.1,contacts,,200,,,http://20.210.36.32:8080/prediction/knn,,
http_req_sending,1678217725,0.054201,,,,true,,POST,http://20.210.36.32:8080/prediction/knn,HTTP/1.1,contacts,,200,,,http://20.210.36.32:8080/prediction/knn,,
http_req_waiting,1678217725,1803.231025,,,,true,,POST,http://20.210.36.32:8080/prediction/knn,HTTP/1.1,contacts,,200,,,http://20.210.36.32:8080/prediction/knn,,
http_req_receiving,1678217725,1.418508,,,,true,,POST,http://20.210.36.32:8080/prediction/knn,HTTP/1.1,contacts,,200,,,http://20.210.36.32:8080/prediction/knn,,
http_req_failed,1678217725,0.000000,,,,true,,POST,http://20.210.36.32:8080/prediction/knn,HTTP/1.1,contacts,,200,,,http://20.210.36.32:8080/prediction/knn,,
responseTime,1678217725,1804.703734,,,,,,,,,contacts,,,,,,,
data_sent,1678217725,2088.000000,,,,,,,,,contacts,,,,,,,
data_received,1678217725,199.000000,,,,,,,,,contacts,,,,,,,
iteration_duration,1678217725,1807.501349,,,,,,,,,contacts,,,,,,,
iterations,1678217725,1.000000,,,,,,,,,contacts,,,,,,,
http_reqs,1678217725,1.000000,,,,true,,POST,http://20.210.36.32:8080/prediction/knn,HTTP/1.1,contacts,,200,,,http://20.210.36.32:8080/prediction/knn,,
http_req_duration,1678217725,1746.359112,,,,true,,POST,http://20.210.36.32:8080/prediction/knn,HTTP/1.1,contacts,,200,,,http://20.210.36.32:8080/prediction/knn,,
http_req_blocked,1678217725,2.344513,,,,true,,POST,http://20.210.36.32:8080/prediction/knn,HTTP/1.1,contacts,,200,,,http://20.210.36.32:8080/prediction/knn,,
http_req_connecting,1678217725,2.275613,,,,true,,POST,http://20.210.36.32:8080/prediction/knn,HTTP/1.1,contacts,,200,,,http://20.210.36.32:8080/prediction/knn,,
http_req_tls_handshaking,1678217725,0.000000,,,,true,,POST,http://20.210.36.32:8080/prediction/knn,HTTP/1.1,contacts,,200,,,http://20.210.36.32:8080/prediction/knn,,
http_req_sending,1678217725,0.064800,,,,true,,POST,http://20.210.36.32:8080/prediction/knn,HTTP/1.1,contacts,,200,,,http://20.210.36.32:8080/prediction/knn,,
http_req_waiting,1678217725,1746.204012,,,,true,,POST,http://20.210.36.32:8080/prediction/knn,HTTP/1.1,contacts,,200,,,http://20.210.36.32:8080/prediction/knn,,
http_req_receiving,1678217725,0.090300,,,,true,,POST,http://20.210.36.32:8080/prediction/knn,HTTP/1.1,contacts,,200,,,http://20.210.36.32:8080/prediction/knn,,
http_req_failed,1678217725,0.000000,,,,true,,POST,http://20.210.36.32:8080/prediction/knn,HTTP/1.1,contacts,,200,,,http://20.210.36.32:8080/prediction/knn,,
responseTime,1678217725,1746.359112,,,,,,,,,contacts,,,,,,,
data_sent,1678217725,2088.000000,,,,,,,,,contacts,,,,,,,
data_received,1678217725,199.000000,,,,,,,,,contacts,,,,,,,
iteration_duration,1678217725,1749.122528,,,,,,,,,contacts,,,,,,,
iterations,1678217725,1.000000,,,,,,,,,contacts,,,,,,,
http_reqs,1678217725,1.000000,,,,true,,POST,http://20.210.36.32:8080/prediction/knn,HTTP/1.1,contacts,,200,,,http://20.210.36.32:8080/prediction/knn,,
http_req_duration,1678217725,1767.954432,,,,true,,POST,http://20.210.36.32:8080/prediction/knn,HTTP/1.1,contacts,,200,,,http://20.210.36.32:8080/prediction/knn,,
http_req_blocked,1678217725,2.677114,,,,true,,POST,http://20.210.36.32:8080/prediction/knn,HTTP/1.1,contacts,,200,,,http://20.210.36.32:8080/prediction/knn,,
http_req_connecting,1678217725,2.454913,,,,true,,POST,http://20.210.36.32:8080/prediction/knn,HTTP/1.1,contacts,,200,,,http://20.210.36.32:8080/prediction/knn,,
http_req_tls_handshaking,1678217725,0.000000,,,,true,,POST,http://20.210.36.32:8080/prediction/knn,HTTP/1.1,contacts,,200,,,http://20.210.36.32:8080/prediction/knn,,
http_req_sending,1678217725,0.483603,,,,true,,POST,http://20.210.36.32:8080/prediction/knn,HTTP/1.1,contacts,,200,,,http://20.210.36.32:8080/prediction/knn,,
http_req_waiting,1678217725,1767.391528,,,,true,,POST,http://20.210.36.32:8080/prediction/knn,HTTP/1.1,contacts,,200,,,http://20.210.36.32:8080/prediction/knn,,
http_req_receiving,1678217725,0.079301,,,,true,,POST,http://20.210.36.32:8080/prediction/knn,HTTP/1.1,contacts,,200,,,http://20.210.36.32:8080/prediction/knn,,
http_req_failed,1678217725,0.000000,,,,true,,POST,http://20.210.36.32:8080/prediction/knn,HTTP/1.1,contacts,,200,,,http://20.210.36.32:8080/prediction/knn,,
responseTime,1678217725,1767.954432,,,,,,,,,contacts,,,,,,,
data_sent,1678217725,2088.000000,,,,,,,,,contacts,,,,,,,
data_received,1678217725,199.000000,,,,,,,,,contacts,,,,,,,
iteration_duration,1678217725,1770.985148,,,,,,,,,contacts,,,,,,,
iterations,1678217725,1.000000,,,,,,,,,contacts,,,,,,,
data_sent,1678217725,2088.000000,,,,,,,,,contacts,,,,,,,
data_received,1678217725,0.000000,,,,,,,,,contacts,,,,,,,
vus,1678217725,91.000000,,,,,,,,,,,,,,,,
vus_max,1678217725,100.000000,,,,,,,,,,,,,,,,
http_reqs,1678217725,1.000000,,,,true,,POST,http://20.210.36.32:8080/prediction/knn,HTTP/1.1,contacts,,200,,,http://20.210.36.32:8080/prediction/knn,,
http_req_duration,1678217725,1852.860999,,,,true,,POST,http://20.210.36.32:8080/prediction/knn,HTTP/1.1,contacts,,200,,,http://20.210.36.32:8080/prediction/knn,,
http_req_blocked,1678217725,2.338212,,,,true,,POST,http://20.210.36.32:8080/prediction/knn,HTTP/1.1,contacts,,200,,,http://20.210.36.32:8080/prediction/knn,,
http_req_connecting,1678217725,2.274412,,,,true,,POST,http://20.210.36.32:8080/prediction/knn,HTTP/1.1,contacts,,200,,,http://20.210.36.32:8080/prediction/knn,,
http_req_tls_handshaking,1678217725,0.000000,,,,true,,POST,http://20.210.36.32:8080/prediction/knn,HTTP/1.1,contacts,,200,,,http://20.210.36.32:8080/prediction/knn,,
http_req_sending,1678217725,0.052901,,,,true,,POST,http://20.210.36.32:8080/prediction/knn,HTTP/1.1,contacts,,200,,,http://20.210.36.32:8080/prediction/knn,,
http_req_waiting,1678217725,1852.687798,,,,true,,POST,http://20.210.36.32:8080/prediction/knn,HTTP/1.1,contacts,,200,,,http://20.210.36.32:8080/prediction/knn,,
http_req_receiving,1678217725,0.120300,,,,true,,POST,http://20.210.36.32:8080/prediction/knn,HTTP/1.1,contacts,,200,,,http://20.210.36.32:8080/prediction/knn,,
http_req_failed,1678217725,0.000000,,,,true,,POST,http://20.210.36.32:8080/prediction/knn,HTTP/1.1,contacts,,200,,,http://20.210.36.32:8080/prediction/knn,,
responseTime,1678217725,1852.860999,,,,,,,,,contacts,,,,,,,
data_sent,1678217725,2088.000000,,,,,,,,,contacts,,,,,,,
data_received,1678217725,199.000000,,,,,,,,,contacts,,,,,,,
iteration_duration,1678217725,1855.875216,,,,,,,,,contacts,,,,,,,
iterations,1678217725,1.000000,,,,,,,,,contacts,,,,,,,
http_reqs,1678217725,1.000000,,,,true,,POST,http://20.210.36.32:8080/prediction/knn,HTTP/1.1,contacts,,200,,,http://20.210.36.32:8080/prediction/knn,,
http_req_duration,1678217725,1866.588075,,,,true,,POST,http://20.210.36.32:8080/prediction/knn,HTTP/1.1,contacts,,200,,,http://20.210.36.32:8080/prediction/knn,,
http_req_blocked,1678217725,3.898822,,,,true,,POST,http://20.210.36.32:8080/prediction/knn,HTTP/1.1,contacts,,200,,,http://20.210.36.32:8080/prediction/knn,,
http_req_connecting,1678217725,3.816121,,,,true,,POST,http://20.210.36.32:8080/prediction/knn,HTTP/1.1,contacts,,200,,,http://20.210.36.32:8080/prediction/knn,,
http_req_tls_handshaking,1678217725,0.000000,,,,true,,POST,http://20.210.36.32:8080/prediction/knn,HTTP/1.1,contacts,,200,,,http://20.210.36.32:8080/prediction/knn,,
http_req_sending,1678217725,0.082801,,,,true,,POST,http://20.210.36.32:8080/prediction/knn,HTTP/1.1,contacts,,200,,,http://20.210.36.32:8080/prediction/knn,,
http_req_waiting,1678217725,1866.337073,,,,true,,POST,http://20.210.36.32:8080/prediction/knn,HTTP/1.1,contacts,,200,,,http://20.210.36.32:8080/prediction/knn,,
http_req_receiving,1678217725,0.168201,,,,true,,POST,http://20.210.36.32:8080/prediction/knn,HTTP/1.1,contacts,,200,,,http://20.210.36.32:8080/prediction/knn,,
http_req_failed,1678217725,0.000000,,,,true,,POST,http://20.210.36.32:8080/prediction/knn,HTTP/1.1,contacts,,200,,,http://20.210.36.32:8080/prediction/knn,,
data_sent,1678217725,2088.000000,,,,,,,,,contacts,,,,,,,
data_received,1678217725,0.000000,,,,,,,,,contacts,,,,,,,
responseTime,1678217725,1866.588075,,,,,,,,,contacts,,,,,,,
data_sent,1678217725,2088.000000,,,,,,,,,contacts,,,,,,,
data_received,1678217725,199.000000,,,,,,,,,contacts,,,,,,,
iteration_duration,1678217725,1870.983598,,,,,,,,,contacts,,,,,,,
iterations,1678217725,1.000000,,,,,,,,,contacts,,,,,,,
http_reqs,1678217725,1.000000,,,,true,,POST,http://20.210.36.32:8080/prediction/knn,HTTP/1.1,contacts,,200,,,http://20.210.36.32:8080/prediction/knn,,
http_req_duration,1678217725,1871.602702,,,,true,,POST,http://20.210.36.32:8080/prediction/knn,HTTP/1.1,contacts,,200,,,http://20.210.36.32:8080/prediction/knn,,
http_req_blocked,1678217725,3.555120,,,,true,,POST,http://20.210.36.32:8080/prediction/knn,HTTP/1.1,contacts,,200,,,http://20.210.36.32:8080/prediction/knn,,
http_req_connecting,1678217725,3.491719,,,,true,,POST,http://20.210.36.32:8080/prediction/knn,HTTP/1.1,contacts,,200,,,http://20.210.36.32:8080/prediction/knn,,
http_req_tls_handshaking,1678217725,0.000000,,,,true,,POST,http://20.210.36.32:8080/prediction/knn,HTTP/1.1,contacts,,200,,,http://20.210.36.32:8080/prediction/knn,,
http_req_sending,1678217725,0.056100,,,,true,,POST,http://20.210.36.32:8080/prediction/knn,HTTP/1.1,contacts,,200,,,http://20.210.36.32:8080/prediction/knn,,
http_req_waiting,1678217725,1863.267256,,,,true,,POST,http://20.210.36.32:8080/prediction/knn,HTTP/1.1,contacts,,200,,,http://20.210.36.32:8080/prediction/knn,,
http_req_receiving,1678217725,8.279346,,,,true,,POST,http://20.210.36.32:8080/prediction/knn,HTTP/1.1,contacts,,200,,,http://20.210.36.32:8080/prediction/knn,,
http_req_failed,1678217725,0.000000,,,,true,,POST,http://20.210.36.32:8080/prediction/knn,HTTP/1.1,contacts,,200,,,http://20.210.36.32:8080/prediction/knn,,
responseTime,1678217725,1871.602702,,,,,,,,,contacts,,,,,,,
data_sent,1678217725,2088.000000,,,,,,,,,contacts,,,,,,,
data_received,1678217725,199.000000,,,,,,,,,contacts,,,,,,,
iteration_duration,1678217725,1875.691325,,,,,,,,,contacts,,,,,,,
iterations,1678217725,1.000000,,,,,,,,,contacts,,,,,,,
http_reqs,1678217725,1.000000,,,,true,,POST,http://20.210.36.32:8080/prediction/knn,HTTP/1.1,contacts,,200,,,http://20.210.36.32:8080/prediction/knn,,
http_req_duration,1678217725,1892.165415,,,,true,,POST,http://20.210.36.32:8080/prediction/knn,HTTP/1.1,contacts,,200,,,http://20.210.36.32:8080/prediction/knn,,
http_req_blocked,1678217725,3.450219,,,,true,,POST,http://20.210.36.32:8080/prediction/knn,HTTP/1.1,contacts,,200,,,http://20.210.36.32:8080/prediction/knn,,
http_req_connecting,1678217725,3.323119,,,,true,,POST,http://20.210.36.32:8080/prediction/knn,HTTP/1.1,contacts,,200,,,http://20.210.36.32:8080/prediction/knn,,
http_req_tls_handshaking,1678217725,0.000000,,,,true,,POST,http://20.210.36.32:8080/prediction/knn,HTTP/1.1,contacts,,200,,,http://20.210.36.32:8080/prediction/knn,,
http_req_sending,1678217725,0.113600,,,,true,,POST,http://20.210.36.32:8080/prediction/knn,HTTP/1.1,contacts,,200,,,http://20.210.36.32:8080/prediction/knn,,
http_req_waiting,1678217725,1891.946014,,,,true,,POST,http://20.210.36.32:8080/prediction/knn,HTTP/1.1,contacts,,200,,,http://20.210.36.32:8080/prediction/knn,,
http_req_receiving,1678217725,0.105801,,,,true,,POST,http://20.210.36.32:8080/prediction/knn,HTTP/1.1,contacts,,200,,,http://20.210.36.32:8080/prediction/knn,,
http_req_failed,1678217725,0.000000,,,,true,,POST,http://20.210.36.32:8080/prediction/knn,HTTP/1.1,contacts,,200,,,http://20.210.36.32:8080/prediction/knn,,
responseTime,1678217725,1892.165415,,,,,,,,,contacts,,,,,,,
data_sent,1678217725,2088.000000,,,,,,,,,contacts,,,,,,,
data_received,1678217725,199.000000,,,,,,,,,contacts,,,,,,,
iteration_duration,1678217725,1895.977736,,,,,,,,,contacts,,,,,,,
iterations,1678217725,1.000000,,,,,,,,,contacts,,,,,,,
http_reqs,1678217725,1.000000,,,,true,,POST,http://20.210.36.32:8080/prediction/knn,HTTP/1.1,contacts,,200,,,http://20.210.36.32:8080/prediction/knn,,
http_req_duration,1678217725,1911.787823,,,,true,,POST,http://20.210.36.32:8080/prediction/knn,HTTP/1.1,contacts,,200,,,http://20.210.36.32:8080/prediction/knn,,
http_req_blocked,1678217725,3.561219,,,,true,,POST,http://20.210.36.32:8080/prediction/knn,HTTP/1.1,contacts,,200,,,http://20.210.36.32:8080/prediction/knn,,
http_req_connecting,1678217725,3.508519,,,,true,,POST,http://20.210.36.32:8080/prediction/knn,HTTP/1.1,contacts,,200,,,http://20.210.36.32:8080/prediction/knn,,
http_req_tls_handshaking,1678217725,0.000000,,,,true,,POST,http://20.210.36.32:8080/prediction/knn,HTTP/1.1,contacts,,200,,,http://20.210.36.32:8080/prediction/knn,,
http_req_sending,1678217725,0.061400,,,,true,,POST,http://20.210.36.32:8080/prediction/knn,HTTP/1.1,contacts,,200,,,http://20.210.36.32:8080/prediction/knn,,
http_req_waiting,1678217725,1911.643823,,,,true,,POST,http://20.210.36.32:8080/prediction/knn,HTTP/1.1,contacts,,200,,,http://20.210.36.32:8080/prediction/knn,,
http_req_receiving,1678217725,0.082600,,,,true,,POST,http://20.210.36.32:8080/prediction/knn,HTTP/1.1,contacts,,200,,,http://20.210.36.32:8080/prediction/knn,,
http_req_failed,1678217725,0.000000,,,,true,,POST,http://20.210.36.32:8080/prediction/knn,HTTP/1.1,contacts,,200,,,http://20.210.36.32:8080/prediction/knn,,
responseTime,1678217725,1911.787823,,,,,,,,,contacts,,,,,,,
data_sent,1678217725,2088.000000,,,,,,,,,contacts,,,,,,,
data_received,1678217725,199.000000,,,,,,,,,contacts,,,,,,,
iteration_duration,1678217725,1915.759245,,,,,,,,,contacts,,,,,,,
iterations,1678217725,1.000000,,,,,,,,,contacts,,,,,,,
http_reqs,1678217725,1.000000,,,,true,,POST,http://20.210.36.32:8080/prediction/knn,HTTP/1.1,contacts,,200,,,http://20.210.36.32:8080/prediction/knn,,
http_req_duration,1678217725,1922.966784,,,,true,,POST,http://20.210.36.32:8080/prediction/knn,HTTP/1.1,contacts,,200,,,http://20.210.36.32:8080/prediction/knn,,
http_req_blocked,1678217725,3.459719,,,,true,,POST,http://20.210.36.32:8080/prediction/knn,HTTP/1.1,contacts,,200,,,http://20.210.36.32:8080/prediction/knn,,
http_req_connecting,1678217725,3.384219,,,,true,,POST,http://20.210.36.32:8080/prediction/knn,HTTP/1.1,contacts,,200,,,http://20.210.36.32:8080/prediction/knn,,
http_req_tls_handshaking,1678217725,0.000000,,,,true,,POST,http://20.210.36.32:8080/prediction/knn,HTTP/1.1,contacts,,200,,,http://20.210.36.32:8080/prediction/knn,,
http_req_sending,1678217725,0.094900,,,,true,,POST,http://20.210.36.32:8080/prediction/knn,HTTP/1.1,contacts,,200,,,http://20.210.36.32:8080/prediction/knn,,
http_req_waiting,1678217725,1921.730878,,,,true,,POST,http://20.210.36.32:8080/prediction/knn,HTTP/1.1,contacts,,200,,,http://20.210.36.32:8080/prediction/knn,,
http_req_receiving,1678217725,1.141006,,,,true,,POST,http://20.210.36.32:8080/prediction/knn,HTTP/1.1,contacts,,200,,,http://20.210.36.32:8080/prediction/knn,,
http_req_failed,1678217725,0.000000,,,,true,,POST,http://20.210.36.32:8080/prediction/knn,HTTP/1.1,contacts,,200,,,http://20.210.36.32:8080/prediction/knn,,
responseTime,1678217725,1922.966784,,,,,,,,,contacts,,,,,,,
data_sent,1678217725,2088.000000,,,,,,,,,contacts,,,,,,,
data_received,1678217725,199.000000,,,,,,,,,contacts,,,,,,,
iteration_duration,1678217725,1926.862906,,,,,,,,,contacts,,,,,,,
iterations,1678217725,1.000000,,,,,,,,,contacts,,,,,,,
http_reqs,1678217725,1.000000,,,,true,,POST,http://20.210.36.32:8080/prediction/knn,HTTP/1.1,contacts,,200,,,http://20.210.36.32:8080/prediction/knn,,
http_req_duration,1678217725,1851.127889,,,,true,,POST,http://20.210.36.32:8080/prediction/knn,HTTP/1.1,contacts,,200,,,http://20.210.36.32:8080/prediction/knn,,
http_req_blocked,1678217725,4.698326,,,,true,,POST,http://20.210.36.32:8080/prediction/knn,HTTP/1.1,contacts,,200,,,http://20.210.36.32:8080/prediction/knn,,
http_req_connecting,1678217725,4.627426,,,,true,,POST,http://20.210.36.32:8080/prediction/knn,HTTP/1.1,contacts,,200,,,http://20.210.36.32:8080/prediction/knn,,
http_req_tls_handshaking,1678217725,0.000000,,,,true,,POST,http://20.210.36.32:8080/prediction/knn,HTTP/1.1,contacts,,200,,,http://20.210.36.32:8080/prediction/knn,,
http_req_sending,1678217725,0.055100,,,,true,,POST,http://20.210.36.32:8080/prediction/knn,HTTP/1.1,contacts,,200,,,http://20.210.36.32:8080/prediction/knn,,
http_req_waiting,1678217725,1851.003988,,,,true,,POST,http://20.210.36.32:8080/prediction/knn,HTTP/1.1,contacts,,200,,,http://20.210.36.32:8080/prediction/knn,,
http_req_receiving,1678217725,0.068801,,,,true,,POST,http://20.210.36.32:8080/prediction/knn,HTTP/1.1,contacts,,200,,,http://20.210.36.32:8080/prediction/knn,,
http_req_failed,1678217725,0.000000,,,,true,,POST,http://20.210.36.32:8080/prediction/knn,HTTP/1.1,contacts,,200,,,http://20.210.36.32:8080/prediction/knn,,
responseTime,1678217725,1851.127889,,,,,,,,,contacts,,,,,,,
data_sent,1678217725,2088.000000,,,,,,,,,contacts,,,,,,,
data_received,1678217725,199.000000,,,,,,,,,contacts,,,,,,,
iteration_duration,1678217725,1856.192917,,,,,,,,,contacts,,,,,,,
iterations,1678217725,1.000000,,,,,,,,,contacts,,,,,,,
http_reqs,1678217725,1.000000,,,,true,,POST,http://20.210.36.32:8080/prediction/knn,HTTP/1.1,contacts,,200,,,http://20.210.36.32:8080/prediction/knn,,
http_req_duration,1678217725,1925.463398,,,,true,,POST,http://20.210.36.32:8080/prediction/knn,HTTP/1.1,contacts,,200,,,http://20.210.36.32:8080/prediction/knn,,
http_req_blocked,1678217725,3.253018,,,,true,,POST,http://20.210.36.32:8080/prediction/knn,HTTP/1.1,contacts,,200,,,http://20.210.36.32:8080/prediction/knn,,
http_req_connecting,1678217725,3.200918,,,,true,,POST,http://20.210.36.32:8080/prediction/knn,HTTP/1.1,contacts,,200,,,http://20.210.36.32:8080/prediction/knn,,
http_req_tls_handshaking,1678217725,0.000000,,,,true,,POST,http://20.210.36.32:8080/prediction/knn,HTTP/1.1,contacts,,200,,,http://20.210.36.32:8080/prediction/knn,,
http_req_sending,1678217725,0.043700,,,,true,,POST,http://20.210.36.32:8080/prediction/knn,HTTP/1.1,contacts,,200,,,http://20.210.36.32:8080/prediction/knn,,
http_req_waiting,1678217725,1925.316698,,,,true,,POST,http://20.210.36.32:8080/prediction/knn,HTTP/1.1,contacts,,200,,,http://20.210.36.32:8080/prediction/knn,,
http_req_receiving,1678217725,0.103000,,,,true,,POST,http://20.210.36.32:8080/prediction/knn,HTTP/1.1,contacts,,200,,,http://20.210.36.32:8080/prediction/knn,,
http_req_failed,1678217725,0.000000,,,,true,,POST,http://20.210.36.32:8080/prediction/knn,HTTP/1.1,contacts,,200,,,http://20.210.36.32:8080/prediction/knn,,
responseTime,1678217725,1925.463398,,,,,,,,,contacts,,,,,,,
data_sent,1678217725,2088.000000,,,,,,,,,contacts,,,,,,,
data_received,1678217725,199.000000,,,,,,,,,contacts,,,,,,,
iteration_duration,1678217725,1929.087718,,,,,,,,,contacts,,,,,,,
iterations,1678217725,1.000000,,,,,,,,,contacts,,,,,,,
http_reqs,1678217725,1.000000,,,,true,,POST,http://20.210.36.32:8080/prediction/knn,HTTP/1.1,contacts,,200,,,http://20.210.36.32:8080/prediction/knn,,
http_req_duration,1678217725,1854.209906,,,,true,,POST,http://20.210.36.32:8080/prediction/knn,HTTP/1.1,contacts,,200,,,http://20.210.36.32:8080/prediction/knn,,
http_req_blocked,1678217725,4.130923,,,,true,,POST,http://20.210.36.32:8080/prediction/knn,HTTP/1.1,contacts,,200,,,http://20.210.36.32:8080/prediction/knn,,
http_req_connecting,1678217725,4.014222,,,,true,,POST,http://20.210.36.32:8080/prediction/knn,HTTP/1.1,contacts,,200,,,http://20.210.36.32:8080/prediction/knn,,
http_req_tls_handshaking,1678217725,0.000000,,,,true,,POST,http://20.210.36.32:8080/prediction/knn,HTTP/1.1,contacts,,200,,,http://20.210.36.32:8080/prediction/knn,,
http_req_sending,1678217725,0.081100,,,,true,,POST,http://20.210.36.32:8080/prediction/knn,HTTP/1.1,contacts,,200,,,http://20.210.36.32:8080/prediction/knn,,
http_req_waiting,1678217725,1853.951205,,,,true,,POST,http://20.210.36.32:8080/prediction/knn,HTTP/1.1,contacts,,200,,,http://20.210.36.32:8080/prediction/knn,,
http_req_receiving,1678217725,0.177601,,,,true,,POST,http://20.210.36.32:8080/prediction/knn,HTTP/1.1,contacts,,200,,,http://20.210.36.32:8080/prediction/knn,,
http_req_failed,1678217725,0.000000,,,,true,,POST,http://20.210.36.32:8080/prediction/knn,HTTP/1.1,contacts,,200,,,http://20.210.36.32:8080/prediction/knn,,
responseTime,1678217725,1854.209906,,,,,,,,,contacts,,,,,,,
data_sent,1678217725,2088.000000,,,,,,,,,contacts,,,,,,,
data_received,1678217725,199.000000,,,,,,,,,contacts,,,,,,,
iteration_duration,1678217725,1858.807331,,,,,,,,,contacts,,,,,,,
iterations,1678217725,1.000000,,,,,,,,,contacts,,,,,,,
data_sent,1678217725,2088.000000,,,,,,,,,contacts,,,,,,,
data_received,1678217725,0.000000,,,,,,,,,contacts,,,,,,,
http_reqs,1678217725,1.000000,,,,true,,POST,http://20.210.36.32:8080/prediction/knn,HTTP/1.1,contacts,,200,,,http://20.210.36.32:8080/prediction/knn,,
http_req_duration,1678217725,1834.416798,,,,true,,POST,http://20.210.36.32:8080/prediction/knn,HTTP/1.1,contacts,,200,,,http://20.210.36.32:8080/prediction/knn,,
http_req_blocked,1678217725,4.057823,,,,true,,POST,http://20.210.36.32:8080/prediction/knn,HTTP/1.1,contacts,,200,,,http://20.210.36.32:8080/prediction/knn,,
http_req_connecting,1678217725,3.994022,,,,true,,POST,http://20.210.36.32:8080/prediction/knn,HTTP/1.1,contacts,,200,,,http://20.210.36.32:8080/prediction/knn,,
http_req_tls_handshaking,1678217725,0.000000,,,,true,,POST,http://20.210.36.32:8080/prediction/knn,HTTP/1.1,contacts,,200,,,http://20.210.36.32:8080/prediction/knn,,
http_req_sending,1678217725,0.078301,,,,true,,POST,http://20.210.36.32:8080/prediction/knn,HTTP/1.1,contacts,,200,,,http://20.210.36.32:8080/prediction/knn,,
http_req_waiting,1678217725,1833.298691,,,,true,,POST,http://20.210.36.32:8080/prediction/knn,HTTP/1.1,contacts,,200,,,http://20.210.36.32:8080/prediction/knn,,
http_req_receiving,1678217725,1.039806,,,,true,,POST,http://20.210.36.32:8080/prediction/knn,HTTP/1.1,contacts,,200,,,http://20.210.36.32:8080/prediction/knn,,
http_req_failed,1678217725,0.000000,,,,true,,POST,http://20.210.36.32:8080/prediction/knn,HTTP/1.1,contacts,,200,,,http://20.210.36.32:8080/prediction/knn,,
responseTime,1678217725,1834.416798,,,,,,,,,contacts,,,,,,,
data_sent,1678217725,2088.000000,,,,,,,,,contacts,,,,,,,
data_received,1678217725,199.000000,,,,,,,,,contacts,,,,,,,
iteration_duration,1678217725,1838.980122,,,,,,,,,contacts,,,,,,,
iterations,1678217725,1.000000,,,,,,,,,contacts,,,,,,,
http_reqs,1678217725,1.000000,,,,true,,POST,http://20.210.36.32:8080/prediction/knn,HTTP/1.1,contacts,,200,,,http://20.210.36.32:8080/prediction/knn,,
http_req_duration,1678217725,1903.310576,,,,true,,POST,http://20.210.36.32:8080/prediction/knn,HTTP/1.1,contacts,,200,,,http://20.210.36.32:8080/prediction/knn,,
http_req_blocked,1678217725,4.260623,,,,true,,POST,http://20.210.36.32:8080/prediction/knn,HTTP/1.1,contacts,,200,,,http://20.210.36.32:8080/prediction/knn,,
http_req_connecting,1678217725,4.179723,,,,true,,POST,http://20.210.36.32:8080/prediction/knn,HTTP/1.1,contacts,,200,,,http://20.210.36.32:8080/prediction/knn,,
http_req_tls_handshaking,1678217725,0.000000,,,,true,,POST,http://20.210.36.32:8080/prediction/knn,HTTP/1.1,contacts,,200,,,http://20.210.36.32:8080/prediction/knn,,
http_req_sending,1678217725,0.190601,,,,true,,POST,http://20.210.36.32:8080/prediction/knn,HTTP/1.1,contacts,,200,,,http://20.210.36.32:8080/prediction/knn,,
http_req_waiting,1678217725,1902.842774,,,,true,,POST,http://20.210.36.32:8080/prediction/knn,HTTP/1.1,contacts,,200,,,http://20.210.36.32:8080/prediction/knn,,
http_req_receiving,1678217725,0.277201,,,,true,,POST,http://20.210.36.32:8080/prediction/knn,HTTP/1.1,contacts,,200,,,http://20.210.36.32:8080/prediction/knn,,
http_req_failed,1678217725,0.000000,,,,true,,POST,http://20.210.36.32:8080/prediction/knn,HTTP/1.1,contacts,,200,,,http://20.210.36.32:8080/prediction/knn,,
responseTime,1678217725,1903.310576,,,,,,,,,contacts,,,,,,,
data_sent,1678217725,2088.000000,,,,,,,,,contacts,,,,,,,
data_received,1678217725,199.000000,,,,,,,,,contacts,,,,,,,
iteration_duration,1678217725,1908.095703,,,,,,,,,contacts,,,,,,,
iterations,1678217725,1.000000,,,,,,,,,contacts,,,,,,,
http_reqs,1678217725,1.000000,,,,true,,POST,http://20.210.36.32:8080/prediction/knn,HTTP/1.1,contacts,,200,,,http://20.210.36.32:8080/prediction/knn,,
http_req_duration,1678217725,1865.939971,,,,true,,POST,http://20.210.36.32:8080/prediction/knn,HTTP/1.1,contacts,,200,,,http://20.210.36.32:8080/prediction/knn,,
http_req_blocked,1678217725,3.728020,,,,true,,POST,http://20.210.36.32:8080/prediction/knn,HTTP/1.1,contacts,,200,,,http://20.210.36.32:8080/prediction/knn,,
http_req_connecting,1678217725,3.648220,,,,true,,POST,http://20.210.36.32:8080/prediction/knn,HTTP/1.1,contacts,,200,,,http://20.210.36.32:8080/prediction/knn,,
http_req_tls_handshaking,1678217725,0.000000,,,,true,,POST,http://20.210.36.32:8080/prediction/knn,HTTP/1.1,contacts,,200,,,http://20.210.36.32:8080/prediction/knn,,
http_req_sending,1678217725,0.052801,,,,true,,POST,http://20.210.36.32:8080/prediction/knn,HTTP/1.1,contacts,,200,,,http://20.210.36.32:8080/prediction/knn,,
http_req_waiting,1678217725,1865.809970,,,,true,,POST,http://20.210.36.32:8080/prediction/knn,HTTP/1.1,contacts,,200,,,http://20.210.36.32:8080/prediction/knn,,
http_req_receiving,1678217725,0.077200,,,,true,,POST,http://20.210.36.32:8080/prediction/knn,HTTP/1.1,contacts,,200,,,http://20.210.36.32:8080/prediction/knn,,
http_req_failed,1678217725,0.000000,,,,true,,POST,http://20.210.36.32:8080/prediction/knn,HTTP/1.1,contacts,,200,,,http://20.210.36.32:8080/prediction/knn,,
responseTime,1678217725,1865.939971,,,,,,,,,contacts,,,,,,,
data_sent,1678217725,2088.000000,,,,,,,,,contacts,,,,,,,
data_received,1678217725,199.000000,,,,,,,,,contacts,,,,,,,
iteration_duration,1678217725,1870.027693,,,,,,,,,contacts,,,,,,,
iterations,1678217725,1.000000,,,,,,,,,contacts,,,,,,,
http_reqs,1678217725,1.000000,,,,true,,POST,http://20.210.36.32:8080/prediction/knn,HTTP/1.1,contacts,,200,,,http://20.210.36.32:8080/prediction/knn,,
http_req_duration,1678217725,1854.437208,,,,true,,POST,http://20.210.36.32:8080/prediction/knn,HTTP/1.1,contacts,,200,,,http://20.210.36.32:8080/prediction/knn,,
http_req_blocked,1678217725,4.298323,,,,true,,POST,http://20.210.36.32:8080/prediction/knn,HTTP/1.1,contacts,,200,,,http://20.210.36.32:8080/prediction/knn,,
http_req_connecting,1678217725,4.238823,,,,true,,POST,http://20.210.36.32:8080/prediction/knn,HTTP/1.1,contacts,,200,,,http://20.210.36.32:8080/prediction/knn,,
http_req_tls_handshaking,1678217725,0.000000,,,,true,,POST,http://20.210.36.32:8080/prediction/knn,HTTP/1.1,contacts,,200,,,http://20.210.36.32:8080/prediction/knn,,
http_req_sending,1678217725,0.054900,,,,true,,POST,http://20.210.36.32:8080/prediction/knn,HTTP/1.1,contacts,,200,,,http://20.210.36.32:8080/prediction/knn,,
http_req_waiting,1678217725,1854.271507,,,,true,,POST,http://20.210.36.32:8080/prediction/knn,HTTP/1.1,contacts,,200,,,http://20.210.36.32:8080/prediction/knn,,
http_req_receiving,1678217725,0.110801,,,,true,,POST,http://20.210.36.32:8080/prediction/knn,HTTP/1.1,contacts,,200,,,http://20.210.36.32:8080/prediction/knn,,
http_req_failed,1678217725,0.000000,,,,true,,POST,http://20.210.36.32:8080/prediction/knn,HTTP/1.1,contacts,,200,,,http://20.210.36.32:8080/prediction/knn,,
responseTime,1678217725,1854.437208,,,,,,,,,contacts,,,,,,,
data_sent,1678217725,2088.000000,,,,,,,,,contacts,,,,,,,
data_received,1678217725,199.000000,,,,,,,,,contacts,,,,,,,
iteration_duration,1678217725,1859.161334,,,,,,,,,contacts,,,,,,,
iterations,1678217725,1.000000,,,,,,,,,contacts,,,,,,,
data_sent,1678217725,2088.000000,,,,,,,,,contacts,,,,,,,
data_received,1678217725,0.000000,,,,,,,,,contacts,,,,,,,
http_reqs,1678217725,1.000000,,,,true,,POST,http://20.210.36.32:8080/prediction/knn,HTTP/1.1,contacts,,200,,,http://20.210.36.32:8080/prediction/knn,,
http_req_duration,1678217725,1935.298552,,,,true,,POST,http://20.210.36.32:8080/prediction/knn,HTTP/1.1,contacts,,200,,,http://20.210.36.32:8080/prediction/knn,,
http_req_blocked,1678217725,3.974922,,,,true,,POST,http://20.210.36.32:8080/prediction/knn,HTTP/1.1,contacts,,200,,,http://20.210.36.32:8080/prediction/knn,,
http_req_connecting,1678217725,3.854821,,,,true,,POST,http://20.210.36.32:8080/prediction/knn,HTTP/1.1,contacts,,200,,,http://20.210.36.32:8080/prediction/knn,,
http_req_tls_handshaking,1678217725,0.000000,,,,true,,POST,http://20.210.36.32:8080/prediction/knn,HTTP/1.1,contacts,,200,,,http://20.210.36.32:8080/prediction/knn,,
http_req_sending,1678217725,0.067900,,,,true,,POST,http://20.210.36.32:8080/prediction/knn,HTTP/1.1,contacts,,200,,,http://20.210.36.32:8080/prediction/knn,,
http_req_waiting,1678217725,1922.947185,,,,true,,POST,http://20.210.36.32:8080/prediction/knn,HTTP/1.1,contacts,,200,,,http://20.210.36.32:8080/prediction/knn,,
http_req_receiving,1678217725,12.283467,,,,true,,POST,http://20.210.36.32:8080/prediction/knn,HTTP/1.1,contacts,,200,,,http://20.210.36.32:8080/prediction/knn,,
http_req_failed,1678217725,0.000000,,,,true,,POST,http://20.210.36.32:8080/prediction/knn,HTTP/1.1,contacts,,200,,,http://20.210.36.32:8080/prediction/knn,,
responseTime,1678217725,1935.298552,,,,,,,,,contacts,,,,,,,
data_sent,1678217725,2088.000000,,,,,,,,,contacts,,,,,,,
data_received,1678217725,199.000000,,,,,,,,,contacts,,,,,,,
iteration_duration,1678217725,1939.799177,,,,,,,,,contacts,,,,,,,
iterations,1678217725,1.000000,,,,,,,,,contacts,,,,,,,
http_reqs,1678217725,1.000000,,,,true,,POST,http://20.210.36.32:8080/prediction/knn,HTTP/1.1,contacts,,200,,,http://20.210.36.32:8080/prediction/knn,,
http_req_duration,1678217725,1782.978114,,,,true,,POST,http://20.210.36.32:8080/prediction/knn,HTTP/1.1,contacts,,200,,,http://20.210.36.32:8080/prediction/knn,,
http_req_blocked,1678217725,4.109622,,,,true,,POST,http://20.210.36.32:8080/prediction/knn,HTTP/1.1,contacts,,200,,,http://20.210.36.32:8080/prediction/knn,,
http_req_connecting,1678217725,4.011722,,,,true,,POST,http://20.210.36.32:8080/prediction/knn,HTTP/1.1,contacts,,200,,,http://20.210.36.32:8080/prediction/knn,,
http_req_tls_handshaking,1678217725,0.000000,,,,true,,POST,http://20.210.36.32:8080/prediction/knn,HTTP/1.1,contacts,,200,,,http://20.210.36.32:8080/prediction/knn,,
http_req_sending,1678217725,0.044300,,,,true,,POST,http://20.210.36.32:8080/prediction/knn,HTTP/1.1,contacts,,200,,,http://20.210.36.32:8080/prediction/knn,,
http_req_waiting,1678217725,1782.820314,,,,true,,POST,http://20.210.36.32:8080/prediction/knn,HTTP/1.1,contacts,,200,,,http://20.210.36.32:8080/prediction/knn,,
http_req_receiving,1678217725,0.113500,,,,true,,POST,http://20.210.36.32:8080/prediction/knn,HTTP/1.1,contacts,,200,,,http://20.210.36.32:8080/prediction/knn,,
http_req_failed,1678217725,0.000000,,,,true,,POST,http://20.210.36.32:8080/prediction/knn,HTTP/1.1,contacts,,200,,,http://20.210.36.32:8080/prediction/knn,,
responseTime,1678217725,1782.978114,,,,,,,,,contacts,,,,,,,
data_sent,1678217725,2088.000000,,,,,,,,,contacts,,,,,,,
data_received,1678217725,199.000000,,,,,,,,,contacts,,,,,,,
iteration_duration,1678217725,1787.850641,,,,,,,,,contacts,,,,,,,
iterations,1678217725,1.000000,,,,,,,,,contacts,,,,,,,
http_reqs,1678217725,1.000000,,,,true,,POST,http://20.210.36.32:8080/prediction/knn,HTTP/1.1,contacts,,200,,,http://20.210.36.32:8080/prediction/knn,,
http_req_duration,1678217725,1829.603471,,,,true,,POST,http://20.210.36.32:8080/prediction/knn,HTTP/1.1,contacts,,200,,,http://20.210.36.32:8080/prediction/knn,,
http_req_blocked,1678217725,4.063822,,,,true,,POST,http://20.210.36.32:8080/prediction/knn,HTTP/1.1,contacts,,200,,,http://20.210.36.32:8080/prediction/knn,,
http_req_connecting,1678217725,3.998922,,,,true,,POST,http://20.210.36.32:8080/prediction/knn,HTTP/1.1,contacts,,200,,,http://20.210.36.32:8080/prediction/knn,,
http_req_tls_handshaking,1678217725,0.000000,,,,true,,POST,http://20.210.36.32:8080/prediction/knn,HTTP/1.1,contacts,,200,,,http://20.210.36.32:8080/prediction/knn,,
http_req_sending,1678217725,0.061200,,,,true,,POST,http://20.210.36.32:8080/prediction/knn,HTTP/1.1,contacts,,200,,,http://20.210.36.32:8080/prediction/knn,,
http_req_waiting,1678217725,1829.467670,,,,true,,POST,http://20.210.36.32:8080/prediction/knn,HTTP/1.1,contacts,,200,,,http://20.210.36.32:8080/prediction/knn,,
http_req_receiving,1678217725,0.074601,,,,true,,POST,http://20.210.36.32:8080/prediction/knn,HTTP/1.1,contacts,,200,,,http://20.210.36.32:8080/prediction/knn,,
http_req_failed,1678217725,0.000000,,,,true,,POST,http://20.210.36.32:8080/prediction/knn,HTTP/1.1,contacts,,200,,,http://20.210.36.32:8080/prediction/knn,,
responseTime,1678217725,1829.603471,,,,,,,,,contacts,,,,,,,
data_sent,1678217725,2088.000000,,,,,,,,,contacts,,,,,,,
data_received,1678217725,199.000000,,,,,,,,,contacts,,,,,,,
iteration_duration,1678217725,1834.193596,,,,,,,,,contacts,,,,,,,
iterations,1678217725,1.000000,,,,,,,,,contacts,,,,,,,
http_reqs,1678217725,1.000000,,,,true,,POST,http://20.210.36.32:8080/prediction/knn,HTTP/1.1,contacts,,200,,,http://20.210.36.32:8080/prediction/knn,,
http_req_duration,1678217725,1852.677198,,,,true,,POST,http://20.210.36.32:8080/prediction/knn,HTTP/1.1,contacts,,200,,,http://20.210.36.32:8080/prediction/knn,,
http_req_blocked,1678217725,4.792426,,,,true,,POST,http://20.210.36.32:8080/prediction/knn,HTTP/1.1,contacts,,200,,,http://20.210.36.32:8080/prediction/knn,,
http_req_connecting,1678217725,4.691926,,,,true,,POST,http://20.210.36.32:8080/prediction/knn,HTTP/1.1,contacts,,200,,,http://20.210.36.32:8080/prediction/knn,,
http_req_tls_handshaking,1678217725,0.000000,,,,true,,POST,http://20.210.36.32:8080/prediction/knn,HTTP/1.1,contacts,,200,,,http://20.210.36.32:8080/prediction/knn,,
http_req_sending,1678217725,0.076200,,,,true,,POST,http://20.210.36.32:8080/prediction/knn,HTTP/1.1,contacts,,200,,,http://20.210.36.32:8080/prediction/knn,,
http_req_waiting,1678217725,1852.487797,,,,true,,POST,http://20.210.36.32:8080/prediction/knn,HTTP/1.1,contacts,,200,,,http://20.210.36.32:8080/prediction/knn,,
http_req_receiving,1678217725,0.113201,,,,true,,POST,http://20.210.36.32:8080/prediction/knn,HTTP/1.1,contacts,,200,,,http://20.210.36.32:8080/prediction/knn,,
http_req_failed,1678217725,0.000000,,,,true,,POST,http://20.210.36.32:8080/prediction/knn,HTTP/1.1,contacts,,200,,,http://20.210.36.32:8080/prediction/knn,,
responseTime,1678217725,1852.677198,,,,,,,,,contacts,,,,,,,
data_sent,1678217725,2088.000000,,,,,,,,,contacts,,,,,,,
data_received,1678217725,199.000000,,,,,,,,,contacts,,,,,,,
iteration_duration,1678217725,1858.027627,,,,,,,,,contacts,,,,,,,
iterations,1678217725,1.000000,,,,,,,,,contacts,,,,,,,
http_reqs,1678217725,1.000000,,,,true,,POST,http://20.210.36.32:8080/prediction/knn,HTTP/1.1,contacts,,200,,,http://20.210.36.32:8080/prediction/knn,,
http_req_duration,1678217725,1764.682513,,,,true,,POST,http://20.210.36.32:8080/prediction/knn,HTTP/1.1,contacts,,200,,,http://20.210.36.32:8080/prediction/knn,,
http_req_blocked,1678217725,4.123023,,,,true,,POST,http://20.210.36.32:8080/prediction/knn,HTTP/1.1,contacts,,200,,,http://20.210.36.32:8080/prediction/knn,,
http_req_connecting,1678217725,4.047122,,,,true,,POST,http://20.210.36.32:8080/prediction/knn,HTTP/1.1,contacts,,200,,,http://20.210.36.32:8080/prediction/knn,,
http_req_tls_handshaking,1678217725,0.000000,,,,true,,POST,http://20.210.36.32:8080/prediction/knn,HTTP/1.1,contacts,,200,,,http://20.210.36.32:8080/prediction/knn,,
http_req_sending,1678217725,0.050800,,,,true,,POST,http://20.210.36.32:8080/prediction/knn,HTTP/1.1,contacts,,200,,,http://20.210.36.32:8080/prediction/knn,,
http_req_waiting,1678217725,1764.508813,,,,true,,POST,http://20.210.36.32:8080/prediction/knn,HTTP/1.1,contacts,,200,,,http://20.210.36.32:8080/prediction/knn,,
http_req_receiving,1678217725,0.122900,,,,true,,POST,http://20.210.36.32:8080/prediction/knn,HTTP/1.1,contacts,,200,,,http://20.210.36.32:8080/prediction/knn,,
http_req_failed,1678217725,0.000000,,,,true,,POST,http://20.210.36.32:8080/prediction/knn,HTTP/1.1,contacts,,200,,,http://20.210.36.32:8080/prediction/knn,,
responseTime,1678217725,1764.682513,,,,,,,,,contacts,,,,,,,
data_sent,1678217725,2088.000000,,,,,,,,,contacts,,,,,,,
data_received,1678217725,199.000000,,,,,,,,,contacts,,,,,,,
iteration_duration,1678217725,1769.094338,,,,,,,,,contacts,,,,,,,
iterations,1678217725,1.000000,,,,,,,,,contacts,,,,,,,
data_sent,1678217725,2088.000000,,,,,,,,,contacts,,,,,,,
data_received,1678217725,0.000000,,,,,,,,,contacts,,,,,,,
http_reqs,1678217725,1.000000,,,,true,,POST,http://20.210.36.32:8080/prediction/knn,HTTP/1.1,contacts,,200,,,http://20.210.36.32:8080/prediction/knn,,
http_req_duration,1678217725,1986.271734,,,,true,,POST,http://20.210.36.32:8080/prediction/knn,HTTP/1.1,contacts,,200,,,http://20.210.36.32:8080/prediction/knn,,
http_req_blocked,1678217725,4.465925,,,,true,,POST,http://20.210.36.32:8080/prediction/knn,HTTP/1.1,contacts,,200,,,http://20.210.36.32:8080/prediction/knn,,
http_req_connecting,1678217725,4.393924,,,,true,,POST,http://20.210.36.32:8080/prediction/knn,HTTP/1.1,contacts,,200,,,http://20.210.36.32:8080/prediction/knn,,
http_req_tls_handshaking,1678217725,0.000000,,,,true,,POST,http://20.210.36.32:8080/prediction/knn,HTTP/1.1,contacts,,200,,,http://20.210.36.32:8080/prediction/knn,,
http_req_sending,1678217725,0.067101,,,,true,,POST,http://20.210.36.32:8080/prediction/knn,HTTP/1.1,contacts,,200,,,http://20.210.36.32:8080/prediction/knn,,
http_req_waiting,1678217725,1986.085932,,,,true,,POST,http://20.210.36.32:8080/prediction/knn,HTTP/1.1,contacts,,200,,,http://20.210.36.32:8080/prediction/knn,,
http_req_receiving,1678217725,0.118701,,,,true,,POST,http://20.210.36.32:8080/prediction/knn,HTTP/1.1,contacts,,200,,,http://20.210.36.32:8080/prediction/knn,,
http_req_failed,1678217725,0.000000,,,,true,,POST,http://20.210.36.32:8080/prediction/knn,HTTP/1.1,contacts,,200,,,http://20.210.36.32:8080/prediction/knn,,
responseTime,1678217725,1986.271734,,,,,,,,,contacts,,,,,,,
data_sent,1678217725,2088.000000,,,,,,,,,contacts,,,,,,,
data_received,1678217725,199.000000,,,,,,,,,contacts,,,,,,,
iteration_duration,1678217725,1991.072959,,,,,,,,,contacts,,,,,,,
iterations,1678217725,1.000000,,,,,,,,,contacts,,,,,,,
http_reqs,1678217725,1.000000,,,,true,,POST,http://20.210.36.32:8080/prediction/knn,HTTP/1.1,contacts,,200,,,http://20.210.36.32:8080/prediction/knn,,
http_req_duration,1678217725,1821.512326,,,,true,,POST,http://20.210.36.32:8080/prediction/knn,HTTP/1.1,contacts,,200,,,http://20.210.36.32:8080/prediction/knn,,
http_req_blocked,1678217725,3.745120,,,,true,,POST,http://20.210.36.32:8080/prediction/knn,HTTP/1.1,contacts,,200,,,http://20.210.36.32:8080/prediction/knn,,
http_req_connecting,1678217725,3.701120,,,,true,,POST,http://20.210.36.32:8080/prediction/knn,HTTP/1.1,contacts,,200,,,http://20.210.36.32:8080/prediction/knn,,
http_req_tls_handshaking,1678217725,0.000000,,,,true,,POST,http://20.210.36.32:8080/prediction/knn,HTTP/1.1,contacts,,200,,,http://20.210.36.32:8080/prediction/knn,,
http_req_sending,1678217725,0.040900,,,,true,,POST,http://20.210.36.32:8080/prediction/knn,HTTP/1.1,contacts,,200,,,http://20.210.36.32:8080/prediction/knn,,
http_req_waiting,1678217725,1821.391126,,,,true,,POST,http://20.210.36.32:8080/prediction/knn,HTTP/1.1,contacts,,200,,,http://20.210.36.32:8080/prediction/knn,,
http_req_receiving,1678217725,0.080300,,,,true,,POST,http://20.210.36.32:8080/prediction/knn,HTTP/1.1,contacts,,200,,,http://20.210.36.32:8080/prediction/knn,,
http_req_failed,1678217725,0.000000,,,,true,,POST,http://20.210.36.32:8080/prediction/knn,HTTP/1.1,contacts,,200,,,http://20.210.36.32:8080/prediction/knn,,
responseTime,1678217725,1821.512326,,,,,,,,,contacts,,,,,,,
data_sent,1678217725,2088.000000,,,,,,,,,contacts,,,,,,,
data_received,1678217725,199.000000,,,,,,,,,contacts,,,,,,,
iteration_duration,1678217725,1825.642549,,,,,,,,,contacts,,,,,,,
iterations,1678217725,1.000000,,,,,,,,,contacts,,,,,,,
http_reqs,1678217725,1.000000,,,,true,,POST,http://20.210.36.32:8080/prediction/knn,HTTP/1.1,contacts,,200,,,http://20.210.36.32:8080/prediction/knn,,
http_req_duration,1678217725,1778.809791,,,,true,,POST,http://20.210.36.32:8080/prediction/knn,HTTP/1.1,contacts,,200,,,http://20.210.36.32:8080/prediction/knn,,
http_req_blocked,1678217725,8.915249,,,,true,,POST,http://20.210.36.32:8080/prediction/knn,HTTP/1.1,contacts,,200,,,http://20.210.36.32:8080/prediction/knn,,
http_req_connecting,1678217725,8.858349,,,,true,,POST,http://20.210.36.32:8080/prediction/knn,HTTP/1.1,contacts,,200,,,http://20.210.36.32:8080/prediction/knn,,
http_req_tls_handshaking,1678217725,0.000000,,,,true,,POST,http://20.210.36.32:8080/prediction/knn,HTTP/1.1,contacts,,200,,,http://20.210.36.32:8080/prediction/knn,,
http_req_sending,1678217725,0.060600,,,,true,,POST,http://20.210.36.32:8080/prediction/knn,HTTP/1.1,contacts,,200,,,http://20.210.36.32:8080/prediction/knn,,
http_req_waiting,1678217725,1778.685391,,,,true,,POST,http://20.210.36.32:8080/prediction/knn,HTTP/1.1,contacts,,200,,,http://20.210.36.32:8080/prediction/knn,,
http_req_receiving,1678217725,0.063800,,,,true,,POST,http://20.210.36.32:8080/prediction/knn,HTTP/1.1,contacts,,200,,,http://20.210.36.32:8080/prediction/knn,,
http_req_failed,1678217725,0.000000,,,,true,,POST,http://20.210.36.32:8080/prediction/knn,HTTP/1.1,contacts,,200,,,http://20.210.36.32:8080/prediction/knn,,
responseTime,1678217725,1778.809791,,,,,,,,,contacts,,,,,,,
data_sent,1678217725,2088.000000,,,,,,,,,contacts,,,,,,,
data_received,1678217725,199.000000,,,,,,,,,contacts,,,,,,,
iteration_duration,1678217725,1788.240043,,,,,,,,,contacts,,,,,,,
iterations,1678217725,1.000000,,,,,,,,,contacts,,,,,,,
http_reqs,1678217725,1.000000,,,,true,,POST,http://20.210.36.32:8080/prediction/knn,HTTP/1.1,contacts,,200,,,http://20.210.36.32:8080/prediction/knn,,
http_req_duration,1678217725,1797.913097,,,,true,,POST,http://20.210.36.32:8080/prediction/knn,HTTP/1.1,contacts,,200,,,http://20.210.36.32:8080/prediction/knn,,
http_req_blocked,1678217725,3.984622,,,,true,,POST,http://20.210.36.32:8080/prediction/knn,HTTP/1.1,contacts,,200,,,http://20.210.36.32:8080/prediction/knn,,
http_req_connecting,1678217725,3.750120,,,,true,,POST,http://20.210.36.32:8080/prediction/knn,HTTP/1.1,contacts,,200,,,http://20.210.36.32:8080/prediction/knn,,
http_req_tls_handshaking,1678217725,0.000000,,,,true,,POST,http://20.210.36.32:8080/prediction/knn,HTTP/1.1,contacts,,200,,,http://20.210.36.32:8080/prediction/knn,,
http_req_sending,1678217725,0.050101,,,,true,,POST,http://20.210.36.32:8080/prediction/knn,HTTP/1.1,contacts,,200,,,http://20.210.36.32:8080/prediction/knn,,
http_req_waiting,1678217725,1797.777195,,,,true,,POST,http://20.210.36.32:8080/prediction/knn,HTTP/1.1,contacts,,200,,,http://20.210.36.32:8080/prediction/knn,,
http_req_receiving,1678217725,0.085801,,,,true,,POST,http://20.210.36.32:8080/prediction/knn,HTTP/1.1,contacts,,200,,,http://20.210.36.32:8080/prediction/knn,,
http_req_failed,1678217725,0.000000,,,,true,,POST,http://20.210.36.32:8080/prediction/knn,HTTP/1.1,contacts,,200,,,http://20.210.36.32:8080/prediction/knn,,
responseTime,1678217725,1797.913097,,,,,,,,,contacts,,,,,,,
data_sent,1678217725,2088.000000,,,,,,,,,contacts,,,,,,,
data_received,1678217725,199.000000,,,,,,,,,contacts,,,,,,,
iteration_duration,1678217725,1802.309921,,,,,,,,,contacts,,,,,,,
iterations,1678217725,1.000000,,,,,,,,,contacts,,,,,,,
data_sent,1678217725,2088.000000,,,,,,,,,contacts,,,,,,,
data_received,1678217725,0.000000,,,,,,,,,contacts,,,,,,,
http_reqs,1678217726,1.000000,,,,true,,POST,http://20.210.36.32:8080/prediction/knn,HTTP/1.1,contacts,,200,,,http://20.210.36.32:8080/prediction/knn,,
http_req_duration,1678217726,1799.949507,,,,true,,POST,http://20.210.36.32:8080/prediction/knn,HTTP/1.1,contacts,,200,,,http://20.210.36.32:8080/prediction/knn,,
http_req_blocked,1678217726,2.028612,,,,true,,POST,http://20.210.36.32:8080/prediction/knn,HTTP/1.1,contacts,,200,,,http://20.210.36.32:8080/prediction/knn,,
http_req_connecting,1678217726,1.978911,,,,true,,POST,http://20.210.36.32:8080/prediction/knn,HTTP/1.1,contacts,,200,,,http://20.210.36.32:8080/prediction/knn,,
http_req_tls_handshaking,1678217726,0.000000,,,,true,,POST,http://20.210.36.32:8080/prediction/knn,HTTP/1.1,contacts,,200,,,http://20.210.36.32:8080/prediction/knn,,
http_req_sending,1678217726,0.049000,,,,true,,POST,http://20.210.36.32:8080/prediction/knn,HTTP/1.1,contacts,,200,,,http://20.210.36.32:8080/prediction/knn,,
http_req_waiting,1678217726,1799.782306,,,,true,,POST,http://20.210.36.32:8080/prediction/knn,HTTP/1.1,contacts,,200,,,http://20.210.36.32:8080/prediction/knn,,
http_req_receiving,1678217726,0.118201,,,,true,,POST,http://20.210.36.32:8080/prediction/knn,HTTP/1.1,contacts,,200,,,http://20.210.36.32:8080/prediction/knn,,
http_req_failed,1678217726,0.000000,,,,true,,POST,http://20.210.36.32:8080/prediction/knn,HTTP/1.1,contacts,,200,,,http://20.210.36.32:8080/prediction/knn,,
responseTime,1678217726,1799.949507,,,,,,,,,contacts,,,,,,,
data_sent,1678217726,2088.000000,,,,,,,,,contacts,,,,,,,
data_received,1678217726,199.000000,,,,,,,,,contacts,,,,,,,
iteration_duration,1678217726,1802.685923,,,,,,,,,contacts,,,,,,,
iterations,1678217726,1.000000,,,,,,,,,contacts,,,,,,,
http_reqs,1678217726,1.000000,,,,true,,POST,http://20.210.36.32:8080/prediction/knn,HTTP/1.1,contacts,,200,,,http://20.210.36.32:8080/prediction/knn,,
http_req_duration,1678217726,1800.201509,,,,true,,POST,http://20.210.36.32:8080/prediction/knn,HTTP/1.1,contacts,,200,,,http://20.210.36.32:8080/prediction/knn,,
http_req_blocked,1678217726,2.041712,,,,true,,POST,http://20.210.36.32:8080/prediction/knn,HTTP/1.1,contacts,,200,,,http://20.210.36.32:8080/prediction/knn,,
http_req_connecting,1678217726,1.980811,,,,true,,POST,http://20.210.36.32:8080/prediction/knn,HTTP/1.1,contacts,,200,,,http://20.210.36.32:8080/prediction/knn,,
http_req_tls_handshaking,1678217726,0.000000,,,,true,,POST,http://20.210.36.32:8080/prediction/knn,HTTP/1.1,contacts,,200,,,http://20.210.36.32:8080/prediction/knn,,
http_req_sending,1678217726,0.034800,,,,true,,POST,http://20.210.36.32:8080/prediction/knn,HTTP/1.1,contacts,,200,,,http://20.210.36.32:8080/prediction/knn,,
http_req_waiting,1678217726,1799.325404,,,,true,,POST,http://20.210.36.32:8080/prediction/knn,HTTP/1.1,contacts,,200,,,http://20.210.36.32:8080/prediction/knn,,
http_req_receiving,1678217726,0.841305,,,,true,,POST,http://20.210.36.32:8080/prediction/knn,HTTP/1.1,contacts,,200,,,http://20.210.36.32:8080/prediction/knn,,
http_req_failed,1678217726,0.000000,,,,true,,POST,http://20.210.36.32:8080/prediction/knn,HTTP/1.1,contacts,,200,,,http://20.210.36.32:8080/prediction/knn,,
responseTime,1678217726,1800.201509,,,,,,,,,contacts,,,,,,,
data_sent,1678217726,2088.000000,,,,,,,,,contacts,,,,,,,
data_received,1678217726,199.000000,,,,,,,,,contacts,,,,,,,
iteration_duration,1678217726,1803.421627,,,,,,,,,contacts,,,,,,,
iterations,1678217726,1.000000,,,,,,,,,contacts,,,,,,,
http_reqs,1678217726,1.000000,,,,true,,POST,http://20.210.36.32:8080/prediction/knn,HTTP/1.1,contacts,,200,,,http://20.210.36.32:8080/prediction/knn,,
http_req_duration,1678217726,1813.615183,,,,true,,POST,http://20.210.36.32:8080/prediction/knn,HTTP/1.1,contacts,,200,,,http://20.210.36.32:8080/prediction/knn,,
http_req_blocked,1678217726,3.648320,,,,true,,POST,http://20.210.36.32:8080/prediction/knn,HTTP/1.1,contacts,,200,,,http://20.210.36.32:8080/prediction/knn,,
http_req_connecting,1678217726,3.590720,,,,true,,POST,http://20.210.36.32:8080/prediction/knn,HTTP/1.1,contacts,,200,,,http://20.210.36.32:8080/prediction/knn,,
http_req_tls_handshaking,1678217726,0.000000,,,,true,,POST,http://20.210.36.32:8080/prediction/knn,HTTP/1.1,contacts,,200,,,http://20.210.36.32:8080/prediction/knn,,
http_req_sending,1678217726,0.054500,,,,true,,POST,http://20.210.36.32:8080/prediction/knn,HTTP/1.1,contacts,,200,,,http://20.210.36.32:8080/prediction/knn,,
http_req_waiting,1678217726,1813.399882,,,,true,,POST,http://20.210.36.32:8080/prediction/knn,HTTP/1.1,contacts,,200,,,http://20.210.36.32:8080/prediction/knn,,
http_req_receiving,1678217726,0.160801,,,,true,,POST,http://20.210.36.32:8080/prediction/knn,HTTP/1.1,contacts,,200,,,http://20.210.36.32:8080/prediction/knn,,
http_req_failed,1678217726,0.000000,,,,true,,POST,http://20.210.36.32:8080/prediction/knn,HTTP/1.1,contacts,,200,,,http://20.210.36.32:8080/prediction/knn,,
responseTime,1678217726,1813.615183,,,,,,,,,contacts,,,,,,,
data_sent,1678217726,2088.000000,,,,,,,,,contacts,,,,,,,
data_received,1678217726,199.000000,,,,,,,,,contacts,,,,,,,
iteration_duration,1678217726,1817.725405,,,,,,,,,contacts,,,,,,,
iterations,1678217726,1.000000,,,,,,,,,contacts,,,,,,,
data_sent,1678217726,2088.000000,,,,,,,,,contacts,,,,,,,
data_received,1678217726,0.000000,,,,,,,,,contacts,,,,,,,
http_reqs,1678217726,1.000000,,,,true,,POST,http://20.210.36.32:8080/prediction/knn,HTTP/1.1,contacts,,200,,,http://20.210.36.32:8080/prediction/knn,,
http_req_duration,1678217726,1926.431103,,,,true,,POST,http://20.210.36.32:8080/prediction/knn,HTTP/1.1,contacts,,200,,,http://20.210.36.32:8080/prediction/knn,,
http_req_blocked,1678217726,2.056512,,,,true,,POST,http://20.210.36.32:8080/prediction/knn,HTTP/1.1,contacts,,200,,,http://20.210.36.32:8080/prediction/knn,,
http_req_connecting,1678217726,1.894911,,,,true,,POST,http://20.210.36.32:8080/prediction/knn,HTTP/1.1,contacts,,200,,,http://20.210.36.32:8080/prediction/knn,,
http_req_tls_handshaking,1678217726,0.000000,,,,true,,POST,http://20.210.36.32:8080/prediction/knn,HTTP/1.1,contacts,,200,,,http://20.210.36.32:8080/prediction/knn,,
http_req_sending,1678217726,0.058200,,,,true,,POST,http://20.210.36.32:8080/prediction/knn,HTTP/1.1,contacts,,200,,,http://20.210.36.32:8080/prediction/knn,,
http_req_waiting,1678217726,1915.954346,,,,true,,POST,http://20.210.36.32:8080/prediction/knn,HTTP/1.1,contacts,,200,,,http://20.210.36.32:8080/prediction/knn,,
http_req_receiving,1678217726,10.418557,,,,true,,POST,http://20.210.36.32:8080/prediction/knn,HTTP/1.1,contacts,,200,,,http://20.210.36.32:8080/prediction/knn,,
http_req_failed,1678217726,0.000000,,,,true,,POST,http://20.210.36.32:8080/prediction/knn,HTTP/1.1,contacts,,200,,,http://20.210.36.32:8080/prediction/knn,,
responseTime,1678217726,1926.431103,,,,,,,,,contacts,,,,,,,
data_sent,1678217726,2088.000000,,,,,,,,,contacts,,,,,,,
data_received,1678217726,199.000000,,,,,,,,,contacts,,,,,,,
iteration_duration,1678217726,1928.944518,,,,,,,,,contacts,,,,,,,
iterations,1678217726,1.000000,,,,,,,,,contacts,,,,,,,
http_reqs,1678217726,1.000000,,,,true,,POST,http://20.210.36.32:8080/prediction/knn,HTTP/1.1,contacts,,200,,,http://20.210.36.32:8080/prediction/knn,,
http_req_duration,1678217726,1937.813767,,,,true,,POST,http://20.210.36.32:8080/prediction/knn,HTTP/1.1,contacts,,200,,,http://20.210.36.32:8080/prediction/knn,,
http_req_blocked,1678217726,3.604220,,,,true,,POST,http://20.210.36.32:8080/prediction/knn,HTTP/1.1,contacts,,200,,,http://20.210.36.32:8080/prediction/knn,,
http_req_connecting,1678217726,3.541019,,,,true,,POST,http://20.210.36.32:8080/prediction/knn,HTTP/1.1,contacts,,200,,,http://20.210.36.32:8080/prediction/knn,,
http_req_tls_handshaking,1678217726,0.000000,,,,true,,POST,http://20.210.36.32:8080/prediction/knn,HTTP/1.1,contacts,,200,,,http://20.210.36.32:8080/prediction/knn,,
http_req_sending,1678217726,0.031100,,,,true,,POST,http://20.210.36.32:8080/prediction/knn,HTTP/1.1,contacts,,200,,,http://20.210.36.32:8080/prediction/knn,,
http_req_waiting,1678217726,1937.699566,,,,true,,POST,http://20.210.36.32:8080/prediction/knn,HTTP/1.1,contacts,,200,,,http://20.210.36.32:8080/prediction/knn,,
http_req_receiving,1678217726,0.083101,,,,true,,POST,http://20.210.36.32:8080/prediction/knn,HTTP/1.1,contacts,,200,,,http://20.210.36.32:8080/prediction/knn,,
http_req_failed,1678217726,0.000000,,,,true,,POST,http://20.210.36.32:8080/prediction/knn,HTTP/1.1,contacts,,200,,,http://20.210.36.32:8080/prediction/knn,,
responseTime,1678217726,1937.813767,,,,,,,,,contacts,,,,,,,
data_sent,1678217726,2088.000000,,,,,,,,,contacts,,,,,,,
data_received,1678217726,199.000000,,,,,,,,,contacts,,,,,,,
iteration_duration,1678217726,1942.357792,,,,,,,,,contacts,,,,,,,
iterations,1678217726,1.000000,,,,,,,,,contacts,,,,,,,
http_reqs,1678217726,1.000000,,,,true,,POST,http://20.210.36.32:8080/prediction/knn,HTTP/1.1,contacts,,200,,,http://20.210.36.32:8080/prediction/knn,,
http_req_duration,1678217726,1915.273142,,,,true,,POST,http://20.210.36.32:8080/prediction/knn,HTTP/1.1,contacts,,200,,,http://20.210.36.32:8080/prediction/knn,,
http_req_blocked,1678217726,2.120912,,,,true,,POST,http://20.210.36.32:8080/prediction/knn,HTTP/1.1,contacts,,200,,,http://20.210.36.32:8080/prediction/knn,,
http_req_connecting,1678217726,2.056711,,,,true,,POST,http://20.210.36.32:8080/prediction/knn,HTTP/1.1,contacts,,200,,,http://20.210.36.32:8080/prediction/knn,,
http_req_tls_handshaking,1678217726,0.000000,,,,true,,POST,http://20.210.36.32:8080/prediction/knn,HTTP/1.1,contacts,,200,,,http://20.210.36.32:8080/prediction/knn,,
http_req_sending,1678217726,0.068700,,,,true,,POST,http://20.210.36.32:8080/prediction/knn,HTTP/1.1,contacts,,200,,,http://20.210.36.32:8080/prediction/knn,,
http_req_waiting,1678217726,1911.615022,,,,true,,POST,http://20.210.36.32:8080/prediction/knn,HTTP/1.1,contacts,,200,,,http://20.210.36.32:8080/prediction/knn,,
http_req_receiving,1678217726,3.589420,,,,true,,POST,http://20.210.36.32:8080/prediction/knn,HTTP/1.1,contacts,,200,,,http://20.210.36.32:8080/prediction/knn,,
http_req_failed,1678217726,0.000000,,,,true,,POST,http://20.210.36.32:8080/prediction/knn,HTTP/1.1,contacts,,200,,,http://20.210.36.32:8080/prediction/knn,,
responseTime,1678217726,1915.273142,,,,,,,,,contacts,,,,,,,
data_sent,1678217726,2088.000000,,,,,,,,,contacts,,,,,,,
data_received,1678217726,199.000000,,,,,,,,,contacts,,,,,,,
iteration_duration,1678217726,1917.841057,,,,,,,,,contacts,,,,,,,
iterations,1678217726,1.000000,,,,,,,,,contacts,,,,,,,
http_reqs,1678217726,1.000000,,,,true,,POST,http://20.210.36.32:8080/prediction/knn,HTTP/1.1,contacts,,200,,,http://20.210.36.32:8080/prediction/knn,,
http_req_duration,1678217726,1911.258520,,,,true,,POST,http://20.210.36.32:8080/prediction/knn,HTTP/1.1,contacts,,200,,,http://20.210.36.32:8080/prediction/knn,,
http_req_blocked,1678217726,1.852810,,,,true,,POST,http://20.210.36.32:8080/prediction/knn,HTTP/1.1,contacts,,200,,,http://20.210.36.32:8080/prediction/knn,,
http_req_connecting,1678217726,1.800310,,,,true,,POST,http://20.210.36.32:8080/prediction/knn,HTTP/1.1,contacts,,200,,,http://20.210.36.32:8080/prediction/knn,,
http_req_tls_handshaking,1678217726,0.000000,,,,true,,POST,http://20.210.36.32:8080/prediction/knn,HTTP/1.1,contacts,,200,,,http://20.210.36.32:8080/prediction/knn,,
http_req_sending,1678217726,0.041000,,,,true,,POST,http://20.210.36.32:8080/prediction/knn,HTTP/1.1,contacts,,200,,,http://20.210.36.32:8080/prediction/knn,,
http_req_waiting,1678217726,1909.469210,,,,true,,POST,http://20.210.36.32:8080/prediction/knn,HTTP/1.1,contacts,,200,,,http://20.210.36.32:8080/prediction/knn,,
http_req_receiving,1678217726,1.748310,,,,true,,POST,http://20.210.36.32:8080/prediction/knn,HTTP/1.1,contacts,,200,,,http://20.210.36.32:8080/prediction/knn,,
http_req_failed,1678217726,0.000000,,,,true,,POST,http://20.210.36.32:8080/prediction/knn,HTTP/1.1,contacts,,200,,,http://20.210.36.32:8080/prediction/knn,,
responseTime,1678217726,1911.258520,,,,,,,,,contacts,,,,,,,
data_sent,1678217726,2088.000000,,,,,,,,,contacts,,,,,,,
data_received,1678217726,199.000000,,,,,,,,,contacts,,,,,,,
iteration_duration,1678217726,1913.693934,,,,,,,,,contacts,,,,,,,
iterations,1678217726,1.000000,,,,,,,,,contacts,,,,,,,
data_sent,1678217726,2088.000000,,,,,,,,,contacts,,,,,,,
data_received,1678217726,0.000000,,,,,,,,,contacts,,,,,,,
http_reqs,1678217726,1.000000,,,,true,,POST,http://20.210.36.32:8080/prediction/knn,HTTP/1.1,contacts,,200,,,http://20.210.36.32:8080/prediction/knn,,
http_req_duration,1678217726,1912.200825,,,,true,,POST,http://20.210.36.32:8080/prediction/knn,HTTP/1.1,contacts,,200,,,http://20.210.36.32:8080/prediction/knn,,
http_req_blocked,1678217726,3.022117,,,,true,,POST,http://20.210.36.32:8080/prediction/knn,HTTP/1.1,contacts,,200,,,http://20.210.36.32:8080/prediction/knn,,
http_req_connecting,1678217726,2.975217,,,,true,,POST,http://20.210.36.32:8080/prediction/knn,HTTP/1.1,contacts,,200,,,http://20.210.36.32:8080/prediction/knn,,
http_req_tls_handshaking,1678217726,0.000000,,,,true,,POST,http://20.210.36.32:8080/prediction/knn,HTTP/1.1,contacts,,200,,,http://20.210.36.32:8080/prediction/knn,,
http_req_sending,1678217726,0.068300,,,,true,,POST,http://20.210.36.32:8080/prediction/knn,HTTP/1.1,contacts,,200,,,http://20.210.36.32:8080/prediction/knn,,
http_req_waiting,1678217726,1903.587378,,,,true,,POST,http://20.210.36.32:8080/prediction/knn,HTTP/1.1,contacts,,200,,,http://20.210.36.32:8080/prediction/knn,,
http_req_receiving,1678217726,8.545147,,,,true,,POST,http://20.210.36.32:8080/prediction/knn,HTTP/1.1,contacts,,200,,,http://20.210.36.32:8080/prediction/knn,,
http_req_failed,1678217726,0.000000,,,,true,,POST,http://20.210.36.32:8080/prediction/knn,HTTP/1.1,contacts,,200,,,http://20.210.36.32:8080/prediction/knn,,
responseTime,1678217726,1912.200825,,,,,,,,,contacts,,,,,,,
data_sent,1678217726,2088.000000,,,,,,,,,contacts,,,,,,,
data_received,1678217726,199.000000,,,,,,,,,contacts,,,,,,,
iteration_duration,1678217726,1915.794945,,,,,,,,,contacts,,,,,,,
iterations,1678217726,1.000000,,,,,,,,,contacts,,,,,,,
http_reqs,1678217726,1.000000,,,,true,,POST,http://20.210.36.32:8080/prediction/knn,HTTP/1.1,contacts,,200,,,http://20.210.36.32:8080/prediction/knn,,
http_req_duration,1678217726,1983.729119,,,,true,,POST,http://20.210.36.32:8080/prediction/knn,HTTP/1.1,contacts,,200,,,http://20.210.36.32:8080/prediction/knn,,
http_req_blocked,1678217726,4.843226,,,,true,,POST,http://20.210.36.32:8080/prediction/knn,HTTP/1.1,contacts,,200,,,http://20.210.36.32:8080/prediction/knn,,
http_req_connecting,1678217726,4.785026,,,,true,,POST,http://20.210.36.32:8080/prediction/knn,HTTP/1.1,contacts,,200,,,http://20.210.36.32:8080/prediction/knn,,
http_req_tls_handshaking,1678217726,0.000000,,,,true,,POST,http://20.210.36.32:8080/prediction/knn,HTTP/1.1,contacts,,200,,,http://20.210.36.32:8080/prediction/knn,,
http_req_sending,1678217726,0.041300,,,,true,,POST,http://20.210.36.32:8080/prediction/knn,HTTP/1.1,contacts,,200,,,http://20.210.36.32:8080/prediction/knn,,
http_req_waiting,1678217726,1970.732448,,,,true,,POST,http://20.210.36.32:8080/prediction/knn,HTTP/1.1,contacts,,200,,,http://20.210.36.32:8080/prediction/knn,,
http_req_receiving,1678217726,12.955371,,,,true,,POST,http://20.210.36.32:8080/prediction/knn,HTTP/1.1,contacts,,200,,,http://20.210.36.32:8080/prediction/knn,,
http_req_failed,1678217726,0.000000,,,,true,,POST,http://20.210.36.32:8080/prediction/knn,HTTP/1.1,contacts,,200,,,http://20.210.36.32:8080/prediction/knn,,
responseTime,1678217726,1983.729119,,,,,,,,,contacts,,,,,,,
data_sent,1678217726,2088.000000,,,,,,,,,contacts,,,,,,,
data_received,1678217726,199.000000,,,,,,,,,contacts,,,,,,,
iteration_duration,1678217726,1989.048149,,,,,,,,,contacts,,,,,,,
iterations,1678217726,1.000000,,,,,,,,,contacts,,,,,,,
http_reqs,1678217726,1.000000,,,,true,,POST,http://20.210.36.32:8080/prediction/knn,HTTP/1.1,contacts,,200,,,http://20.210.36.32:8080/prediction/knn,,
http_req_duration,1678217726,1962.646403,,,,true,,POST,http://20.210.36.32:8080/prediction/knn,HTTP/1.1,contacts,,200,,,http://20.210.36.32:8080/prediction/knn,,
http_req_blocked,1678217726,1.972410,,,,true,,POST,http://20.210.36.32:8080/prediction/knn,HTTP/1.1,contacts,,200,,,http://20.210.36.32:8080/prediction/knn,,
http_req_connecting,1678217726,1.899010,,,,true,,POST,http://20.210.36.32:8080/prediction/knn,HTTP/1.1,contacts,,200,,,http://20.210.36.32:8080/prediction/knn,,
http_req_tls_handshaking,1678217726,0.000000,,,,true,,POST,http://20.210.36.32:8080/prediction/knn,HTTP/1.1,contacts,,200,,,http://20.210.36.32:8080/prediction/knn,,
http_req_sending,1678217726,0.051400,,,,true,,POST,http://20.210.36.32:8080/prediction/knn,HTTP/1.1,contacts,,200,,,http://20.210.36.32:8080/prediction/knn,,
http_req_waiting,1678217726,1962.499103,,,,true,,POST,http://20.210.36.32:8080/prediction/knn,HTTP/1.1,contacts,,200,,,http://20.210.36.32:8080/prediction/knn,,
http_req_receiving,1678217726,0.095900,,,,true,,POST,http://20.210.36.32:8080/prediction/knn,HTTP/1.1,contacts,,200,,,http://20.210.36.32:8080/prediction/knn,,
http_req_failed,1678217726,0.000000,,,,true,,POST,http://20.210.36.32:8080/prediction/knn,HTTP/1.1,contacts,,200,,,http://20.210.36.32:8080/prediction/knn,,
responseTime,1678217726,1962.646403,,,,,,,,,contacts,,,,,,,
data_sent,1678217726,2088.000000,,,,,,,,,contacts,,,,,,,
data_received,1678217726,199.000000,,,,,,,,,contacts,,,,,,,
iteration_duration,1678217726,1965.786721,,,,,,,,,contacts,,,,,,,
iterations,1678217726,1.000000,,,,,,,,,contacts,,,,,,,
data_sent,1678217726,2088.000000,,,,,,,,,contacts,,,,,,,
data_received,1678217726,0.000000,,,,,,,,,contacts,,,,,,,
http_reqs,1678217726,1.000000,,,,true,,POST,http://20.210.36.32:8080/prediction/knn,HTTP/1.1,contacts,,200,,,http://20.210.36.32:8080/prediction/knn,,
http_req_duration,1678217726,1911.922324,,,,true,,POST,http://20.210.36.32:8080/prediction/knn,HTTP/1.1,contacts,,200,,,http://20.210.36.32:8080/prediction/knn,,
http_req_blocked,1678217726,2.063512,,,,true,,POST,http://20.210.36.32:8080/prediction/knn,HTTP/1.1,contacts,,200,,,http://20.210.36.32:8080/prediction/knn,,
http_req_connecting,1678217726,1.967810,,,,true,,POST,http://20.210.36.32:8080/prediction/knn,HTTP/1.1,contacts,,200,,,http://20.210.36.32:8080/prediction/knn,,
http_req_tls_handshaking,1678217726,0.000000,,,,true,,POST,http://20.210.36.32:8080/prediction/knn,HTTP/1.1,contacts,,200,,,http://20.210.36.32:8080/prediction/knn,,
http_req_sending,1678217726,0.066901,,,,true,,POST,http://20.210.36.32:8080/prediction/knn,HTTP/1.1,contacts,,200,,,http://20.210.36.32:8080/prediction/knn,,
http_req_waiting,1678217726,1892.130515,,,,true,,POST,http://20.210.36.32:8080/prediction/knn,HTTP/1.1,contacts,,200,,,http://20.210.36.32:8080/prediction/knn,,
http_req_receiving,1678217726,19.724908,,,,true,,POST,http://20.210.36.32:8080/prediction/knn,HTTP/1.1,contacts,,200,,,http://20.210.36.32:8080/prediction/knn,,
http_req_failed,1678217726,0.000000,,,,true,,POST,http://20.210.36.32:8080/prediction/knn,HTTP/1.1,contacts,,200,,,http://20.210.36.32:8080/prediction/knn,,
responseTime,1678217726,1911.922324,,,,,,,,,contacts,,,,,,,
data_sent,1678217726,2088.000000,,,,,,,,,contacts,,,,,,,
data_received,1678217726,199.000000,,,,,,,,,contacts,,,,,,,
iteration_duration,1678217726,1914.491638,,,,,,,,,contacts,,,,,,,
iterations,1678217726,1.000000,,,,,,,,,contacts,,,,,,,
http_reqs,1678217726,1.000000,,,,true,,POST,http://20.210.36.32:8080/prediction/knn,HTTP/1.1,contacts,,200,,,http://20.210.36.32:8080/prediction/knn,,
http_req_duration,1678217726,2037.311914,,,,true,,POST,http://20.210.36.32:8080/prediction/knn,HTTP/1.1,contacts,,200,,,http://20.210.36.32:8080/prediction/knn,,
http_req_blocked,1678217726,2.068212,,,,true,,POST,http://20.210.36.32:8080/prediction/knn,HTTP/1.1,contacts,,200,,,http://20.210.36.32:8080/prediction/knn,,
http_req_connecting,1678217726,1.998011,,,,true,,POST,http://20.210.36.32:8080/prediction/knn,HTTP/1.1,contacts,,200,,,http://20.210.36.32:8080/prediction/knn,,
http_req_tls_handshaking,1678217726,0.000000,,,,true,,POST,http://20.210.36.32:8080/prediction/knn,HTTP/1.1,contacts,,200,,,http://20.210.36.32:8080/prediction/knn,,
http_req_sending,1678217726,0.051500,,,,true,,POST,http://20.210.36.32:8080/prediction/knn,HTTP/1.1,contacts,,200,,,http://20.210.36.32:8080/prediction/knn,,
http_req_waiting,1678217726,2037.161013,,,,true,,POST,http://20.210.36.32:8080/prediction/knn,HTTP/1.1,contacts,,200,,,http://20.210.36.32:8080/prediction/knn,,
http_req_receiving,1678217726,0.099401,,,,true,,POST,http://20.210.36.32:8080/prediction/knn,HTTP/1.1,contacts,,200,,,http://20.210.36.32:8080/prediction/knn,,
http_req_failed,1678217726,0.000000,,,,true,,POST,http://20.210.36.32:8080/prediction/knn,HTTP/1.1,contacts,,200,,,http://20.210.36.32:8080/prediction/knn,,
responseTime,1678217726,2037.311914,,,,,,,,,contacts,,,,,,,
data_sent,1678217726,2088.000000,,,,,,,,,contacts,,,,,,,
data_received,1678217726,199.000000,,,,,,,,,contacts,,,,,,,
iteration_duration,1678217726,2040.043829,,,,,,,,,contacts,,,,,,,
iterations,1678217726,1.000000,,,,,,,,,contacts,,,,,,,
http_reqs,1678217726,1.000000,,,,true,,POST,http://20.210.36.32:8080/prediction/knn,HTTP/1.1,contacts,,200,,,http://20.210.36.32:8080/prediction/knn,,
http_req_duration,1678217726,1973.920365,,,,true,,POST,http://20.210.36.32:8080/prediction/knn,HTTP/1.1,contacts,,200,,,http://20.210.36.32:8080/prediction/knn,,
http_req_blocked,1678217726,2.519114,,,,true,,POST,http://20.210.36.32:8080/prediction/knn,HTTP/1.1,contacts,,200,,,http://20.210.36.32:8080/prediction/knn,,
http_req_connecting,1678217726,2.475114,,,,true,,POST,http://20.210.36.32:8080/prediction/knn,HTTP/1.1,contacts,,200,,,http://20.210.36.32:8080/prediction/knn,,
http_req_tls_handshaking,1678217726,0.000000,,,,true,,POST,http://20.210.36.32:8080/prediction/knn,HTTP/1.1,contacts,,200,,,http://20.210.36.32:8080/prediction/knn,,
http_req_sending,1678217726,0.070500,,,,true,,POST,http://20.210.36.32:8080/prediction/knn,HTTP/1.1,contacts,,200,,,http://20.210.36.32:8080/prediction/knn,,
http_req_waiting,1678217726,1973.653964,,,,true,,POST,http://20.210.36.32:8080/prediction/knn,HTTP/1.1,contacts,,200,,,http://20.210.36.32:8080/prediction/knn,,
http_req_receiving,1678217726,0.195901,,,,true,,POST,http://20.210.36.32:8080/prediction/knn,HTTP/1.1,contacts,,200,,,http://20.210.36.32:8080/prediction/knn,,
http_req_failed,1678217726,0.000000,,,,true,,POST,http://20.210.36.32:8080/prediction/knn,HTTP/1.1,contacts,,200,,,http://20.210.36.32:8080/prediction/knn,,
responseTime,1678217726,1973.920365,,,,,,,,,contacts,,,,,,,
data_sent,1678217726,2088.000000,,,,,,,,,contacts,,,,,,,
data_received,1678217726,199.000000,,,,,,,,,contacts,,,,,,,
iteration_duration,1678217726,1977.039282,,,,,,,,,contacts,,,,,,,
iterations,1678217726,1.000000,,,,,,,,,contacts,,,,,,,
http_reqs,1678217726,1.000000,,,,true,,POST,http://20.210.36.32:8080/prediction/knn,HTTP/1.1,contacts,,200,,,http://20.210.36.32:8080/prediction/knn,,
http_req_duration,1678217726,1975.428673,,,,true,,POST,http://20.210.36.32:8080/prediction/knn,HTTP/1.1,contacts,,200,,,http://20.210.36.32:8080/prediction/knn,,
http_req_blocked,1678217726,1.863611,,,,true,,POST,http://20.210.36.32:8080/prediction/knn,HTTP/1.1,contacts,,200,,,http://20.210.36.32:8080/prediction/knn,,
http_req_connecting,1678217726,1.819810,,,,true,,POST,http://20.210.36.32:8080/prediction/knn,HTTP/1.1,contacts,,200,,,http://20.210.36.32:8080/prediction/knn,,
http_req_tls_handshaking,1678217726,0.000000,,,,true,,POST,http://20.210.36.32:8080/prediction/knn,HTTP/1.1,contacts,,200,,,http://20.210.36.32:8080/prediction/knn,,
http_req_sending,1678217726,0.086900,,,,true,,POST,http://20.210.36.32:8080/prediction/knn,HTTP/1.1,contacts,,200,,,http://20.210.36.32:8080/prediction/knn,,
http_req_waiting,1678217726,1975.236472,,,,true,,POST,http://20.210.36.32:8080/prediction/knn,HTTP/1.1,contacts,,200,,,http://20.210.36.32:8080/prediction/knn,,
http_req_receiving,1678217726,0.105301,,,,true,,POST,http://20.210.36.32:8080/prediction/knn,HTTP/1.1,contacts,,200,,,http://20.210.36.32:8080/prediction/knn,,
http_req_failed,1678217726,0.000000,,,,true,,POST,http://20.210.36.32:8080/prediction/knn,HTTP/1.1,contacts,,200,,,http://20.210.36.32:8080/prediction/knn,,
responseTime,1678217726,1975.428673,,,,,,,,,contacts,,,,,,,
data_sent,1678217726,2088.000000,,,,,,,,,contacts,,,,,,,
data_received,1678217726,199.000000,,,,,,,,,contacts,,,,,,,
iteration_duration,1678217726,1977.752586,,,,,,,,,contacts,,,,,,,
iterations,1678217726,1.000000,,,,,,,,,contacts,,,,,,,
data_sent,1678217726,2088.000000,,,,,,,,,contacts,,,,,,,
data_received,1678217726,0.000000,,,,,,,,,contacts,,,,,,,
http_reqs,1678217726,1.000000,,,,true,,POST,http://20.210.36.32:8080/prediction/knn,HTTP/1.1,contacts,,200,,,http://20.210.36.32:8080/prediction/knn,,
http_req_duration,1678217726,1962.248601,,,,true,,POST,http://20.210.36.32:8080/prediction/knn,HTTP/1.1,contacts,,200,,,http://20.210.36.32:8080/prediction/knn,,
http_req_blocked,1678217726,2.635314,,,,true,,POST,http://20.210.36.32:8080/prediction/knn,HTTP/1.1,contacts,,200,,,http://20.210.36.32:8080/prediction/knn,,
http_req_connecting,1678217726,2.564314,,,,true,,POST,http://20.210.36.32:8080/prediction/knn,HTTP/1.1,contacts,,200,,,http://20.210.36.32:8080/prediction/knn,,
http_req_tls_handshaking,1678217726,0.000000,,,,true,,POST,http://20.210.36.32:8080/prediction/knn,HTTP/1.1,contacts,,200,,,http://20.210.36.32:8080/prediction/knn,,
http_req_sending,1678217726,0.061400,,,,true,,POST,http://20.210.36.32:8080/prediction/knn,HTTP/1.1,contacts,,200,,,http://20.210.36.32:8080/prediction/knn,,
http_req_waiting,1678217726,1956.895072,,,,true,,POST,http://20.210.36.32:8080/prediction/knn,HTTP/1.1,contacts,,200,,,http://20.210.36.32:8080/prediction/knn,,
http_req_receiving,1678217726,5.292129,,,,true,,POST,http://20.210.36.32:8080/prediction/knn,HTTP/1.1,contacts,,200,,,http://20.210.36.32:8080/prediction/knn,,
http_req_failed,1678217726,0.000000,,,,true,,POST,http://20.210.36.32:8080/prediction/knn,HTTP/1.1,contacts,,200,,,http://20.210.36.32:8080/prediction/knn,,
responseTime,1678217726,1962.248601,,,,,,,,,contacts,,,,,,,
data_sent,1678217726,2088.000000,,,,,,,,,contacts,,,,,,,
data_received,1678217726,199.000000,,,,,,,,,contacts,,,,,,,
iteration_duration,1678217726,1965.655420,,,,,,,,,contacts,,,,,,,
iterations,1678217726,1.000000,,,,,,,,,contacts,,,,,,,
http_reqs,1678217726,1.000000,,,,true,,POST,http://20.210.36.32:8080/prediction/knn,HTTP/1.1,contacts,,200,,,http://20.210.36.32:8080/prediction/knn,,
http_req_duration,1678217726,1941.535687,,,,true,,POST,http://20.210.36.32:8080/prediction/knn,HTTP/1.1,contacts,,200,,,http://20.210.36.32:8080/prediction/knn,,
http_req_blocked,1678217726,2.297613,,,,true,,POST,http://20.210.36.32:8080/prediction/knn,HTTP/1.1,contacts,,200,,,http://20.210.36.32:8080/prediction/knn,,
http_req_connecting,1678217726,2.214912,,,,true,,POST,http://20.210.36.32:8080/prediction/knn,HTTP/1.1,contacts,,200,,,http://20.210.36.32:8080/prediction/knn,,
http_req_tls_handshaking,1678217726,0.000000,,,,true,,POST,http://20.210.36.32:8080/prediction/knn,HTTP/1.1,contacts,,200,,,http://20.210.36.32:8080/prediction/knn,,
http_req_sending,1678217726,0.177001,,,,true,,POST,http://20.210.36.32:8080/prediction/knn,HTTP/1.1,contacts,,200,,,http://20.210.36.32:8080/prediction/knn,,
http_req_waiting,1678217726,1941.256885,,,,true,,POST,http://20.210.36.32:8080/prediction/knn,HTTP/1.1,contacts,,200,,,http://20.210.36.32:8080/prediction/knn,,
http_req_receiving,1678217726,0.101801,,,,true,,POST,http://20.210.36.32:8080/prediction/knn,HTTP/1.1,contacts,,200,,,http://20.210.36.32:8080/prediction/knn,,
http_req_failed,1678217726,0.000000,,,,true,,POST,http://20.210.36.32:8080/prediction/knn,HTTP/1.1,contacts,,200,,,http://20.210.36.32:8080/prediction/knn,,
responseTime,1678217726,1941.535687,,,,,,,,,contacts,,,,,,,
data_sent,1678217726,2088.000000,,,,,,,,,contacts,,,,,,,
data_received,1678217726,199.000000,,,,,,,,,contacts,,,,,,,
iteration_duration,1678217726,1944.247402,,,,,,,,,contacts,,,,,,,
iterations,1678217726,1.000000,,,,,,,,,contacts,,,,,,,
http_reqs,1678217726,1.000000,,,,true,,POST,http://20.210.36.32:8080/prediction/knn,HTTP/1.1,contacts,,200,,,http://20.210.36.32:8080/prediction/knn,,
http_req_duration,1678217726,1989.664952,,,,true,,POST,http://20.210.36.32:8080/prediction/knn,HTTP/1.1,contacts,,200,,,http://20.210.36.32:8080/prediction/knn,,
http_req_blocked,1678217726,2.278412,,,,true,,POST,http://20.210.36.32:8080/prediction/knn,HTTP/1.1,contacts,,200,,,http://20.210.36.32:8080/prediction/knn,,
http_req_connecting,1678217726,2.214712,,,,true,,POST,http://20.210.36.32:8080/prediction/knn,HTTP/1.1,contacts,,200,,,http://20.210.36.32:8080/prediction/knn,,
http_req_tls_handshaking,1678217726,0.000000,,,,true,,POST,http://20.210.36.32:8080/prediction/knn,HTTP/1.1,contacts,,200,,,http://20.210.36.32:8080/prediction/knn,,
http_req_sending,1678217726,0.056900,,,,true,,POST,http://20.210.36.32:8080/prediction/knn,HTTP/1.1,contacts,,200,,,http://20.210.36.32:8080/prediction/knn,,
http_req_waiting,1678217726,1973.226562,,,,true,,POST,http://20.210.36.32:8080/prediction/knn,HTTP/1.1,contacts,,200,,,http://20.210.36.32:8080/prediction/knn,,
http_req_receiving,1678217726,16.381490,,,,true,,POST,http://20.210.36.32:8080/prediction/knn,HTTP/1.1,contacts,,200,,,http://20.210.36.32:8080/prediction/knn,,
http_req_failed,1678217726,0.000000,,,,true,,POST,http://20.210.36.32:8080/prediction/knn,HTTP/1.1,contacts,,200,,,http://20.210.36.32:8080/prediction/knn,,
responseTime,1678217726,1989.664952,,,,,,,,,contacts,,,,,,,
data_sent,1678217726,2088.000000,,,,,,,,,contacts,,,,,,,
data_received,1678217726,199.000000,,,,,,,,,contacts,,,,,,,
iteration_duration,1678217726,1992.522568,,,,,,,,,contacts,,,,,,,
iterations,1678217726,1.000000,,,,,,,,,contacts,,,,,,,
data_sent,1678217726,2088.000000,,,,,,,,,contacts,,,,,,,
data_received,1678217726,0.000000,,,,,,,,,contacts,,,,,,,
vus,1678217726,81.000000,,,,,,,,,,,,,,,,
vus_max,1678217726,100.000000,,,,,,,,,,,,,,,,
data_sent,1678217726,2088.000000,,,,,,,,,contacts,,,,,,,
data_received,1678217726,0.000000,,,,,,,,,contacts,,,,,,,
http_reqs,1678217726,1.000000,,,,true,,POST,http://20.210.36.32:8080/prediction/knn,HTTP/1.1,contacts,,200,,,http://20.210.36.32:8080/prediction/knn,,
http_req_duration,1678217726,2057.231524,,,,true,,POST,http://20.210.36.32:8080/prediction/knn,HTTP/1.1,contacts,,200,,,http://20.210.36.32:8080/prediction/knn,,
http_req_blocked,1678217726,2.095712,,,,true,,POST,http://20.210.36.32:8080/prediction/knn,HTTP/1.1,contacts,,200,,,http://20.210.36.32:8080/prediction/knn,,
http_req_connecting,1678217726,1.982211,,,,true,,POST,http://20.210.36.32:8080/prediction/knn,HTTP/1.1,contacts,,200,,,http://20.210.36.32:8080/prediction/knn,,
http_req_tls_handshaking,1678217726,0.000000,,,,true,,POST,http://20.210.36.32:8080/prediction/knn,HTTP/1.1,contacts,,200,,,http://20.210.36.32:8080/prediction/knn,,
http_req_sending,1678217726,0.130401,,,,true,,POST,http://20.210.36.32:8080/prediction/knn,HTTP/1.1,contacts,,200,,,http://20.210.36.32:8080/prediction/knn,,
http_req_waiting,1678217726,2049.017079,,,,true,,POST,http://20.210.36.32:8080/prediction/knn,HTTP/1.1,contacts,,200,,,http://20.210.36.32:8080/prediction/knn,,
http_req_receiving,1678217726,8.084044,,,,true,,POST,http://20.210.36.32:8080/prediction/knn,HTTP/1.1,contacts,,200,,,http://20.210.36.32:8080/prediction/knn,,
http_req_failed,1678217726,0.000000,,,,true,,POST,http://20.210.36.32:8080/prediction/knn,HTTP/1.1,contacts,,200,,,http://20.210.36.32:8080/prediction/knn,,
responseTime,1678217726,2057.231524,,,,,,,,,contacts,,,,,,,
data_sent,1678217726,2088.000000,,,,,,,,,contacts,,,,,,,
data_received,1678217726,199.000000,,,,,,,,,contacts,,,,,,,
iteration_duration,1678217726,2060.128239,,,,,,,,,contacts,,,,,,,
iterations,1678217726,1.000000,,,,,,,,,contacts,,,,,,,
http_reqs,1678217726,1.000000,,,,true,,POST,http://20.210.36.32:8080/prediction/knn,HTTP/1.1,contacts,,200,,,http://20.210.36.32:8080/prediction/knn,,
http_req_duration,1678217726,2142.073791,,,,true,,POST,http://20.210.36.32:8080/prediction/knn,HTTP/1.1,contacts,,200,,,http://20.210.36.32:8080/prediction/knn,,
http_req_blocked,1678217726,2.482914,,,,true,,POST,http://20.210.36.32:8080/prediction/knn,HTTP/1.1,contacts,,200,,,http://20.210.36.32:8080/prediction/knn,,
http_req_connecting,1678217726,2.270512,,,,true,,POST,http://20.210.36.32:8080/prediction/knn,HTTP/1.1,contacts,,200,,,http://20.210.36.32:8080/prediction/knn,,
http_req_tls_handshaking,1678217726,0.000000,,,,true,,POST,http://20.210.36.32:8080/prediction/knn,HTTP/1.1,contacts,,200,,,http://20.210.36.32:8080/prediction/knn,,
http_req_sending,1678217726,0.083701,,,,true,,POST,http://20.210.36.32:8080/prediction/knn,HTTP/1.1,contacts,,200,,,http://20.210.36.32:8080/prediction/knn,,
http_req_waiting,1678217726,2141.763289,,,,true,,POST,http://20.210.36.32:8080/prediction/knn,HTTP/1.1,contacts,,200,,,http://20.210.36.32:8080/prediction/knn,,
http_req_receiving,1678217726,0.226801,,,,true,,POST,http://20.210.36.32:8080/prediction/knn,HTTP/1.1,contacts,,200,,,http://20.210.36.32:8080/prediction/knn,,
http_req_failed,1678217726,0.000000,,,,true,,POST,http://20.210.36.32:8080/prediction/knn,HTTP/1.1,contacts,,200,,,http://20.210.36.32:8080/prediction/knn,,
responseTime,1678217726,2142.073791,,,,,,,,,contacts,,,,,,,
data_sent,1678217726,2088.000000,,,,,,,,,contacts,,,,,,,
data_received,1678217726,199.000000,,,,,,,,,contacts,,,,,,,
iteration_duration,1678217726,2145.064807,,,,,,,,,contacts,,,,,,,
iterations,1678217726,1.000000,,,,,,,,,contacts,,,,,,,
data_sent,1678217726,2088.000000,,,,,,,,,contacts,,,,,,,
data_received,1678217726,0.000000,,,,,,,,,contacts,,,,,,,
data_sent,1678217726,2088.000000,,,,,,,,,contacts,,,,,,,
data_received,1678217726,0.000000,,,,,,,,,contacts,,,,,,,
http_reqs,1678217726,1.000000,,,,true,,POST,http://20.210.36.32:8080/prediction/knn,HTTP/1.1,contacts,,200,,,http://20.210.36.32:8080/prediction/knn,,
http_req_duration,1678217726,2245.118658,,,,true,,POST,http://20.210.36.32:8080/prediction/knn,HTTP/1.1,contacts,,200,,,http://20.210.36.32:8080/prediction/knn,,
http_req_blocked,1678217726,2.237612,,,,true,,POST,http://20.210.36.32:8080/prediction/knn,HTTP/1.1,contacts,,200,,,http://20.210.36.32:8080/prediction/knn,,
http_req_connecting,1678217726,2.142112,,,,true,,POST,http://20.210.36.32:8080/prediction/knn,HTTP/1.1,contacts,,200,,,http://20.210.36.32:8080/prediction/knn,,
http_req_tls_handshaking,1678217726,0.000000,,,,true,,POST,http://20.210.36.32:8080/prediction/knn,HTTP/1.1,contacts,,200,,,http://20.210.36.32:8080/prediction/knn,,
http_req_sending,1678217726,0.107301,,,,true,,POST,http://20.210.36.32:8080/prediction/knn,HTTP/1.1,contacts,,200,,,http://20.210.36.32:8080/prediction/knn,,
http_req_waiting,1678217726,2244.891856,,,,true,,POST,http://20.210.36.32:8080/prediction/knn,HTTP/1.1,contacts,,200,,,http://20.210.36.32:8080/prediction/knn,,
http_req_receiving,1678217726,0.119501,,,,true,,POST,http://20.210.36.32:8080/prediction/knn,HTTP/1.1,contacts,,200,,,http://20.210.36.32:8080/prediction/knn,,
http_req_failed,1678217726,0.000000,,,,true,,POST,http://20.210.36.32:8080/prediction/knn,HTTP/1.1,contacts,,200,,,http://20.210.36.32:8080/prediction/knn,,
responseTime,1678217726,2245.118658,,,,,,,,,contacts,,,,,,,
data_sent,1678217726,2088.000000,,,,,,,,,contacts,,,,,,,
data_received,1678217726,199.000000,,,,,,,,,contacts,,,,,,,
iteration_duration,1678217726,2247.769273,,,,,,,,,contacts,,,,,,,
iterations,1678217726,1.000000,,,,,,,,,contacts,,,,,,,
http_reqs,1678217726,1.000000,,,,true,,POST,http://20.210.36.32:8080/prediction/knn,HTTP/1.1,contacts,,200,,,http://20.210.36.32:8080/prediction/knn,,
http_req_duration,1678217726,2200.393212,,,,true,,POST,http://20.210.36.32:8080/prediction/knn,HTTP/1.1,contacts,,200,,,http://20.210.36.32:8080/prediction/knn,,
http_req_blocked,1678217726,2.254412,,,,true,,POST,http://20.210.36.32:8080/prediction/knn,HTTP/1.1,contacts,,200,,,http://20.210.36.32:8080/prediction/knn,,
http_req_connecting,1678217726,2.087811,,,,true,,POST,http://20.210.36.32:8080/prediction/knn,HTTP/1.1,contacts,,200,,,http://20.210.36.32:8080/prediction/knn,,
http_req_tls_handshaking,1678217726,0.000000,,,,true,,POST,http://20.210.36.32:8080/prediction/knn,HTTP/1.1,contacts,,200,,,http://20.210.36.32:8080/prediction/knn,,
http_req_sending,1678217726,0.160401,,,,true,,POST,http://20.210.36.32:8080/prediction/knn,HTTP/1.1,contacts,,200,,,http://20.210.36.32:8080/prediction/knn,,
http_req_waiting,1678217726,2200.146011,,,,true,,POST,http://20.210.36.32:8080/prediction/knn,HTTP/1.1,contacts,,200,,,http://20.210.36.32:8080/prediction/knn,,
http_req_receiving,1678217726,0.086800,,,,true,,POST,http://20.210.36.32:8080/prediction/knn,HTTP/1.1,contacts,,200,,,http://20.210.36.32:8080/prediction/knn,,
http_req_failed,1678217726,0.000000,,,,true,,POST,http://20.210.36.32:8080/prediction/knn,HTTP/1.1,contacts,,200,,,http://20.210.36.32:8080/prediction/knn,,
http_reqs,1678217726,1.000000,,,,true,,POST,http://20.210.36.32:8080/prediction/knn,HTTP/1.1,contacts,,200,,,http://20.210.36.32:8080/prediction/knn,,
http_req_duration,1678217726,2254.749711,,,,true,,POST,http://20.210.36.32:8080/prediction/knn,HTTP/1.1,contacts,,200,,,http://20.210.36.32:8080/prediction/knn,,
http_req_blocked,1678217726,2.060912,,,,true,,POST,http://20.210.36.32:8080/prediction/knn,HTTP/1.1,contacts,,200,,,http://20.210.36.32:8080/prediction/knn,,
http_req_connecting,1678217726,1.954611,,,,true,,POST,http://20.210.36.32:8080/prediction/knn,HTTP/1.1,contacts,,200,,,http://20.210.36.32:8080/prediction/knn,,
http_req_tls_handshaking,1678217726,0.000000,,,,true,,POST,http://20.210.36.32:8080/prediction/knn,HTTP/1.1,contacts,,200,,,http://20.210.36.32:8080/prediction/knn,,
http_req_sending,1678217726,0.088801,,,,true,,POST,http://20.210.36.32:8080/prediction/knn,HTTP/1.1,contacts,,200,,,http://20.210.36.32:8080/prediction/knn,,
http_req_waiting,1678217726,2254.614910,,,,true,,POST,http://20.210.36.32:8080/prediction/knn,HTTP/1.1,contacts,,200,,,http://20.210.36.32:8080/prediction/knn,,
http_req_receiving,1678217726,0.046000,,,,true,,POST,http://20.210.36.32:8080/prediction/knn,HTTP/1.1,contacts,,200,,,http://20.210.36.32:8080/prediction/knn,,
http_req_failed,1678217726,0.000000,,,,true,,POST,http://20.210.36.32:8080/prediction/knn,HTTP/1.1,contacts,,200,,,http://20.210.36.32:8080/prediction/knn,,
responseTime,1678217726,2254.749711,,,,,,,,,contacts,,,,,,,
data_sent,1678217726,2088.000000,,,,,,,,,contacts,,,,,,,
data_received,1678217726,199.000000,,,,,,,,,contacts,,,,,,,
iteration_duration,1678217726,2257.436026,,,,,,,,,contacts,,,,,,,
iterations,1678217726,1.000000,,,,,,,,,contacts,,,,,,,
responseTime,1678217726,2200.393212,,,,,,,,,contacts,,,,,,,
data_sent,1678217726,2088.000000,,,,,,,,,contacts,,,,,,,
data_received,1678217726,199.000000,,,,,,,,,contacts,,,,,,,
iteration_duration,1678217726,2203.412729,,,,,,,,,contacts,,,,,,,
iterations,1678217726,1.000000,,,,,,,,,contacts,,,,,,,
http_reqs,1678217726,1.000000,,,,true,,POST,http://20.210.36.32:8080/prediction/knn,HTTP/1.1,contacts,,200,,,http://20.210.36.32:8080/prediction/knn,,
http_req_duration,1678217726,2147.405820,,,,true,,POST,http://20.210.36.32:8080/prediction/knn,HTTP/1.1,contacts,,200,,,http://20.210.36.32:8080/prediction/knn,,
http_req_blocked,1678217726,2.222112,,,,true,,POST,http://20.210.36.32:8080/prediction/knn,HTTP/1.1,contacts,,200,,,http://20.210.36.32:8080/prediction/knn,,
http_req_connecting,1678217726,2.110212,,,,true,,POST,http://20.210.36.32:8080/prediction/knn,HTTP/1.1,contacts,,200,,,http://20.210.36.32:8080/prediction/knn,,
http_req_tls_handshaking,1678217726,0.000000,,,,true,,POST,http://20.210.36.32:8080/prediction/knn,HTTP/1.1,contacts,,200,,,http://20.210.36.32:8080/prediction/knn,,
http_req_sending,1678217726,0.072400,,,,true,,POST,http://20.210.36.32:8080/prediction/knn,HTTP/1.1,contacts,,200,,,http://20.210.36.32:8080/prediction/knn,,
http_req_waiting,1678217726,2147.156219,,,,true,,POST,http://20.210.36.32:8080/prediction/knn,HTTP/1.1,contacts,,200,,,http://20.210.36.32:8080/prediction/knn,,
http_req_receiving,1678217726,0.177201,,,,true,,POST,http://20.210.36.32:8080/prediction/knn,HTTP/1.1,contacts,,200,,,http://20.210.36.32:8080/prediction/knn,,
http_req_failed,1678217726,0.000000,,,,true,,POST,http://20.210.36.32:8080/prediction/knn,HTTP/1.1,contacts,,200,,,http://20.210.36.32:8080/prediction/knn,,
http_reqs,1678217726,1.000000,,,,true,,POST,http://20.210.36.32:8080/prediction/knn,HTTP/1.1,contacts,,200,,,http://20.210.36.32:8080/prediction/knn,,
http_req_duration,1678217726,2108.062304,,,,true,,POST,http://20.210.36.32:8080/prediction/knn,HTTP/1.1,contacts,,200,,,http://20.210.36.32:8080/prediction/knn,,
http_req_blocked,1678217726,7.706642,,,,true,,POST,http://20.210.36.32:8080/prediction/knn,HTTP/1.1,contacts,,200,,,http://20.210.36.32:8080/prediction/knn,,
http_req_connecting,1678217726,7.637842,,,,true,,POST,http://20.210.36.32:8080/prediction/knn,HTTP/1.1,contacts,,200,,,http://20.210.36.32:8080/prediction/knn,,
http_req_tls_handshaking,1678217726,0.000000,,,,true,,POST,http://20.210.36.32:8080/prediction/knn,HTTP/1.1,contacts,,200,,,http://20.210.36.32:8080/prediction/knn,,
http_req_sending,1678217726,0.135401,,,,true,,POST,http://20.210.36.32:8080/prediction/knn,HTTP/1.1,contacts,,200,,,http://20.210.36.32:8080/prediction/knn,,
http_req_waiting,1678217726,2107.836802,,,,true,,POST,http://20.210.36.32:8080/prediction/knn,HTTP/1.1,contacts,,200,,,http://20.210.36.32:8080/prediction/knn,,
http_req_receiving,1678217726,0.090101,,,,true,,POST,http://20.210.36.32:8080/prediction/knn,HTTP/1.1,contacts,,200,,,http://20.210.36.32:8080/prediction/knn,,
http_req_failed,1678217726,0.000000,,,,true,,POST,http://20.210.36.32:8080/prediction/knn,HTTP/1.1,contacts,,200,,,http://20.210.36.32:8080/prediction/knn,,
responseTime,1678217726,2108.062304,,,,,,,,,contacts,,,,,,,
data_sent,1678217726,2088.000000,,,,,,,,,contacts,,,,,,,
data_received,1678217726,199.000000,,,,,,,,,contacts,,,,,,,
iteration_duration,1678217726,2116.134848,,,,,,,,,contacts,,,,,,,
iterations,1678217726,1.000000,,,,,,,,,contacts,,,,,,,
http_reqs,1678217726,1.000000,,,,true,,POST,http://20.210.36.32:8080/prediction/knn,HTTP/1.1,contacts,,200,,,http://20.210.36.32:8080/prediction/knn,,
http_req_duration,1678217726,2216.391700,,,,true,,POST,http://20.210.36.32:8080/prediction/knn,HTTP/1.1,contacts,,200,,,http://20.210.36.32:8080/prediction/knn,,
http_req_blocked,1678217726,2.062211,,,,true,,POST,http://20.210.36.32:8080/prediction/knn,HTTP/1.1,contacts,,200,,,http://20.210.36.32:8080/prediction/knn,,
http_req_connecting,1678217726,1.955911,,,,true,,POST,http://20.210.36.32:8080/prediction/knn,HTTP/1.1,contacts,,200,,,http://20.210.36.32:8080/prediction/knn,,
http_req_tls_handshaking,1678217726,0.000000,,,,true,,POST,http://20.210.36.32:8080/prediction/knn,HTTP/1.1,contacts,,200,,,http://20.210.36.32:8080/prediction/knn,,
http_req_sending,1678217726,0.094700,,,,true,,POST,http://20.210.36.32:8080/prediction/knn,HTTP/1.1,contacts,,200,,,http://20.210.36.32:8080/prediction/knn,,
http_req_waiting,1678217726,2215.903498,,,,true,,POST,http://20.210.36.32:8080/prediction/knn,HTTP/1.1,contacts,,200,,,http://20.210.36.32:8080/prediction/knn,,
http_req_receiving,1678217726,0.393502,,,,true,,POST,http://20.210.36.32:8080/prediction/knn,HTTP/1.1,contacts,,200,,,http://20.210.36.32:8080/prediction/knn,,
http_req_failed,1678217726,0.000000,,,,true,,POST,http://20.210.36.32:8080/prediction/knn,HTTP/1.1,contacts,,200,,,http://20.210.36.32:8080/prediction/knn,,
responseTime,1678217726,2216.391700,,,,,,,,,contacts,,,,,,,
data_sent,1678217726,2088.000000,,,,,,,,,contacts,,,,,,,
data_received,1678217726,199.000000,,,,,,,,,contacts,,,,,,,
iteration_duration,1678217726,2218.820514,,,,,,,,,contacts,,,,,,,
iterations,1678217726,1.000000,,,,,,,,,contacts,,,,,,,
responseTime,1678217726,2147.405820,,,,,,,,,contacts,,,,,,,
data_sent,1678217726,2088.000000,,,,,,,,,contacts,,,,,,,
data_received,1678217726,199.000000,,,,,,,,,contacts,,,,,,,
iteration_duration,1678217726,2150.480837,,,,,,,,,contacts,,,,,,,
iterations,1678217726,1.000000,,,,,,,,,contacts,,,,,,,
http_reqs,1678217726,1.000000,,,,true,,POST,http://20.210.36.32:8080/prediction/knn,HTTP/1.1,contacts,,200,,,http://20.210.36.32:8080/prediction/knn,,
http_req_duration,1678217726,2008.465055,,,,true,,POST,http://20.210.36.32:8080/prediction/knn,HTTP/1.1,contacts,,200,,,http://20.210.36.32:8080/prediction/knn,,
http_req_blocked,1678217726,6.642837,,,,true,,POST,http://20.210.36.32:8080/prediction/knn,HTTP/1.1,contacts,,200,,,http://20.210.36.32:8080/prediction/knn,,
http_req_connecting,1678217726,6.566136,,,,true,,POST,http://20.210.36.32:8080/prediction/knn,HTTP/1.1,contacts,,200,,,http://20.210.36.32:8080/prediction/knn,,
http_req_tls_handshaking,1678217726,0.000000,,,,true,,POST,http://20.210.36.32:8080/prediction/knn,HTTP/1.1,contacts,,200,,,http://20.210.36.32:8080/prediction/knn,,
http_req_sending,1678217726,0.110001,,,,true,,POST,http://20.210.36.32:8080/prediction/knn,HTTP/1.1,contacts,,200,,,http://20.210.36.32:8080/prediction/knn,,
http_req_waiting,1678217726,2008.227754,,,,true,,POST,http://20.210.36.32:8080/prediction/knn,HTTP/1.1,contacts,,200,,,http://20.210.36.32:8080/prediction/knn,,
http_req_receiving,1678217726,0.127300,,,,true,,POST,http://20.210.36.32:8080/prediction/knn,HTTP/1.1,contacts,,200,,,http://20.210.36.32:8080/prediction/knn,,
http_req_failed,1678217726,0.000000,,,,true,,POST,http://20.210.36.32:8080/prediction/knn,HTTP/1.1,contacts,,200,,,http://20.210.36.32:8080/prediction/knn,,
responseTime,1678217726,2008.465055,,,,,,,,,contacts,,,,,,,
data_sent,1678217726,2088.000000,,,,,,,,,contacts,,,,,,,
data_received,1678217726,199.000000,,,,,,,,,contacts,,,,,,,
iteration_duration,1678217726,2015.533994,,,,,,,,,contacts,,,,,,,
iterations,1678217726,1.000000,,,,,,,,,contacts,,,,,,,
http_reqs,1678217726,1.000000,,,,true,,POST,http://20.210.36.32:8080/prediction/knn,HTTP/1.1,contacts,,200,,,http://20.210.36.32:8080/prediction/knn,,
http_req_duration,1678217726,2196.480990,,,,true,,POST,http://20.210.36.32:8080/prediction/knn,HTTP/1.1,contacts,,200,,,http://20.210.36.32:8080/prediction/knn,,
http_req_blocked,1678217726,2.526414,,,,true,,POST,http://20.210.36.32:8080/prediction/knn,HTTP/1.1,contacts,,200,,,http://20.210.36.32:8080/prediction/knn,,
http_req_connecting,1678217726,2.449414,,,,true,,POST,http://20.210.36.32:8080/prediction/knn,HTTP/1.1,contacts,,200,,,http://20.210.36.32:8080/prediction/knn,,
http_req_tls_handshaking,1678217726,0.000000,,,,true,,POST,http://20.210.36.32:8080/prediction/knn,HTTP/1.1,contacts,,200,,,http://20.210.36.32:8080/prediction/knn,,
http_req_sending,1678217726,0.095600,,,,true,,POST,http://20.210.36.32:8080/prediction/knn,HTTP/1.1,contacts,,200,,,http://20.210.36.32:8080/prediction/knn,,
http_req_waiting,1678217726,2196.170189,,,,true,,POST,http://20.210.36.32:8080/prediction/knn,HTTP/1.1,contacts,,200,,,http://20.210.36.32:8080/prediction/knn,,
http_req_receiving,1678217726,0.215201,,,,true,,POST,http://20.210.36.32:8080/prediction/knn,HTTP/1.1,contacts,,200,,,http://20.210.36.32:8080/prediction/knn,,
http_req_failed,1678217726,0.000000,,,,true,,POST,http://20.210.36.32:8080/prediction/knn,HTTP/1.1,contacts,,200,,,http://20.210.36.32:8080/prediction/knn,,
responseTime,1678217726,2196.480990,,,,,,,,,contacts,,,,,,,
data_sent,1678217726,2088.000000,,,,,,,,,contacts,,,,,,,
data_received,1678217726,199.000000,,,,,,,,,contacts,,,,,,,
iteration_duration,1678217726,2199.500307,,,,,,,,,contacts,,,,,,,
iterations,1678217726,1.000000,,,,,,,,,contacts,,,,,,,
http_reqs,1678217726,1.000000,,,,true,,POST,http://20.210.36.32:8080/prediction/knn,HTTP/1.1,contacts,,200,,,http://20.210.36.32:8080/prediction/knn,,
http_req_duration,1678217726,2045.246658,,,,true,,POST,http://20.210.36.32:8080/prediction/knn,HTTP/1.1,contacts,,200,,,http://20.210.36.32:8080/prediction/knn,,
http_req_blocked,1678217726,4.389524,,,,true,,POST,http://20.210.36.32:8080/prediction/knn,HTTP/1.1,contacts,,200,,,http://20.210.36.32:8080/prediction/knn,,
http_req_connecting,1678217726,4.255324,,,,true,,POST,http://20.210.36.32:8080/prediction/knn,HTTP/1.1,contacts,,200,,,http://20.210.36.32:8080/prediction/knn,,
http_req_tls_handshaking,1678217726,0.000000,,,,true,,POST,http://20.210.36.32:8080/prediction/knn,HTTP/1.1,contacts,,200,,,http://20.210.36.32:8080/prediction/knn,,
http_req_sending,1678217726,0.085800,,,,true,,POST,http://20.210.36.32:8080/prediction/knn,HTTP/1.1,contacts,,200,,,http://20.210.36.32:8080/prediction/knn,,
http_req_waiting,1678217726,2045.073057,,,,true,,POST,http://20.210.36.32:8080/prediction/knn,HTTP/1.1,contacts,,200,,,http://20.210.36.32:8080/prediction/knn,,
http_req_receiving,1678217726,0.087801,,,,true,,POST,http://20.210.36.32:8080/prediction/knn,HTTP/1.1,contacts,,200,,,http://20.210.36.32:8080/prediction/knn,,
http_req_failed,1678217726,0.000000,,,,true,,POST,http://20.210.36.32:8080/prediction/knn,HTTP/1.1,contacts,,200,,,http://20.210.36.32:8080/prediction/knn,,
responseTime,1678217726,2045.246658,,,,,,,,,contacts,,,,,,,
data_sent,1678217726,2088.000000,,,,,,,,,contacts,,,,,,,
data_received,1678217726,199.000000,,,,,,,,,contacts,,,,,,,
iteration_duration,1678217726,2050.096084,,,,,,,,,contacts,,,,,,,
iterations,1678217726,1.000000,,,,,,,,,contacts,,,,,,,
http_reqs,1678217726,1.000000,,,,true,,POST,http://20.210.36.32:8080/prediction/knn,HTTP/1.1,contacts,,200,,,http://20.210.36.32:8080/prediction/knn,,
http_req_duration,1678217726,2053.098301,,,,true,,POST,http://20.210.36.32:8080/prediction/knn,HTTP/1.1,contacts,,200,,,http://20.210.36.32:8080/prediction/knn,,
http_req_blocked,1678217726,3.991822,,,,true,,POST,http://20.210.36.32:8080/prediction/knn,HTTP/1.1,contacts,,200,,,http://20.210.36.32:8080/prediction/knn,,
http_req_connecting,1678217726,3.738221,,,,true,,POST,http://20.210.36.32:8080/prediction/knn,HTTP/1.1,contacts,,200,,,http://20.210.36.32:8080/prediction/knn,,
http_req_tls_handshaking,1678217726,0.000000,,,,true,,POST,http://20.210.36.32:8080/prediction/knn,HTTP/1.1,contacts,,200,,,http://20.210.36.32:8080/prediction/knn,,
http_req_sending,1678217726,0.323801,,,,true,,POST,http://20.210.36.32:8080/prediction/knn,HTTP/1.1,contacts,,200,,,http://20.210.36.32:8080/prediction/knn,,
http_req_waiting,1678217726,2052.649099,,,,true,,POST,http://20.210.36.32:8080/prediction/knn,HTTP/1.1,contacts,,200,,,http://20.210.36.32:8080/prediction/knn,,
http_req_receiving,1678217726,0.125401,,,,true,,POST,http://20.210.36.32:8080/prediction/knn,HTTP/1.1,contacts,,200,,,http://20.210.36.32:8080/prediction/knn,,
http_req_failed,1678217726,0.000000,,,,true,,POST,http://20.210.36.32:8080/prediction/knn,HTTP/1.1,contacts,,200,,,http://20.210.36.32:8080/prediction/knn,,
responseTime,1678217726,2053.098301,,,,,,,,,contacts,,,,,,,
data_sent,1678217726,2088.000000,,,,,,,,,contacts,,,,,,,
data_received,1678217726,199.000000,,,,,,,,,contacts,,,,,,,
iteration_duration,1678217726,2057.416325,,,,,,,,,contacts,,,,,,,
iterations,1678217726,1.000000,,,,,,,,,contacts,,,,,,,
http_reqs,1678217726,1.000000,,,,true,,POST,http://20.210.36.32:8080/prediction/knn,HTTP/1.1,contacts,,200,,,http://20.210.36.32:8080/prediction/knn,,
http_req_duration,1678217726,2070.680998,,,,true,,POST,http://20.210.36.32:8080/prediction/knn,HTTP/1.1,contacts,,200,,,http://20.210.36.32:8080/prediction/knn,,
http_req_blocked,1678217726,3.850221,,,,true,,POST,http://20.210.36.32:8080/prediction/knn,HTTP/1.1,contacts,,200,,,http://20.210.36.32:8080/prediction/knn,,
http_req_connecting,1678217726,3.763921,,,,true,,POST,http://20.210.36.32:8080/prediction/knn,HTTP/1.1,contacts,,200,,,http://20.210.36.32:8080/prediction/knn,,
http_req_tls_handshaking,1678217726,0.000000,,,,true,,POST,http://20.210.36.32:8080/prediction/knn,HTTP/1.1,contacts,,200,,,http://20.210.36.32:8080/prediction/knn,,
http_req_sending,1678217726,0.097900,,,,true,,POST,http://20.210.36.32:8080/prediction/knn,HTTP/1.1,contacts,,200,,,http://20.210.36.32:8080/prediction/knn,,
http_req_waiting,1678217726,2070.506897,,,,true,,POST,http://20.210.36.32:8080/prediction/knn,HTTP/1.1,contacts,,200,,,http://20.210.36.32:8080/prediction/knn,,
http_req_receiving,1678217726,0.076201,,,,true,,POST,http://20.210.36.32:8080/prediction/knn,HTTP/1.1,contacts,,200,,,http://20.210.36.32:8080/prediction/knn,,
http_req_failed,1678217726,0.000000,,,,true,,POST,http://20.210.36.32:8080/prediction/knn,HTTP/1.1,contacts,,200,,,http://20.210.36.32:8080/prediction/knn,,
responseTime,1678217726,2070.680998,,,,,,,,,contacts,,,,,,,
data_sent,1678217726,2088.000000,,,,,,,,,contacts,,,,,,,
data_received,1678217726,199.000000,,,,,,,,,contacts,,,,,,,
iteration_duration,1678217726,2075.178022,,,,,,,,,contacts,,,,,,,
iterations,1678217726,1.000000,,,,,,,,,contacts,,,,,,,
data_sent,1678217726,2088.000000,,,,,,,,,contacts,,,,,,,
data_received,1678217726,0.000000,,,,,,,,,contacts,,,,,,,
http_reqs,1678217726,1.000000,,,,true,,POST,http://20.210.36.32:8080/prediction/knn,HTTP/1.1,contacts,,200,,,http://20.210.36.32:8080/prediction/knn,,
http_req_duration,1678217726,2080.023649,,,,true,,POST,http://20.210.36.32:8080/prediction/knn,HTTP/1.1,contacts,,200,,,http://20.210.36.32:8080/prediction/knn,,
http_req_blocked,1678217726,4.366924,,,,true,,POST,http://20.210.36.32:8080/prediction/knn,HTTP/1.1,contacts,,200,,,http://20.210.36.32:8080/prediction/knn,,
http_req_connecting,1678217726,4.074823,,,,true,,POST,http://20.210.36.32:8080/prediction/knn,HTTP/1.1,contacts,,200,,,http://20.210.36.32:8080/prediction/knn,,
http_req_tls_handshaking,1678217726,0.000000,,,,true,,POST,http://20.210.36.32:8080/prediction/knn,HTTP/1.1,contacts,,200,,,http://20.210.36.32:8080/prediction/knn,,
http_req_sending,1678217726,0.343502,,,,true,,POST,http://20.210.36.32:8080/prediction/knn,HTTP/1.1,contacts,,200,,,http://20.210.36.32:8080/prediction/knn,,
http_req_waiting,1678217726,2064.501563,,,,true,,POST,http://20.210.36.32:8080/prediction/knn,HTTP/1.1,contacts,,200,,,http://20.210.36.32:8080/prediction/knn,,
http_req_receiving,1678217726,15.178584,,,,true,,POST,http://20.210.36.32:8080/prediction/knn,HTTP/1.1,contacts,,200,,,http://20.210.36.32:8080/prediction/knn,,
http_req_failed,1678217726,0.000000,,,,true,,POST,http://20.210.36.32:8080/prediction/knn,HTTP/1.1,contacts,,200,,,http://20.210.36.32:8080/prediction/knn,,
responseTime,1678217726,2080.023649,,,,,,,,,contacts,,,,,,,
data_sent,1678217726,2088.000000,,,,,,,,,contacts,,,,,,,
data_received,1678217726,199.000000,,,,,,,,,contacts,,,,,,,
iteration_duration,1678217726,2084.848176,,,,,,,,,contacts,,,,,,,
iterations,1678217726,1.000000,,,,,,,,,contacts,,,,,,,
http_reqs,1678217726,1.000000,,,,true,,POST,http://20.210.36.32:8080/prediction/knn,HTTP/1.1,contacts,,200,,,http://20.210.36.32:8080/prediction/knn,,
http_req_duration,1678217726,2056.409819,,,,true,,POST,http://20.210.36.32:8080/prediction/knn,HTTP/1.1,contacts,,200,,,http://20.210.36.32:8080/prediction/knn,,
http_req_blocked,1678217726,4.288723,,,,true,,POST,http://20.210.36.32:8080/prediction/knn,HTTP/1.1,contacts,,200,,,http://20.210.36.32:8080/prediction/knn,,
http_req_connecting,1678217726,4.213923,,,,true,,POST,http://20.210.36.32:8080/prediction/knn,HTTP/1.1,contacts,,200,,,http://20.210.36.32:8080/prediction/knn,,
http_req_tls_handshaking,1678217726,0.000000,,,,true,,POST,http://20.210.36.32:8080/prediction/knn,HTTP/1.1,contacts,,200,,,http://20.210.36.32:8080/prediction/knn,,
http_req_sending,1678217726,0.132501,,,,true,,POST,http://20.210.36.32:8080/prediction/knn,HTTP/1.1,contacts,,200,,,http://20.210.36.32:8080/prediction/knn,,
http_req_waiting,1678217726,2032.671588,,,,true,,POST,http://20.210.36.32:8080/prediction/knn,HTTP/1.1,contacts,,200,,,http://20.210.36.32:8080/prediction/knn,,
http_req_receiving,1678217726,23.605730,,,,true,,POST,http://20.210.36.32:8080/prediction/knn,HTTP/1.1,contacts,,200,,,http://20.210.36.32:8080/prediction/knn,,
http_req_failed,1678217726,0.000000,,,,true,,POST,http://20.210.36.32:8080/prediction/knn,HTTP/1.1,contacts,,200,,,http://20.210.36.32:8080/prediction/knn,,
responseTime,1678217726,2056.409819,,,,,,,,,contacts,,,,,,,
data_sent,1678217726,2088.000000,,,,,,,,,contacts,,,,,,,
data_received,1678217726,199.000000,,,,,,,,,contacts,,,,,,,
iteration_duration,1678217726,2061.097445,,,,,,,,,contacts,,,,,,,
iterations,1678217726,1.000000,,,,,,,,,contacts,,,,,,,
http_reqs,1678217726,1.000000,,,,true,,POST,http://20.210.36.32:8080/prediction/knn,HTTP/1.1,contacts,,200,,,http://20.210.36.32:8080/prediction/knn,,
http_req_duration,1678217726,2091.396712,,,,true,,POST,http://20.210.36.32:8080/prediction/knn,HTTP/1.1,contacts,,200,,,http://20.210.36.32:8080/prediction/knn,,
http_req_blocked,1678217726,4.126423,,,,true,,POST,http://20.210.36.32:8080/prediction/knn,HTTP/1.1,contacts,,200,,,http://20.210.36.32:8080/prediction/knn,,
http_req_connecting,1678217726,4.051523,,,,true,,POST,http://20.210.36.32:8080/prediction/knn,HTTP/1.1,contacts,,200,,,http://20.210.36.32:8080/prediction/knn,,
http_req_tls_handshaking,1678217726,0.000000,,,,true,,POST,http://20.210.36.32:8080/prediction/knn,HTTP/1.1,contacts,,200,,,http://20.210.36.32:8080/prediction/knn,,
http_req_sending,1678217726,0.056900,,,,true,,POST,http://20.210.36.32:8080/prediction/knn,HTTP/1.1,contacts,,200,,,http://20.210.36.32:8080/prediction/knn,,
http_req_waiting,1678217726,2079.857848,,,,true,,POST,http://20.210.36.32:8080/prediction/knn,HTTP/1.1,contacts,,200,,,http://20.210.36.32:8080/prediction/knn,,
http_req_receiving,1678217726,11.481964,,,,true,,POST,http://20.210.36.32:8080/prediction/knn,HTTP/1.1,contacts,,200,,,http://20.210.36.32:8080/prediction/knn,,
http_req_failed,1678217726,0.000000,,,,true,,POST,http://20.210.36.32:8080/prediction/knn,HTTP/1.1,contacts,,200,,,http://20.210.36.32:8080/prediction/knn,,
responseTime,1678217726,2091.396712,,,,,,,,,contacts,,,,,,,
data_sent,1678217726,2088.000000,,,,,,,,,contacts,,,,,,,
data_received,1678217726,199.000000,,,,,,,,,contacts,,,,,,,
iteration_duration,1678217726,2095.998537,,,,,,,,,contacts,,,,,,,
iterations,1678217726,1.000000,,,,,,,,,contacts,,,,,,,
data_sent,1678217726,2088.000000,,,,,,,,,contacts,,,,,,,
data_received,1678217726,0.000000,,,,,,,,,contacts,,,,,,,
http_reqs,1678217727,1.000000,,,,true,,POST,http://20.210.36.32:8080/prediction/knn,HTTP/1.1,contacts,,200,,,http://20.210.36.32:8080/prediction/knn,,
http_req_duration,1678217727,2087.398090,,,,true,,POST,http://20.210.36.32:8080/prediction/knn,HTTP/1.1,contacts,,200,,,http://20.210.36.32:8080/prediction/knn,,
http_req_blocked,1678217727,5.564631,,,,true,,POST,http://20.210.36.32:8080/prediction/knn,HTTP/1.1,contacts,,200,,,http://20.210.36.32:8080/prediction/knn,,
http_req_connecting,1678217727,5.467630,,,,true,,POST,http://20.210.36.32:8080/prediction/knn,HTTP/1.1,contacts,,200,,,http://20.210.36.32:8080/prediction/knn,,
http_req_tls_handshaking,1678217727,0.000000,,,,true,,POST,http://20.210.36.32:8080/prediction/knn,HTTP/1.1,contacts,,200,,,http://20.210.36.32:8080/prediction/knn,,
http_req_sending,1678217727,0.195601,,,,true,,POST,http://20.210.36.32:8080/prediction/knn,HTTP/1.1,contacts,,200,,,http://20.210.36.32:8080/prediction/knn,,
http_req_waiting,1678217727,2079.952949,,,,true,,POST,http://20.210.36.32:8080/prediction/knn,HTTP/1.1,contacts,,200,,,http://20.210.36.32:8080/prediction/knn,,
http_req_receiving,1678217727,7.249540,,,,true,,POST,http://20.210.36.32:8080/prediction/knn,HTTP/1.1,contacts,,200,,,http://20.210.36.32:8080/prediction/knn,,
http_req_failed,1678217727,0.000000,,,,true,,POST,http://20.210.36.32:8080/prediction/knn,HTTP/1.1,contacts,,200,,,http://20.210.36.32:8080/prediction/knn,,
responseTime,1678217727,2087.398090,,,,,,,,,contacts,,,,,,,
data_sent,1678217727,2088.000000,,,,,,,,,contacts,,,,,,,
data_received,1678217727,199.000000,,,,,,,,,contacts,,,,,,,
iteration_duration,1678217727,2093.668024,,,,,,,,,contacts,,,,,,,
iterations,1678217727,1.000000,,,,,,,,,contacts,,,,,,,
http_reqs,1678217727,1.000000,,,,true,,POST,http://20.210.36.32:8080/prediction/knn,HTTP/1.1,contacts,,200,,,http://20.210.36.32:8080/prediction/knn,,
http_req_duration,1678217727,2073.945116,,,,true,,POST,http://20.210.36.32:8080/prediction/knn,HTTP/1.1,contacts,,200,,,http://20.210.36.32:8080/prediction/knn,,
http_req_blocked,1678217727,4.013422,,,,true,,POST,http://20.210.36.32:8080/prediction/knn,HTTP/1.1,contacts,,200,,,http://20.210.36.32:8080/prediction/knn,,
http_req_connecting,1678217727,3.935422,,,,true,,POST,http://20.210.36.32:8080/prediction/knn,HTTP/1.1,contacts,,200,,,http://20.210.36.32:8080/prediction/knn,,
http_req_tls_handshaking,1678217727,0.000000,,,,true,,POST,http://20.210.36.32:8080/prediction/knn,HTTP/1.1,contacts,,200,,,http://20.210.36.32:8080/prediction/knn,,
http_req_sending,1678217727,0.097601,,,,true,,POST,http://20.210.36.32:8080/prediction/knn,HTTP/1.1,contacts,,200,,,http://20.210.36.32:8080/prediction/knn,,
http_req_waiting,1678217727,2073.737614,,,,true,,POST,http://20.210.36.32:8080/prediction/knn,HTTP/1.1,contacts,,200,,,http://20.210.36.32:8080/prediction/knn,,
http_req_receiving,1678217727,0.109901,,,,true,,POST,http://20.210.36.32:8080/prediction/knn,HTTP/1.1,contacts,,200,,,http://20.210.36.32:8080/prediction/knn,,
http_req_failed,1678217727,0.000000,,,,true,,POST,http://20.210.36.32:8080/prediction/knn,HTTP/1.1,contacts,,200,,,http://20.210.36.32:8080/prediction/knn,,
http_reqs,1678217727,1.000000,,,,true,,POST,http://20.210.36.32:8080/prediction/knn,HTTP/1.1,contacts,,200,,,http://20.210.36.32:8080/prediction/knn,,
http_req_duration,1678217727,2090.112405,,,,true,,POST,http://20.210.36.32:8080/prediction/knn,HTTP/1.1,contacts,,200,,,http://20.210.36.32:8080/prediction/knn,,
http_req_blocked,1678217727,5.501630,,,,true,,POST,http://20.210.36.32:8080/prediction/knn,HTTP/1.1,contacts,,200,,,http://20.210.36.32:8080/prediction/knn,,
http_req_connecting,1678217727,5.442430,,,,true,,POST,http://20.210.36.32:8080/prediction/knn,HTTP/1.1,contacts,,200,,,http://20.210.36.32:8080/prediction/knn,,
http_req_tls_handshaking,1678217727,0.000000,,,,true,,POST,http://20.210.36.32:8080/prediction/knn,HTTP/1.1,contacts,,200,,,http://20.210.36.32:8080/prediction/knn,,
http_req_sending,1678217727,0.102500,,,,true,,POST,http://20.210.36.32:8080/prediction/knn,HTTP/1.1,contacts,,200,,,http://20.210.36.32:8080/prediction/knn,,
http_req_waiting,1678217727,2089.895404,,,,true,,POST,http://20.210.36.32:8080/prediction/knn,HTTP/1.1,contacts,,200,,,http://20.210.36.32:8080/prediction/knn,,
http_req_receiving,1678217727,0.114501,,,,true,,POST,http://20.210.36.32:8080/prediction/knn,HTTP/1.1,contacts,,200,,,http://20.210.36.32:8080/prediction/knn,,
http_req_failed,1678217727,0.000000,,,,true,,POST,http://20.210.36.32:8080/prediction/knn,HTTP/1.1,contacts,,200,,,http://20.210.36.32:8080/prediction/knn,,
responseTime,1678217727,2073.945116,,,,,,,,,contacts,,,,,,,
data_sent,1678217727,2088.000000,,,,,,,,,contacts,,,,,,,
data_received,1678217727,199.000000,,,,,,,,,contacts,,,,,,,
iteration_duration,1678217727,2078.380440,,,,,,,,,contacts,,,,,,,
iterations,1678217727,1.000000,,,,,,,,,contacts,,,,,,,
responseTime,1678217727,2090.112405,,,,,,,,,contacts,,,,,,,
data_sent,1678217727,2088.000000,,,,,,,,,contacts,,,,,,,
data_received,1678217727,199.000000,,,,,,,,,contacts,,,,,,,
iteration_duration,1678217727,2096.115938,,,,,,,,,contacts,,,,,,,
iterations,1678217727,1.000000,,,,,,,,,contacts,,,,,,,
http_reqs,1678217727,1.000000,,,,true,,POST,http://20.210.36.32:8080/prediction/knn,HTTP/1.1,contacts,,200,,,http://20.210.36.32:8080/prediction/knn,,
http_req_duration,1678217727,2145.367709,,,,true,,POST,http://20.210.36.32:8080/prediction/knn,HTTP/1.1,contacts,,200,,,http://20.210.36.32:8080/prediction/knn,,
http_req_blocked,1678217727,3.982022,,,,true,,POST,http://20.210.36.32:8080/prediction/knn,HTTP/1.1,contacts,,200,,,http://20.210.36.32:8080/prediction/knn,,
http_req_connecting,1678217727,3.899322,,,,true,,POST,http://20.210.36.32:8080/prediction/knn,HTTP/1.1,contacts,,200,,,http://20.210.36.32:8080/prediction/knn,,
http_req_tls_handshaking,1678217727,0.000000,,,,true,,POST,http://20.210.36.32:8080/prediction/knn,HTTP/1.1,contacts,,200,,,http://20.210.36.32:8080/prediction/knn,,
http_req_sending,1678217727,0.073700,,,,true,,POST,http://20.210.36.32:8080/prediction/knn,HTTP/1.1,contacts,,200,,,http://20.210.36.32:8080/prediction/knn,,
http_req_waiting,1678217727,2145.096808,,,,true,,POST,http://20.210.36.32:8080/prediction/knn,HTTP/1.1,contacts,,200,,,http://20.210.36.32:8080/prediction/knn,,
http_req_receiving,1678217727,0.197201,,,,true,,POST,http://20.210.36.32:8080/prediction/knn,HTTP/1.1,contacts,,200,,,http://20.210.36.32:8080/prediction/knn,,
http_req_failed,1678217727,0.000000,,,,true,,POST,http://20.210.36.32:8080/prediction/knn,HTTP/1.1,contacts,,200,,,http://20.210.36.32:8080/prediction/knn,,
responseTime,1678217727,2145.367709,,,,,,,,,contacts,,,,,,,
data_sent,1678217727,2088.000000,,,,,,,,,contacts,,,,,,,
data_received,1678217727,199.000000,,,,,,,,,contacts,,,,,,,
iteration_duration,1678217727,2150.015734,,,,,,,,,contacts,,,,,,,
iterations,1678217727,1.000000,,,,,,,,,contacts,,,,,,,
http_reqs,1678217727,1.000000,,,,true,,POST,http://20.210.36.32:8080/prediction/knn,HTTP/1.1,contacts,,200,,,http://20.210.36.32:8080/prediction/knn,,
http_req_duration,1678217727,2162.287502,,,,true,,POST,http://20.210.36.32:8080/prediction/knn,HTTP/1.1,contacts,,200,,,http://20.210.36.32:8080/prediction/knn,,
http_req_blocked,1678217727,3.805921,,,,true,,POST,http://20.210.36.32:8080/prediction/knn,HTTP/1.1,contacts,,200,,,http://20.210.36.32:8080/prediction/knn,,
http_req_connecting,1678217727,3.745521,,,,true,,POST,http://20.210.36.32:8080/prediction/knn,HTTP/1.1,contacts,,200,,,http://20.210.36.32:8080/prediction/knn,,
http_req_tls_handshaking,1678217727,0.000000,,,,true,,POST,http://20.210.36.32:8080/prediction/knn,HTTP/1.1,contacts,,200,,,http://20.210.36.32:8080/prediction/knn,,
http_req_sending,1678217727,0.048700,,,,true,,POST,http://20.210.36.32:8080/prediction/knn,HTTP/1.1,contacts,,200,,,http://20.210.36.32:8080/prediction/knn,,
http_req_waiting,1678217727,2162.010200,,,,true,,POST,http://20.210.36.32:8080/prediction/knn,HTTP/1.1,contacts,,200,,,http://20.210.36.32:8080/prediction/knn,,
http_req_receiving,1678217727,0.228602,,,,true,,POST,http://20.210.36.32:8080/prediction/knn,HTTP/1.1,contacts,,200,,,http://20.210.36.32:8080/prediction/knn,,
http_req_failed,1678217727,0.000000,,,,true,,POST,http://20.210.36.32:8080/prediction/knn,HTTP/1.1,contacts,,200,,,http://20.210.36.32:8080/prediction/knn,,
responseTime,1678217727,2162.287502,,,,,,,,,contacts,,,,,,,
data_sent,1678217727,2088.000000,,,,,,,,,contacts,,,,,,,
data_received,1678217727,199.000000,,,,,,,,,contacts,,,,,,,
iteration_duration,1678217727,2166.664626,,,,,,,,,contacts,,,,,,,
iterations,1678217727,1.000000,,,,,,,,,contacts,,,,,,,
data_sent,1678217727,2088.000000,,,,,,,,,contacts,,,,,,,
data_received,1678217727,0.000000,,,,,,,,,contacts,,,,,,,
http_reqs,1678217727,1.000000,,,,true,,POST,http://20.210.36.32:8080/prediction/knn,HTTP/1.1,contacts,,200,,,http://20.210.36.32:8080/prediction/knn,,
http_req_duration,1678217727,2172.367258,,,,true,,POST,http://20.210.36.32:8080/prediction/knn,HTTP/1.1,contacts,,200,,,http://20.210.36.32:8080/prediction/knn,,
http_req_blocked,1678217727,3.905621,,,,true,,POST,http://20.210.36.32:8080/prediction/knn,HTTP/1.1,contacts,,200,,,http://20.210.36.32:8080/prediction/knn,,
http_req_connecting,1678217727,3.818621,,,,true,,POST,http://20.210.36.32:8080/prediction/knn,HTTP/1.1,contacts,,200,,,http://20.210.36.32:8080/prediction/knn,,
http_req_tls_handshaking,1678217727,0.000000,,,,true,,POST,http://20.210.36.32:8080/prediction/knn,HTTP/1.1,contacts,,200,,,http://20.210.36.32:8080/prediction/knn,,
http_req_sending,1678217727,0.100601,,,,true,,POST,http://20.210.36.32:8080/prediction/knn,HTTP/1.1,contacts,,200,,,http://20.210.36.32:8080/prediction/knn,,
http_req_waiting,1678217727,2172.150956,,,,true,,POST,http://20.210.36.32:8080/prediction/knn,HTTP/1.1,contacts,,200,,,http://20.210.36.32:8080/prediction/knn,,
http_req_receiving,1678217727,0.115701,,,,true,,POST,http://20.210.36.32:8080/prediction/knn,HTTP/1.1,contacts,,200,,,http://20.210.36.32:8080/prediction/knn,,
http_req_failed,1678217727,0.000000,,,,true,,POST,http://20.210.36.32:8080/prediction/knn,HTTP/1.1,contacts,,200,,,http://20.210.36.32:8080/prediction/knn,,
responseTime,1678217727,2172.367258,,,,,,,,,contacts,,,,,,,
data_sent,1678217727,2088.000000,,,,,,,,,contacts,,,,,,,
data_received,1678217727,199.000000,,,,,,,,,contacts,,,,,,,
iteration_duration,1678217727,2176.703482,,,,,,,,,contacts,,,,,,,
iterations,1678217727,1.000000,,,,,,,,,contacts,,,,,,,
http_reqs,1678217727,1.000000,,,,true,,POST,http://20.210.36.32:8080/prediction/knn,HTTP/1.1,contacts,,200,,,http://20.210.36.32:8080/prediction/knn,,
http_req_duration,1678217727,2105.787191,,,,true,,POST,http://20.210.36.32:8080/prediction/knn,HTTP/1.1,contacts,,200,,,http://20.210.36.32:8080/prediction/knn,,
http_req_blocked,1678217727,3.808321,,,,true,,POST,http://20.210.36.32:8080/prediction/knn,HTTP/1.1,contacts,,200,,,http://20.210.36.32:8080/prediction/knn,,
http_req_connecting,1678217727,3.703921,,,,true,,POST,http://20.210.36.32:8080/prediction/knn,HTTP/1.1,contacts,,200,,,http://20.210.36.32:8080/prediction/knn,,
http_req_tls_handshaking,1678217727,0.000000,,,,true,,POST,http://20.210.36.32:8080/prediction/knn,HTTP/1.1,contacts,,200,,,http://20.210.36.32:8080/prediction/knn,,
http_req_sending,1678217727,0.129501,,,,true,,POST,http://20.210.36.32:8080/prediction/knn,HTTP/1.1,contacts,,200,,,http://20.210.36.32:8080/prediction/knn,,
http_req_waiting,1678217727,2103.701179,,,,true,,POST,http://20.210.36.32:8080/prediction/knn,HTTP/1.1,contacts,,200,,,http://20.210.36.32:8080/prediction/knn,,
http_req_receiving,1678217727,1.956511,,,,true,,POST,http://20.210.36.32:8080/prediction/knn,HTTP/1.1,contacts,,200,,,http://20.210.36.32:8080/prediction/knn,,
http_req_failed,1678217727,0.000000,,,,true,,POST,http://20.210.36.32:8080/prediction/knn,HTTP/1.1,contacts,,200,,,http://20.210.36.32:8080/prediction/knn,,
responseTime,1678217727,2105.787191,,,,,,,,,contacts,,,,,,,
data_sent,1678217727,2088.000000,,,,,,,,,contacts,,,,,,,
data_received,1678217727,199.000000,,,,,,,,,contacts,,,,,,,
iteration_duration,1678217727,2110.048515,,,,,,,,,contacts,,,,,,,
iterations,1678217727,1.000000,,,,,,,,,contacts,,,,,,,
http_reqs,1678217727,1.000000,,,,true,,POST,http://20.210.36.32:8080/prediction/knn,HTTP/1.1,contacts,,200,,,http://20.210.36.32:8080/prediction/knn,,
http_req_duration,1678217727,2142.810695,,,,true,,POST,http://20.210.36.32:8080/prediction/knn,HTTP/1.1,contacts,,200,,,http://20.210.36.32:8080/prediction/knn,,
http_req_blocked,1678217727,4.193923,,,,true,,POST,http://20.210.36.32:8080/prediction/knn,HTTP/1.1,contacts,,200,,,http://20.210.36.32:8080/prediction/knn,,
http_req_connecting,1678217727,4.076023,,,,true,,POST,http://20.210.36.32:8080/prediction/knn,HTTP/1.1,contacts,,200,,,http://20.210.36.32:8080/prediction/knn,,
http_req_tls_handshaking,1678217727,0.000000,,,,true,,POST,http://20.210.36.32:8080/prediction/knn,HTTP/1.1,contacts,,200,,,http://20.210.36.32:8080/prediction/knn,,
http_req_sending,1678217727,0.069900,,,,true,,POST,http://20.210.36.32:8080/prediction/knn,HTTP/1.1,contacts,,200,,,http://20.210.36.32:8080/prediction/knn,,
http_req_waiting,1678217727,2141.499388,,,,true,,POST,http://20.210.36.32:8080/prediction/knn,HTTP/1.1,contacts,,200,,,http://20.210.36.32:8080/prediction/knn,,
http_req_receiving,1678217727,1.241407,,,,true,,POST,http://20.210.36.32:8080/prediction/knn,HTTP/1.1,contacts,,200,,,http://20.210.36.32:8080/prediction/knn,,
http_req_failed,1678217727,0.000000,,,,true,,POST,http://20.210.36.32:8080/prediction/knn,HTTP/1.1,contacts,,200,,,http://20.210.36.32:8080/prediction/knn,,
responseTime,1678217727,2142.810695,,,,,,,,,contacts,,,,,,,
data_sent,1678217727,2088.000000,,,,,,,,,contacts,,,,,,,
data_received,1678217727,199.000000,,,,,,,,,contacts,,,,,,,
iteration_duration,1678217727,2147.664222,,,,,,,,,contacts,,,,,,,
iterations,1678217727,1.000000,,,,,,,,,contacts,,,,,,,
http_reqs,1678217727,1.000000,,,,true,,POST,http://20.210.36.32:8080/prediction/knn,HTTP/1.1,contacts,,200,,,http://20.210.36.32:8080/prediction/knn,,
http_req_duration,1678217727,2122.004281,,,,true,,POST,http://20.210.36.32:8080/prediction/knn,HTTP/1.1,contacts,,200,,,http://20.210.36.32:8080/prediction/knn,,
http_req_blocked,1678217727,3.737421,,,,true,,POST,http://20.210.36.32:8080/prediction/knn,HTTP/1.1,contacts,,200,,,http://20.210.36.32:8080/prediction/knn,,
http_req_connecting,1678217727,3.669220,,,,true,,POST,http://20.210.36.32:8080/prediction/knn,HTTP/1.1,contacts,,200,,,http://20.210.36.32:8080/prediction/knn,,
http_req_tls_handshaking,1678217727,0.000000,,,,true,,POST,http://20.210.36.32:8080/prediction/knn,HTTP/1.1,contacts,,200,,,http://20.210.36.32:8080/prediction/knn,,
http_req_sending,1678217727,0.095901,,,,true,,POST,http://20.210.36.32:8080/prediction/knn,HTTP/1.1,contacts,,200,,,http://20.210.36.32:8080/prediction/knn,,
http_req_waiting,1678217727,2121.455477,,,,true,,POST,http://20.210.36.32:8080/prediction/knn,HTTP/1.1,contacts,,200,,,http://20.210.36.32:8080/prediction/knn,,
http_req_receiving,1678217727,0.452903,,,,true,,POST,http://20.210.36.32:8080/prediction/knn,HTTP/1.1,contacts,,200,,,http://20.210.36.32:8080/prediction/knn,,
http_req_failed,1678217727,0.000000,,,,true,,POST,http://20.210.36.32:8080/prediction/knn,HTTP/1.1,contacts,,200,,,http://20.210.36.32:8080/prediction/knn,,
responseTime,1678217727,2122.004281,,,,,,,,,contacts,,,,,,,
data_sent,1678217727,2088.000000,,,,,,,,,contacts,,,,,,,
data_received,1678217727,199.000000,,,,,,,,,contacts,,,,,,,
iteration_duration,1678217727,2126.076402,,,,,,,,,contacts,,,,,,,
iterations,1678217727,1.000000,,,,,,,,,contacts,,,,,,,
data_sent,1678217727,2088.000000,,,,,,,,,contacts,,,,,,,
data_received,1678217727,0.000000,,,,,,,,,contacts,,,,,,,
http_reqs,1678217727,1.000000,,,,true,,POST,http://20.210.36.32:8080/prediction/knn,HTTP/1.1,contacts,,200,,,http://20.210.36.32:8080/prediction/knn,,
http_req_duration,1678217727,2153.408953,,,,true,,POST,http://20.210.36.32:8080/prediction/knn,HTTP/1.1,contacts,,200,,,http://20.210.36.32:8080/prediction/knn,,
http_req_blocked,1678217727,4.091923,,,,true,,POST,http://20.210.36.32:8080/prediction/knn,HTTP/1.1,contacts,,200,,,http://20.210.36.32:8080/prediction/knn,,
http_req_connecting,1678217727,3.965022,,,,true,,POST,http://20.210.36.32:8080/prediction/knn,HTTP/1.1,contacts,,200,,,http://20.210.36.32:8080/prediction/knn,,
http_req_tls_handshaking,1678217727,0.000000,,,,true,,POST,http://20.210.36.32:8080/prediction/knn,HTTP/1.1,contacts,,200,,,http://20.210.36.32:8080/prediction/knn,,
http_req_sending,1678217727,0.075600,,,,true,,POST,http://20.210.36.32:8080/prediction/knn,HTTP/1.1,contacts,,200,,,http://20.210.36.32:8080/prediction/knn,,
http_req_waiting,1678217727,2153.221852,,,,true,,POST,http://20.210.36.32:8080/prediction/knn,HTTP/1.1,contacts,,200,,,http://20.210.36.32:8080/prediction/knn,,
http_req_receiving,1678217727,0.111501,,,,true,,POST,http://20.210.36.32:8080/prediction/knn,HTTP/1.1,contacts,,200,,,http://20.210.36.32:8080/prediction/knn,,
http_req_failed,1678217727,0.000000,,,,true,,POST,http://20.210.36.32:8080/prediction/knn,HTTP/1.1,contacts,,200,,,http://20.210.36.32:8080/prediction/knn,,
responseTime,1678217727,2153.408953,,,,,,,,,contacts,,,,,,,
data_sent,1678217727,2088.000000,,,,,,,,,contacts,,,,,,,
data_received,1678217727,199.000000,,,,,,,,,contacts,,,,,,,
iteration_duration,1678217727,2158.799082,,,,,,,,,contacts,,,,,,,
iterations,1678217727,1.000000,,,,,,,,,contacts,,,,,,,
http_reqs,1678217727,1.000000,,,,true,,POST,http://20.210.36.32:8080/prediction/knn,HTTP/1.1,contacts,,200,,,http://20.210.36.32:8080/prediction/knn,,
http_req_duration,1678217727,2050.184185,,,,true,,POST,http://20.210.36.32:8080/prediction/knn,HTTP/1.1,contacts,,200,,,http://20.210.36.32:8080/prediction/knn,,
http_req_blocked,1678217727,4.188923,,,,true,,POST,http://20.210.36.32:8080/prediction/knn,HTTP/1.1,contacts,,200,,,http://20.210.36.32:8080/prediction/knn,,
http_req_connecting,1678217727,4.023222,,,,true,,POST,http://20.210.36.32:8080/prediction/knn,HTTP/1.1,contacts,,200,,,http://20.210.36.32:8080/prediction/knn,,
http_req_tls_handshaking,1678217727,0.000000,,,,true,,POST,http://20.210.36.32:8080/prediction/knn,HTTP/1.1,contacts,,200,,,http://20.210.36.32:8080/prediction/knn,,
http_req_sending,1678217727,0.106401,,,,true,,POST,http://20.210.36.32:8080/prediction/knn,HTTP/1.1,contacts,,200,,,http://20.210.36.32:8080/prediction/knn,,
http_req_waiting,1678217727,2049.982884,,,,true,,POST,http://20.210.36.32:8080/prediction/knn,HTTP/1.1,contacts,,200,,,http://20.210.36.32:8080/prediction/knn,,
http_req_receiving,1678217727,0.094900,,,,true,,POST,http://20.210.36.32:8080/prediction/knn,HTTP/1.1,contacts,,200,,,http://20.210.36.32:8080/prediction/knn,,
http_req_failed,1678217727,0.000000,,,,true,,POST,http://20.210.36.32:8080/prediction/knn,HTTP/1.1,contacts,,200,,,http://20.210.36.32:8080/prediction/knn,,
responseTime,1678217727,2050.184185,,,,,,,,,contacts,,,,,,,
data_sent,1678217727,2088.000000,,,,,,,,,contacts,,,,,,,
data_received,1678217727,199.000000,,,,,,,,,contacts,,,,,,,
iteration_duration,1678217727,2054.788111,,,,,,,,,contacts,,,,,,,
iterations,1678217727,1.000000,,,,,,,,,contacts,,,,,,,
http_reqs,1678217727,1.000000,,,,true,,POST,http://20.210.36.32:8080/prediction/knn,HTTP/1.1,contacts,,200,,,http://20.210.36.32:8080/prediction/knn,,
http_req_duration,1678217727,2219.438616,,,,true,,POST,http://20.210.36.32:8080/prediction/knn,HTTP/1.1,contacts,,200,,,http://20.210.36.32:8080/prediction/knn,,
http_req_blocked,1678217727,4.241523,,,,true,,POST,http://20.210.36.32:8080/prediction/knn,HTTP/1.1,contacts,,200,,,http://20.210.36.32:8080/prediction/knn,,
http_req_connecting,1678217727,4.095223,,,,true,,POST,http://20.210.36.32:8080/prediction/knn,HTTP/1.1,contacts,,200,,,http://20.210.36.32:8080/prediction/knn,,
http_req_tls_handshaking,1678217727,0.000000,,,,true,,POST,http://20.210.36.32:8080/prediction/knn,HTTP/1.1,contacts,,200,,,http://20.210.36.32:8080/prediction/knn,,
http_req_sending,1678217727,0.383702,,,,true,,POST,http://20.210.36.32:8080/prediction/knn,HTTP/1.1,contacts,,200,,,http://20.210.36.32:8080/prediction/knn,,
http_req_waiting,1678217727,2218.975714,,,,true,,POST,http://20.210.36.32:8080/prediction/knn,HTTP/1.1,contacts,,200,,,http://20.210.36.32:8080/prediction/knn,,
http_req_receiving,1678217727,0.079200,,,,true,,POST,http://20.210.36.32:8080/prediction/knn,HTTP/1.1,contacts,,200,,,http://20.210.36.32:8080/prediction/knn,,
http_req_failed,1678217727,0.000000,,,,true,,POST,http://20.210.36.32:8080/prediction/knn,HTTP/1.1,contacts,,200,,,http://20.210.36.32:8080/prediction/knn,,
responseTime,1678217727,2219.438616,,,,,,,,,contacts,,,,,,,
data_sent,1678217727,2088.000000,,,,,,,,,contacts,,,,,,,
data_received,1678217727,199.000000,,,,,,,,,contacts,,,,,,,
iteration_duration,1678217727,2224.202543,,,,,,,,,contacts,,,,,,,
iterations,1678217727,1.000000,,,,,,,,,contacts,,,,,,,
http_reqs,1678217727,1.000000,,,,true,,POST,http://20.210.36.32:8080/prediction/knn,HTTP/1.1,contacts,,200,,,http://20.210.36.32:8080/prediction/knn,,
http_req_duration,1678217727,2005.610040,,,,true,,POST,http://20.210.36.32:8080/prediction/knn,HTTP/1.1,contacts,,200,,,http://20.210.36.32:8080/prediction/knn,,
http_req_blocked,1678217727,2.013811,,,,true,,POST,http://20.210.36.32:8080/prediction/knn,HTTP/1.1,contacts,,200,,,http://20.210.36.32:8080/prediction/knn,,
http_req_connecting,1678217727,1.958911,,,,true,,POST,http://20.210.36.32:8080/prediction/knn,HTTP/1.1,contacts,,200,,,http://20.210.36.32:8080/prediction/knn,,
http_req_tls_handshaking,1678217727,0.000000,,,,true,,POST,http://20.210.36.32:8080/prediction/knn,HTTP/1.1,contacts,,200,,,http://20.210.36.32:8080/prediction/knn,,
http_req_sending,1678217727,0.047100,,,,true,,POST,http://20.210.36.32:8080/prediction/knn,HTTP/1.1,contacts,,200,,,http://20.210.36.32:8080/prediction/knn,,
http_req_waiting,1678217727,2003.906731,,,,true,,POST,http://20.210.36.32:8080/prediction/knn,HTTP/1.1,contacts,,200,,,http://20.210.36.32:8080/prediction/knn,,
http_req_receiving,1678217727,1.656209,,,,true,,POST,http://20.210.36.32:8080/prediction/knn,HTTP/1.1,contacts,,200,,,http://20.210.36.32:8080/prediction/knn,,
http_req_failed,1678217727,0.000000,,,,true,,POST,http://20.210.36.32:8080/prediction/knn,HTTP/1.1,contacts,,200,,,http://20.210.36.32:8080/prediction/knn,,
responseTime,1678217727,2005.610040,,,,,,,,,contacts,,,,,,,
data_sent,1678217727,2088.000000,,,,,,,,,contacts,,,,,,,
data_received,1678217727,199.000000,,,,,,,,,contacts,,,,,,,
iteration_duration,1678217727,2008.096853,,,,,,,,,contacts,,,,,,,
iterations,1678217727,1.000000,,,,,,,,,contacts,,,,,,,
data_sent,1678217727,2088.000000,,,,,,,,,contacts,,,,,,,
data_received,1678217727,0.000000,,,,,,,,,contacts,,,,,,,
http_reqs,1678217727,1.000000,,,,true,,POST,http://20.210.36.32:8080/prediction/knn,HTTP/1.1,contacts,,200,,,http://20.210.36.32:8080/prediction/knn,,
http_req_duration,1678217727,2128.358515,,,,true,,POST,http://20.210.36.32:8080/prediction/knn,HTTP/1.1,contacts,,200,,,http://20.210.36.32:8080/prediction/knn,,
http_req_blocked,1678217727,18.037999,,,,true,,POST,http://20.210.36.32:8080/prediction/knn,HTTP/1.1,contacts,,200,,,http://20.210.36.32:8080/prediction/knn,,
http_req_connecting,1678217727,17.945599,,,,true,,POST,http://20.210.36.32:8080/prediction/knn,HTTP/1.1,contacts,,200,,,http://20.210.36.32:8080/prediction/knn,,
http_req_tls_handshaking,1678217727,0.000000,,,,true,,POST,http://20.210.36.32:8080/prediction/knn,HTTP/1.1,contacts,,200,,,http://20.210.36.32:8080/prediction/knn,,
http_req_sending,1678217727,0.097600,,,,true,,POST,http://20.210.36.32:8080/prediction/knn,HTTP/1.1,contacts,,200,,,http://20.210.36.32:8080/prediction/knn,,
http_req_waiting,1678217727,2128.037214,,,,true,,POST,http://20.210.36.32:8080/prediction/knn,HTTP/1.1,contacts,,200,,,http://20.210.36.32:8080/prediction/knn,,
http_req_receiving,1678217727,0.223701,,,,true,,POST,http://20.210.36.32:8080/prediction/knn,HTTP/1.1,contacts,,200,,,http://20.210.36.32:8080/prediction/knn,,
http_req_failed,1678217727,0.000000,,,,true,,POST,http://20.210.36.32:8080/prediction/knn,HTTP/1.1,contacts,,200,,,http://20.210.36.32:8080/prediction/knn,,
responseTime,1678217727,2128.358515,,,,,,,,,contacts,,,,,,,
data_sent,1678217727,2088.000000,,,,,,,,,contacts,,,,,,,
data_received,1678217727,199.000000,,,,,,,,,contacts,,,,,,,
iteration_duration,1678217727,2146.803117,,,,,,,,,contacts,,,,,,,
iterations,1678217727,1.000000,,,,,,,,,contacts,,,,,,,
http_reqs,1678217727,1.000000,,,,true,,POST,http://20.210.36.32:8080/prediction/knn,HTTP/1.1,contacts,,200,,,http://20.210.36.32:8080/prediction/knn,,
http_req_duration,1678217727,2087.614991,,,,true,,POST,http://20.210.36.32:8080/prediction/knn,HTTP/1.1,contacts,,200,,,http://20.210.36.32:8080/prediction/knn,,
http_req_blocked,1678217727,3.905122,,,,true,,POST,http://20.210.36.32:8080/prediction/knn,HTTP/1.1,contacts,,200,,,http://20.210.36.32:8080/prediction/knn,,
http_req_connecting,1678217727,3.833621,,,,true,,POST,http://20.210.36.32:8080/prediction/knn,HTTP/1.1,contacts,,200,,,http://20.210.36.32:8080/prediction/knn,,
http_req_tls_handshaking,1678217727,0.000000,,,,true,,POST,http://20.210.36.32:8080/prediction/knn,HTTP/1.1,contacts,,200,,,http://20.210.36.32:8080/prediction/knn,,
http_req_sending,1678217727,0.113700,,,,true,,POST,http://20.210.36.32:8080/prediction/knn,HTTP/1.1,contacts,,200,,,http://20.210.36.32:8080/prediction/knn,,
http_req_waiting,1678217727,2084.708775,,,,true,,POST,http://20.210.36.32:8080/prediction/knn,HTTP/1.1,contacts,,200,,,http://20.210.36.32:8080/prediction/knn,,
http_req_receiving,1678217727,2.792516,,,,true,,POST,http://20.210.36.32:8080/prediction/knn,HTTP/1.1,contacts,,200,,,http://20.210.36.32:8080/prediction/knn,,
http_req_failed,1678217727,0.000000,,,,true,,POST,http://20.210.36.32:8080/prediction/knn,HTTP/1.1,contacts,,200,,,http://20.210.36.32:8080/prediction/knn,,
responseTime,1678217727,2087.614991,,,,,,,,,contacts,,,,,,,
data_sent,1678217727,2088.000000,,,,,,,,,contacts,,,,,,,
data_received,1678217727,199.000000,,,,,,,,,contacts,,,,,,,
iteration_duration,1678217727,2092.020816,,,,,,,,,contacts,,,,,,,
iterations,1678217727,1.000000,,,,,,,,,contacts,,,,,,,
http_reqs,1678217727,1.000000,,,,true,,POST,http://20.210.36.32:8080/prediction/knn,HTTP/1.1,contacts,,200,,,http://20.210.36.32:8080/prediction/knn,,
http_req_duration,1678217727,2097.157644,,,,true,,POST,http://20.210.36.32:8080/prediction/knn,HTTP/1.1,contacts,,200,,,http://20.210.36.32:8080/prediction/knn,,
http_req_blocked,1678217727,1.988611,,,,true,,POST,http://20.210.36.32:8080/prediction/knn,HTTP/1.1,contacts,,200,,,http://20.210.36.32:8080/prediction/knn,,
http_req_connecting,1678217727,1.936311,,,,true,,POST,http://20.210.36.32:8080/prediction/knn,HTTP/1.1,contacts,,200,,,http://20.210.36.32:8080/prediction/knn,,
http_req_tls_handshaking,1678217727,0.000000,,,,true,,POST,http://20.210.36.32:8080/prediction/knn,HTTP/1.1,contacts,,200,,,http://20.210.36.32:8080/prediction/knn,,
http_req_sending,1678217727,0.073500,,,,true,,POST,http://20.210.36.32:8080/prediction/knn,HTTP/1.1,contacts,,200,,,http://20.210.36.32:8080/prediction/knn,,
http_req_waiting,1678217727,2096.317339,,,,true,,POST,http://20.210.36.32:8080/prediction/knn,HTTP/1.1,contacts,,200,,,http://20.210.36.32:8080/prediction/knn,,
http_req_receiving,1678217727,0.766805,,,,true,,POST,http://20.210.36.32:8080/prediction/knn,HTTP/1.1,contacts,,200,,,http://20.210.36.32:8080/prediction/knn,,
http_req_failed,1678217727,0.000000,,,,true,,POST,http://20.210.36.32:8080/prediction/knn,HTTP/1.1,contacts,,200,,,http://20.210.36.32:8080/prediction/knn,,
responseTime,1678217727,2097.157644,,,,,,,,,contacts,,,,,,,
data_sent,1678217727,2088.000000,,,,,,,,,contacts,,,,,,,
data_received,1678217727,199.000000,,,,,,,,,contacts,,,,,,,
iteration_duration,1678217727,2099.737458,,,,,,,,,contacts,,,,,,,
iterations,1678217727,1.000000,,,,,,,,,contacts,,,,,,,
data_sent,1678217727,2088.000000,,,,,,,,,contacts,,,,,,,
data_received,1678217727,0.000000,,,,,,,,,contacts,,,,,,,
http_reqs,1678217727,1.000000,,,,true,,POST,http://20.210.36.32:8080/prediction/knn,HTTP/1.1,contacts,,200,,,http://20.210.36.32:8080/prediction/knn,,
http_req_duration,1678217727,2105.428989,,,,true,,POST,http://20.210.36.32:8080/prediction/knn,HTTP/1.1,contacts,,200,,,http://20.210.36.32:8080/prediction/knn,,
http_req_blocked,1678217727,2.085911,,,,true,,POST,http://20.210.36.32:8080/prediction/knn,HTTP/1.1,contacts,,200,,,http://20.210.36.32:8080/prediction/knn,,
http_req_connecting,1678217727,2.024111,,,,true,,POST,http://20.210.36.32:8080/prediction/knn,HTTP/1.1,contacts,,200,,,http://20.210.36.32:8080/prediction/knn,,
http_req_tls_handshaking,1678217727,0.000000,,,,true,,POST,http://20.210.36.32:8080/prediction/knn,HTTP/1.1,contacts,,200,,,http://20.210.36.32:8080/prediction/knn,,
http_req_sending,1678217727,0.056501,,,,true,,POST,http://20.210.36.32:8080/prediction/knn,HTTP/1.1,contacts,,200,,,http://20.210.36.32:8080/prediction/knn,,
http_req_waiting,1678217727,2102.253871,,,,true,,POST,http://20.210.36.32:8080/prediction/knn,HTTP/1.1,contacts,,200,,,http://20.210.36.32:8080/prediction/knn,,
http_req_receiving,1678217727,3.118617,,,,true,,POST,http://20.210.36.32:8080/prediction/knn,HTTP/1.1,contacts,,200,,,http://20.210.36.32:8080/prediction/knn,,
http_req_failed,1678217727,0.000000,,,,true,,POST,http://20.210.36.32:8080/prediction/knn,HTTP/1.1,contacts,,200,,,http://20.210.36.32:8080/prediction/knn,,
responseTime,1678217727,2105.428989,,,,,,,,,contacts,,,,,,,
data_sent,1678217727,2088.000000,,,,,,,,,contacts,,,,,,,
data_received,1678217727,199.000000,,,,,,,,,contacts,,,,,,,
iteration_duration,1678217727,2107.927703,,,,,,,,,contacts,,,,,,,
iterations,1678217727,1.000000,,,,,,,,,contacts,,,,,,,
http_reqs,1678217727,1.000000,,,,true,,POST,http://20.210.36.32:8080/prediction/knn,HTTP/1.1,contacts,,200,,,http://20.210.36.32:8080/prediction/knn,,
http_req_duration,1678217727,2137.771467,,,,true,,POST,http://20.210.36.32:8080/prediction/knn,HTTP/1.1,contacts,,200,,,http://20.210.36.32:8080/prediction/knn,,
http_req_blocked,1678217727,2.071112,,,,true,,POST,http://20.210.36.32:8080/prediction/knn,HTTP/1.1,contacts,,200,,,http://20.210.36.32:8080/prediction/knn,,
http_req_connecting,1678217727,2.021411,,,,true,,POST,http://20.210.36.32:8080/prediction/knn,HTTP/1.1,contacts,,200,,,http://20.210.36.32:8080/prediction/knn,,
http_req_tls_handshaking,1678217727,0.000000,,,,true,,POST,http://20.210.36.32:8080/prediction/knn,HTTP/1.1,contacts,,200,,,http://20.210.36.32:8080/prediction/knn,,
http_req_sending,1678217727,0.039500,,,,true,,POST,http://20.210.36.32:8080/prediction/knn,HTTP/1.1,contacts,,200,,,http://20.210.36.32:8080/prediction/knn,,
http_req_waiting,1678217727,2137.632666,,,,true,,POST,http://20.210.36.32:8080/prediction/knn,HTTP/1.1,contacts,,200,,,http://20.210.36.32:8080/prediction/knn,,
http_req_receiving,1678217727,0.099301,,,,true,,POST,http://20.210.36.32:8080/prediction/knn,HTTP/1.1,contacts,,200,,,http://20.210.36.32:8080/prediction/knn,,
http_req_failed,1678217727,0.000000,,,,true,,POST,http://20.210.36.32:8080/prediction/knn,HTTP/1.1,contacts,,200,,,http://20.210.36.32:8080/prediction/knn,,
responseTime,1678217727,2137.771467,,,,,,,,,contacts,,,,,,,
data_sent,1678217727,2088.000000,,,,,,,,,contacts,,,,,,,
data_received,1678217727,199.000000,,,,,,,,,contacts,,,,,,,
iteration_duration,1678217727,2140.317781,,,,,,,,,contacts,,,,,,,
iterations,1678217727,1.000000,,,,,,,,,contacts,,,,,,,
http_reqs,1678217727,1.000000,,,,true,,POST,http://20.210.36.32:8080/prediction/knn,HTTP/1.1,contacts,,200,,,http://20.210.36.32:8080/prediction/knn,,
http_req_duration,1678217727,2122.484283,,,,true,,POST,http://20.210.36.32:8080/prediction/knn,HTTP/1.1,contacts,,200,,,http://20.210.36.32:8080/prediction/knn,,
http_req_blocked,1678217727,1.878710,,,,true,,POST,http://20.210.36.32:8080/prediction/knn,HTTP/1.1,contacts,,200,,,http://20.210.36.32:8080/prediction/knn,,
http_req_connecting,1678217727,1.810010,,,,true,,POST,http://20.210.36.32:8080/prediction/knn,HTTP/1.1,contacts,,200,,,http://20.210.36.32:8080/prediction/knn,,
http_req_tls_handshaking,1678217727,0.000000,,,,true,,POST,http://20.210.36.32:8080/prediction/knn,HTTP/1.1,contacts,,200,,,http://20.210.36.32:8080/prediction/knn,,
http_req_sending,1678217727,0.057800,,,,true,,POST,http://20.210.36.32:8080/prediction/knn,HTTP/1.1,contacts,,200,,,http://20.210.36.32:8080/prediction/knn,,
http_req_waiting,1678217727,2122.352883,,,,true,,POST,http://20.210.36.32:8080/prediction/knn,HTTP/1.1,contacts,,200,,,http://20.210.36.32:8080/prediction/knn,,
http_req_receiving,1678217727,0.073600,,,,true,,POST,http://20.210.36.32:8080/prediction/knn,HTTP/1.1,contacts,,200,,,http://20.210.36.32:8080/prediction/knn,,
http_req_failed,1678217727,0.000000,,,,true,,POST,http://20.210.36.32:8080/prediction/knn,HTTP/1.1,contacts,,200,,,http://20.210.36.32:8080/prediction/knn,,
responseTime,1678217727,2122.484283,,,,,,,,,contacts,,,,,,,
data_sent,1678217727,2088.000000,,,,,,,,,contacts,,,,,,,
data_received,1678217727,199.000000,,,,,,,,,contacts,,,,,,,
iteration_duration,1678217727,2124.765496,,,,,,,,,contacts,,,,,,,
iterations,1678217727,1.000000,,,,,,,,,contacts,,,,,,,
http_reqs,1678217727,1.000000,,,,true,,POST,http://20.210.36.32:8080/prediction/knn,HTTP/1.1,contacts,,200,,,http://20.210.36.32:8080/prediction/knn,,
http_req_duration,1678217727,2054.225207,,,,true,,POST,http://20.210.36.32:8080/prediction/knn,HTTP/1.1,contacts,,200,,,http://20.210.36.32:8080/prediction/knn,,
http_req_blocked,1678217727,1.934511,,,,true,,POST,http://20.210.36.32:8080/prediction/knn,HTTP/1.1,contacts,,200,,,http://20.210.36.32:8080/prediction/knn,,
http_req_connecting,1678217727,1.867311,,,,true,,POST,http://20.210.36.32:8080/prediction/knn,HTTP/1.1,contacts,,200,,,http://20.210.36.32:8080/prediction/knn,,
http_req_tls_handshaking,1678217727,0.000000,,,,true,,POST,http://20.210.36.32:8080/prediction/knn,HTTP/1.1,contacts,,200,,,http://20.210.36.32:8080/prediction/knn,,
http_req_sending,1678217727,0.057900,,,,true,,POST,http://20.210.36.32:8080/prediction/knn,HTTP/1.1,contacts,,200,,,http://20.210.36.32:8080/prediction/knn,,
http_req_waiting,1678217727,2049.941384,,,,true,,POST,http://20.210.36.32:8080/prediction/knn,HTTP/1.1,contacts,,200,,,http://20.210.36.32:8080/prediction/knn,,
http_req_receiving,1678217727,4.225923,,,,true,,POST,http://20.210.36.32:8080/prediction/knn,HTTP/1.1,contacts,,200,,,http://20.210.36.32:8080/prediction/knn,,
http_req_failed,1678217727,0.000000,,,,true,,POST,http://20.210.36.32:8080/prediction/knn,HTTP/1.1,contacts,,200,,,http://20.210.36.32:8080/prediction/knn,,
responseTime,1678217727,2054.225207,,,,,,,,,contacts,,,,,,,
data_sent,1678217727,2088.000000,,,,,,,,,contacts,,,,,,,
data_received,1678217727,199.000000,,,,,,,,,contacts,,,,,,,
iteration_duration,1678217727,2056.599620,,,,,,,,,contacts,,,,,,,
iterations,1678217727,1.000000,,,,,,,,,contacts,,,,,,,
http_reqs,1678217727,1.000000,,,,true,,POST,http://20.210.36.32:8080/prediction/knn,HTTP/1.1,contacts,,200,,,http://20.210.36.32:8080/prediction/knn,,
http_req_duration,1678217727,2074.125117,,,,true,,POST,http://20.210.36.32:8080/prediction/knn,HTTP/1.1,contacts,,200,,,http://20.210.36.32:8080/prediction/knn,,
http_req_blocked,1678217727,2.347212,,,,true,,POST,http://20.210.36.32:8080/prediction/knn,HTTP/1.1,contacts,,200,,,http://20.210.36.32:8080/prediction/knn,,
http_req_connecting,1678217727,2.264212,,,,true,,POST,http://20.210.36.32:8080/prediction/knn,HTTP/1.1,contacts,,200,,,http://20.210.36.32:8080/prediction/knn,,
http_req_tls_handshaking,1678217727,0.000000,,,,true,,POST,http://20.210.36.32:8080/prediction/knn,HTTP/1.1,contacts,,200,,,http://20.210.36.32:8080/prediction/knn,,
http_req_sending,1678217727,0.104401,,,,true,,POST,http://20.210.36.32:8080/prediction/knn,HTTP/1.1,contacts,,200,,,http://20.210.36.32:8080/prediction/knn,,
http_req_waiting,1678217727,2073.002210,,,,true,,POST,http://20.210.36.32:8080/prediction/knn,HTTP/1.1,contacts,,200,,,http://20.210.36.32:8080/prediction/knn,,
http_req_receiving,1678217727,1.018506,,,,true,,POST,http://20.210.36.32:8080/prediction/knn,HTTP/1.1,contacts,,200,,,http://20.210.36.32:8080/prediction/knn,,
http_req_failed,1678217727,0.000000,,,,true,,POST,http://20.210.36.32:8080/prediction/knn,HTTP/1.1,contacts,,200,,,http://20.210.36.32:8080/prediction/knn,,
responseTime,1678217727,2074.125117,,,,,,,,,contacts,,,,,,,
data_sent,1678217727,2088.000000,,,,,,,,,contacts,,,,,,,
data_received,1678217727,199.000000,,,,,,,,,contacts,,,,,,,
iteration_duration,1678217727,2076.777832,,,,,,,,,contacts,,,,,,,
iterations,1678217727,1.000000,,,,,,,,,contacts,,,,,,,
data_sent,1678217727,2088.000000,,,,,,,,,contacts,,,,,,,
data_received,1678217727,0.000000,,,,,,,,,contacts,,,,,,,
vus,1678217727,71.000000,,,,,,,,,,,,,,,,
vus_max,1678217727,100.000000,,,,,,,,,,,,,,,,
http_reqs,1678217727,1.000000,,,,true,,POST,http://20.210.36.32:8080/prediction/knn,HTTP/1.1,contacts,,200,,,http://20.210.36.32:8080/prediction/knn,,
http_req_duration,1678217727,2142.721294,,,,true,,POST,http://20.210.36.32:8080/prediction/knn,HTTP/1.1,contacts,,200,,,http://20.210.36.32:8080/prediction/knn,,
http_req_blocked,1678217727,3.738621,,,,true,,POST,http://20.210.36.32:8080/prediction/knn,HTTP/1.1,contacts,,200,,,http://20.210.36.32:8080/prediction/knn,,
http_req_connecting,1678217727,3.665620,,,,true,,POST,http://20.210.36.32:8080/prediction/knn,HTTP/1.1,contacts,,200,,,http://20.210.36.32:8080/prediction/knn,,
http_req_tls_handshaking,1678217727,0.000000,,,,true,,POST,http://20.210.36.32:8080/prediction/knn,HTTP/1.1,contacts,,200,,,http://20.210.36.32:8080/prediction/knn,,
http_req_sending,1678217727,0.057800,,,,true,,POST,http://20.210.36.32:8080/prediction/knn,HTTP/1.1,contacts,,200,,,http://20.210.36.32:8080/prediction/knn,,
http_req_waiting,1678217727,2142.579194,,,,true,,POST,http://20.210.36.32:8080/prediction/knn,HTTP/1.1,contacts,,200,,,http://20.210.36.32:8080/prediction/knn,,
http_req_receiving,1678217727,0.084300,,,,true,,POST,http://20.210.36.32:8080/prediction/knn,HTTP/1.1,contacts,,200,,,http://20.210.36.32:8080/prediction/knn,,
http_req_failed,1678217727,0.000000,,,,true,,POST,http://20.210.36.32:8080/prediction/knn,HTTP/1.1,contacts,,200,,,http://20.210.36.32:8080/prediction/knn,,
responseTime,1678217727,2142.721294,,,,,,,,,contacts,,,,,,,
data_sent,1678217727,2088.000000,,,,,,,,,contacts,,,,,,,
data_received,1678217727,199.000000,,,,,,,,,contacts,,,,,,,
iteration_duration,1678217727,2147.025518,,,,,,,,,contacts,,,,,,,
iterations,1678217727,1.000000,,,,,,,,,contacts,,,,,,,
http_reqs,1678217727,1.000000,,,,true,,POST,http://20.210.36.32:8080/prediction/knn,HTTP/1.1,contacts,,200,,,http://20.210.36.32:8080/prediction/knn,,
http_req_duration,1678217727,2113.726835,,,,true,,POST,http://20.210.36.32:8080/prediction/knn,HTTP/1.1,contacts,,200,,,http://20.210.36.32:8080/prediction/knn,,
http_req_blocked,1678217727,2.411913,,,,true,,POST,http://20.210.36.32:8080/prediction/knn,HTTP/1.1,contacts,,200,,,http://20.210.36.32:8080/prediction/knn,,
http_req_connecting,1678217727,2.349713,,,,true,,POST,http://20.210.36.32:8080/prediction/knn,HTTP/1.1,contacts,,200,,,http://20.210.36.32:8080/prediction/knn,,
http_req_tls_handshaking,1678217727,0.000000,,,,true,,POST,http://20.210.36.32:8080/prediction/knn,HTTP/1.1,contacts,,200,,,http://20.210.36.32:8080/prediction/knn,,
http_req_sending,1678217727,0.053400,,,,true,,POST,http://20.210.36.32:8080/prediction/knn,HTTP/1.1,contacts,,200,,,http://20.210.36.32:8080/prediction/knn,,
http_req_waiting,1678217727,2110.244216,,,,true,,POST,http://20.210.36.32:8080/prediction/knn,HTTP/1.1,contacts,,200,,,http://20.210.36.32:8080/prediction/knn,,
http_req_receiving,1678217727,3.429219,,,,true,,POST,http://20.210.36.32:8080/prediction/knn,HTTP/1.1,contacts,,200,,,http://20.210.36.32:8080/prediction/knn,,
http_req_failed,1678217727,0.000000,,,,true,,POST,http://20.210.36.32:8080/prediction/knn,HTTP/1.1,contacts,,200,,,http://20.210.36.32:8080/prediction/knn,,
responseTime,1678217727,2113.726835,,,,,,,,,contacts,,,,,,,
data_sent,1678217727,2088.000000,,,,,,,,,contacts,,,,,,,
data_received,1678217727,199.000000,,,,,,,,,contacts,,,,,,,
iteration_duration,1678217727,2116.506950,,,,,,,,,contacts,,,,,,,
iterations,1678217727,1.000000,,,,,,,,,contacts,,,,,,,
data_sent,1678217727,2088.000000,,,,,,,,,contacts,,,,,,,
data_received,1678217727,0.000000,,,,,,,,,contacts,,,,,,,
http_reqs,1678217727,1.000000,,,,true,,POST,http://20.210.36.32:8080/prediction/knn,HTTP/1.1,contacts,,200,,,http://20.210.36.32:8080/prediction/knn,,
http_req_duration,1678217727,2195.089583,,,,true,,POST,http://20.210.36.32:8080/prediction/knn,HTTP/1.1,contacts,,200,,,http://20.210.36.32:8080/prediction/knn,,
http_req_blocked,1678217727,2.111111,,,,true,,POST,http://20.210.36.32:8080/prediction/knn,HTTP/1.1,contacts,,200,,,http://20.210.36.32:8080/prediction/knn,,
http_req_connecting,1678217727,2.057411,,,,true,,POST,http://20.210.36.32:8080/prediction/knn,HTTP/1.1,contacts,,200,,,http://20.210.36.32:8080/prediction/knn,,
http_req_tls_handshaking,1678217727,0.000000,,,,true,,POST,http://20.210.36.32:8080/prediction/knn,HTTP/1.1,contacts,,200,,,http://20.210.36.32:8080/prediction/knn,,
http_req_sending,1678217727,0.040600,,,,true,,POST,http://20.210.36.32:8080/prediction/knn,HTTP/1.1,contacts,,200,,,http://20.210.36.32:8080/prediction/knn,,
http_req_waiting,1678217727,2188.394346,,,,true,,POST,http://20.210.36.32:8080/prediction/knn,HTTP/1.1,contacts,,200,,,http://20.210.36.32:8080/prediction/knn,,
http_req_receiving,1678217727,6.654637,,,,true,,POST,http://20.210.36.32:8080/prediction/knn,HTTP/1.1,contacts,,200,,,http://20.210.36.32:8080/prediction/knn,,
http_req_failed,1678217727,0.000000,,,,true,,POST,http://20.210.36.32:8080/prediction/knn,HTTP/1.1,contacts,,200,,,http://20.210.36.32:8080/prediction/knn,,
responseTime,1678217727,2195.089583,,,,,,,,,contacts,,,,,,,
data_sent,1678217727,2088.000000,,,,,,,,,contacts,,,,,,,
data_received,1678217727,199.000000,,,,,,,,,contacts,,,,,,,
iteration_duration,1678217727,2197.592697,,,,,,,,,contacts,,,,,,,
iterations,1678217727,1.000000,,,,,,,,,contacts,,,,,,,
http_reqs,1678217727,1.000000,,,,true,,POST,http://20.210.36.32:8080/prediction/knn,HTTP/1.1,contacts,,200,,,http://20.210.36.32:8080/prediction/knn,,
http_req_duration,1678217727,2187.090138,,,,true,,POST,http://20.210.36.32:8080/prediction/knn,HTTP/1.1,contacts,,200,,,http://20.210.36.32:8080/prediction/knn,,
http_req_blocked,1678217727,2.283812,,,,true,,POST,http://20.210.36.32:8080/prediction/knn,HTTP/1.1,contacts,,200,,,http://20.210.36.32:8080/prediction/knn,,
http_req_connecting,1678217727,2.211712,,,,true,,POST,http://20.210.36.32:8080/prediction/knn,HTTP/1.1,contacts,,200,,,http://20.210.36.32:8080/prediction/knn,,
http_req_tls_handshaking,1678217727,0.000000,,,,true,,POST,http://20.210.36.32:8080/prediction/knn,HTTP/1.1,contacts,,200,,,http://20.210.36.32:8080/prediction/knn,,
http_req_sending,1678217727,0.054600,,,,true,,POST,http://20.210.36.32:8080/prediction/knn,HTTP/1.1,contacts,,200,,,http://20.210.36.32:8080/prediction/knn,,
http_req_waiting,1678217727,2186.952238,,,,true,,POST,http://20.210.36.32:8080/prediction/knn,HTTP/1.1,contacts,,200,,,http://20.210.36.32:8080/prediction/knn,,
http_req_receiving,1678217727,0.083300,,,,true,,POST,http://20.210.36.32:8080/prediction/knn,HTTP/1.1,contacts,,200,,,http://20.210.36.32:8080/prediction/knn,,
http_req_failed,1678217727,0.000000,,,,true,,POST,http://20.210.36.32:8080/prediction/knn,HTTP/1.1,contacts,,200,,,http://20.210.36.32:8080/prediction/knn,,
responseTime,1678217727,2187.090138,,,,,,,,,contacts,,,,,,,
data_sent,1678217727,2088.000000,,,,,,,,,contacts,,,,,,,
data_received,1678217727,199.000000,,,,,,,,,contacts,,,,,,,
iteration_duration,1678217727,2189.811754,,,,,,,,,contacts,,,,,,,
iterations,1678217727,1.000000,,,,,,,,,contacts,,,,,,,
http_reqs,1678217727,1.000000,,,,true,,POST,http://20.210.36.32:8080/prediction/knn,HTTP/1.1,contacts,,200,,,http://20.210.36.32:8080/prediction/knn,,
http_req_duration,1678217727,2058.141629,,,,true,,POST,http://20.210.36.32:8080/prediction/knn,HTTP/1.1,contacts,,200,,,http://20.210.36.32:8080/prediction/knn,,
http_req_blocked,1678217727,2.388713,,,,true,,POST,http://20.210.36.32:8080/prediction/knn,HTTP/1.1,contacts,,200,,,http://20.210.36.32:8080/prediction/knn,,
http_req_connecting,1678217727,2.281612,,,,true,,POST,http://20.210.36.32:8080/prediction/knn,HTTP/1.1,contacts,,200,,,http://20.210.36.32:8080/prediction/knn,,
http_req_tls_handshaking,1678217727,0.000000,,,,true,,POST,http://20.210.36.32:8080/prediction/knn,HTTP/1.1,contacts,,200,,,http://20.210.36.32:8080/prediction/knn,,
http_req_sending,1678217727,0.119701,,,,true,,POST,http://20.210.36.32:8080/prediction/knn,HTTP/1.1,contacts,,200,,,http://20.210.36.32:8080/prediction/knn,,
http_req_waiting,1678217727,2057.937028,,,,true,,POST,http://20.210.36.32:8080/prediction/knn,HTTP/1.1,contacts,,200,,,http://20.210.36.32:8080/prediction/knn,,
http_req_receiving,1678217727,0.084900,,,,true,,POST,http://20.210.36.32:8080/prediction/knn,HTTP/1.1,contacts,,200,,,http://20.210.36.32:8080/prediction/knn,,
http_req_failed,1678217727,0.000000,,,,true,,POST,http://20.210.36.32:8080/prediction/knn,HTTP/1.1,contacts,,200,,,http://20.210.36.32:8080/prediction/knn,,
responseTime,1678217727,2058.141629,,,,,,,,,contacts,,,,,,,
data_sent,1678217727,2088.000000,,,,,,,,,contacts,,,,,,,
data_received,1678217727,199.000000,,,,,,,,,contacts,,,,,,,
iteration_duration,1678217727,2060.854644,,,,,,,,,contacts,,,,,,,
iterations,1678217727,1.000000,,,,,,,,,contacts,,,,,,,
data_sent,1678217727,2088.000000,,,,,,,,,contacts,,,,,,,
data_received,1678217727,0.000000,,,,,,,,,contacts,,,,,,,
http_reqs,1678217727,1.000000,,,,true,,POST,http://20.210.36.32:8080/prediction/knn,HTTP/1.1,contacts,,200,,,http://20.210.36.32:8080/prediction/knn,,
http_req_duration,1678217727,2077.887937,,,,true,,POST,http://20.210.36.32:8080/prediction/knn,HTTP/1.1,contacts,,200,,,http://20.210.36.32:8080/prediction/knn,,
http_req_blocked,1678217727,2.044911,,,,true,,POST,http://20.210.36.32:8080/prediction/knn,HTTP/1.1,contacts,,200,,,http://20.210.36.32:8080/prediction/knn,,
http_req_connecting,1678217727,1.976811,,,,true,,POST,http://20.210.36.32:8080/prediction/knn,HTTP/1.1,contacts,,200,,,http://20.210.36.32:8080/prediction/knn,,
http_req_tls_handshaking,1678217727,0.000000,,,,true,,POST,http://20.210.36.32:8080/prediction/knn,HTTP/1.1,contacts,,200,,,http://20.210.36.32:8080/prediction/knn,,
http_req_sending,1678217727,0.083400,,,,true,,POST,http://20.210.36.32:8080/prediction/knn,HTTP/1.1,contacts,,200,,,http://20.210.36.32:8080/prediction/knn,,
http_req_waiting,1678217727,2077.690937,,,,true,,POST,http://20.210.36.32:8080/prediction/knn,HTTP/1.1,contacts,,200,,,http://20.210.36.32:8080/prediction/knn,,
http_req_receiving,1678217727,0.113600,,,,true,,POST,http://20.210.36.32:8080/prediction/knn,HTTP/1.1,contacts,,200,,,http://20.210.36.32:8080/prediction/knn,,
http_req_failed,1678217727,0.000000,,,,true,,POST,http://20.210.36.32:8080/prediction/knn,HTTP/1.1,contacts,,200,,,http://20.210.36.32:8080/prediction/knn,,
responseTime,1678217727,2077.887937,,,,,,,,,contacts,,,,,,,
data_sent,1678217727,2088.000000,,,,,,,,,contacts,,,,,,,
data_received,1678217727,199.000000,,,,,,,,,contacts,,,,,,,
iteration_duration,1678217727,2080.346351,,,,,,,,,contacts,,,,,,,
iterations,1678217727,1.000000,,,,,,,,,contacts,,,,,,,
http_reqs,1678217727,1.000000,,,,true,,POST,http://20.210.36.32:8080/prediction/knn,HTTP/1.1,contacts,,200,,,http://20.210.36.32:8080/prediction/knn,,
http_req_duration,1678217727,2128.234515,,,,true,,POST,http://20.210.36.32:8080/prediction/knn,HTTP/1.1,contacts,,200,,,http://20.210.36.32:8080/prediction/knn,,
http_req_blocked,1678217727,2.315112,,,,true,,POST,http://20.210.36.32:8080/prediction/knn,HTTP/1.1,contacts,,200,,,http://20.210.36.32:8080/prediction/knn,,
http_req_connecting,1678217727,2.238212,,,,true,,POST,http://20.210.36.32:8080/prediction/knn,HTTP/1.1,contacts,,200,,,http://20.210.36.32:8080/prediction/knn,,
http_req_tls_handshaking,1678217727,0.000000,,,,true,,POST,http://20.210.36.32:8080/prediction/knn,HTTP/1.1,contacts,,200,,,http://20.210.36.32:8080/prediction/knn,,
http_req_sending,1678217727,0.080501,,,,true,,POST,http://20.210.36.32:8080/prediction/knn,HTTP/1.1,contacts,,200,,,http://20.210.36.32:8080/prediction/knn,,
http_req_waiting,1678217727,2128.075113,,,,true,,POST,http://20.210.36.32:8080/prediction/knn,HTTP/1.1,contacts,,200,,,http://20.210.36.32:8080/prediction/knn,,
http_req_receiving,1678217727,0.078901,,,,true,,POST,http://20.210.36.32:8080/prediction/knn,HTTP/1.1,contacts,,200,,,http://20.210.36.32:8080/prediction/knn,,
http_req_failed,1678217727,0.000000,,,,true,,POST,http://20.210.36.32:8080/prediction/knn,HTTP/1.1,contacts,,200,,,http://20.210.36.32:8080/prediction/knn,,
responseTime,1678217727,2128.234515,,,,,,,,,contacts,,,,,,,
data_sent,1678217727,2088.000000,,,,,,,,,contacts,,,,,,,
data_received,1678217727,199.000000,,,,,,,,,contacts,,,,,,,
iteration_duration,1678217727,2130.949130,,,,,,,,,contacts,,,,,,,
iterations,1678217727,1.000000,,,,,,,,,contacts,,,,,,,
data_sent,1678217727,2088.000000,,,,,,,,,contacts,,,,,,,
data_received,1678217727,0.000000,,,,,,,,,contacts,,,,,,,
http_reqs,1678217727,1.000000,,,,true,,POST,http://20.210.36.32:8080/prediction/knn,HTTP/1.1,contacts,,200,,,http://20.210.36.32:8080/prediction/knn,,
http_req_duration,1678217727,2230.554378,,,,true,,POST,http://20.210.36.32:8080/prediction/knn,HTTP/1.1,contacts,,200,,,http://20.210.36.32:8080/prediction/knn,,
http_req_blocked,1678217727,2.501613,,,,true,,POST,http://20.210.36.32:8080/prediction/knn,HTTP/1.1,contacts,,200,,,http://20.210.36.32:8080/prediction/knn,,
http_req_connecting,1678217727,2.410213,,,,true,,POST,http://20.210.36.32:8080/prediction/knn,HTTP/1.1,contacts,,200,,,http://20.210.36.32:8080/prediction/knn,,
http_req_tls_handshaking,1678217727,0.000000,,,,true,,POST,http://20.210.36.32:8080/prediction/knn,HTTP/1.1,contacts,,200,,,http://20.210.36.32:8080/prediction/knn,,
http_req_sending,1678217727,0.075601,,,,true,,POST,http://20.210.36.32:8080/prediction/knn,HTTP/1.1,contacts,,200,,,http://20.210.36.32:8080/prediction/knn,,
http_req_waiting,1678217727,2230.241576,,,,true,,POST,http://20.210.36.32:8080/prediction/knn,HTTP/1.1,contacts,,200,,,http://20.210.36.32:8080/prediction/knn,,
http_req_receiving,1678217727,0.237201,,,,true,,POST,http://20.210.36.32:8080/prediction/knn,HTTP/1.1,contacts,,200,,,http://20.210.36.32:8080/prediction/knn,,
http_req_failed,1678217727,0.000000,,,,true,,POST,http://20.210.36.32:8080/prediction/knn,HTTP/1.1,contacts,,200,,,http://20.210.36.32:8080/prediction/knn,,
responseTime,1678217727,2230.554378,,,,,,,,,contacts,,,,,,,
data_sent,1678217727,2088.000000,,,,,,,,,contacts,,,,,,,
data_received,1678217727,199.000000,,,,,,,,,contacts,,,,,,,
iteration_duration,1678217727,2233.536094,,,,,,,,,contacts,,,,,,,
iterations,1678217727,1.000000,,,,,,,,,contacts,,,,,,,
http_reqs,1678217727,1.000000,,,,true,,POST,http://20.210.36.32:8080/prediction/knn,HTTP/1.1,contacts,,200,,,http://20.210.36.32:8080/prediction/knn,,
http_req_duration,1678217727,2202.154322,,,,true,,POST,http://20.210.36.32:8080/prediction/knn,HTTP/1.1,contacts,,200,,,http://20.210.36.32:8080/prediction/knn,,
http_req_blocked,1678217727,2.286812,,,,true,,POST,http://20.210.36.32:8080/prediction/knn,HTTP/1.1,contacts,,200,,,http://20.210.36.32:8080/prediction/knn,,
http_req_connecting,1678217727,2.229212,,,,true,,POST,http://20.210.36.32:8080/prediction/knn,HTTP/1.1,contacts,,200,,,http://20.210.36.32:8080/prediction/knn,,
http_req_tls_handshaking,1678217727,0.000000,,,,true,,POST,http://20.210.36.32:8080/prediction/knn,HTTP/1.1,contacts,,200,,,http://20.210.36.32:8080/prediction/knn,,
http_req_sending,1678217727,0.043600,,,,true,,POST,http://20.210.36.32:8080/prediction/knn,HTTP/1.1,contacts,,200,,,http://20.210.36.32:8080/prediction/knn,,
http_req_waiting,1678217727,2201.999321,,,,true,,POST,http://20.210.36.32:8080/prediction/knn,HTTP/1.1,contacts,,200,,,http://20.210.36.32:8080/prediction/knn,,
http_req_receiving,1678217727,0.111401,,,,true,,POST,http://20.210.36.32:8080/prediction/knn,HTTP/1.1,contacts,,200,,,http://20.210.36.32:8080/prediction/knn,,
http_req_failed,1678217727,0.000000,,,,true,,POST,http://20.210.36.32:8080/prediction/knn,HTTP/1.1,contacts,,200,,,http://20.210.36.32:8080/prediction/knn,,
responseTime,1678217727,2202.154322,,,,,,,,,contacts,,,,,,,
data_sent,1678217727,2088.000000,,,,,,,,,contacts,,,,,,,
data_received,1678217727,199.000000,,,,,,,,,contacts,,,,,,,
iteration_duration,1678217727,2204.935437,,,,,,,,,contacts,,,,,,,
iterations,1678217727,1.000000,,,,,,,,,contacts,,,,,,,
http_reqs,1678217727,1.000000,,,,true,,POST,http://20.210.36.32:8080/prediction/knn,HTTP/1.1,contacts,,200,,,http://20.210.36.32:8080/prediction/knn,,
http_req_duration,1678217727,2220.515222,,,,true,,POST,http://20.210.36.32:8080/prediction/knn,HTTP/1.1,contacts,,200,,,http://20.210.36.32:8080/prediction/knn,,
http_req_blocked,1678217727,2.314213,,,,true,,POST,http://20.210.36.32:8080/prediction/knn,HTTP/1.1,contacts,,200,,,http://20.210.36.32:8080/prediction/knn,,
http_req_connecting,1678217727,2.246713,,,,true,,POST,http://20.210.36.32:8080/prediction/knn,HTTP/1.1,contacts,,200,,,http://20.210.36.32:8080/prediction/knn,,
http_req_tls_handshaking,1678217727,0.000000,,,,true,,POST,http://20.210.36.32:8080/prediction/knn,HTTP/1.1,contacts,,200,,,http://20.210.36.32:8080/prediction/knn,,
http_req_sending,1678217727,0.052000,,,,true,,POST,http://20.210.36.32:8080/prediction/knn,HTTP/1.1,contacts,,200,,,http://20.210.36.32:8080/prediction/knn,,
http_req_waiting,1678217727,2220.348022,,,,true,,POST,http://20.210.36.32:8080/prediction/knn,HTTP/1.1,contacts,,200,,,http://20.210.36.32:8080/prediction/knn,,
http_req_receiving,1678217727,0.115200,,,,true,,POST,http://20.210.36.32:8080/prediction/knn,HTTP/1.1,contacts,,200,,,http://20.210.36.32:8080/prediction/knn,,
http_req_failed,1678217727,0.000000,,,,true,,POST,http://20.210.36.32:8080/prediction/knn,HTTP/1.1,contacts,,200,,,http://20.210.36.32:8080/prediction/knn,,
responseTime,1678217727,2220.515222,,,,,,,,,contacts,,,,,,,
data_sent,1678217727,2088.000000,,,,,,,,,contacts,,,,,,,
data_received,1678217727,199.000000,,,,,,,,,contacts,,,,,,,
iteration_duration,1678217727,2223.221637,,,,,,,,,contacts,,,,,,,
iterations,1678217727,1.000000,,,,,,,,,contacts,,,,,,,
data_sent,1678217727,2088.000000,,,,,,,,,contacts,,,,,,,
data_received,1678217727,0.000000,,,,,,,,,contacts,,,,,,,
http_reqs,1678217727,1.000000,,,,true,,POST,http://20.210.36.32:8080/prediction/knn,HTTP/1.1,contacts,,200,,,http://20.210.36.32:8080/prediction/knn,,
http_req_duration,1678217727,2205.266539,,,,true,,POST,http://20.210.36.32:8080/prediction/knn,HTTP/1.1,contacts,,200,,,http://20.210.36.32:8080/prediction/knn,,
http_req_blocked,1678217727,2.555015,,,,true,,POST,http://20.210.36.32:8080/prediction/knn,HTTP/1.1,contacts,,200,,,http://20.210.36.32:8080/prediction/knn,,
http_req_connecting,1678217727,2.451813,,,,true,,POST,http://20.210.36.32:8080/prediction/knn,HTTP/1.1,contacts,,200,,,http://20.210.36.32:8080/prediction/knn,,
http_req_tls_handshaking,1678217727,0.000000,,,,true,,POST,http://20.210.36.32:8080/prediction/knn,HTTP/1.1,contacts,,200,,,http://20.210.36.32:8080/prediction/knn,,
http_req_sending,1678217727,0.091201,,,,true,,POST,http://20.210.36.32:8080/prediction/knn,HTTP/1.1,contacts,,200,,,http://20.210.36.32:8080/prediction/knn,,
http_req_waiting,1678217727,2205.085837,,,,true,,POST,http://20.210.36.32:8080/prediction/knn,HTTP/1.1,contacts,,200,,,http://20.210.36.32:8080/prediction/knn,,
http_req_receiving,1678217727,0.089501,,,,true,,POST,http://20.210.36.32:8080/prediction/knn,HTTP/1.1,contacts,,200,,,http://20.210.36.32:8080/prediction/knn,,
http_req_failed,1678217727,0.000000,,,,true,,POST,http://20.210.36.32:8080/prediction/knn,HTTP/1.1,contacts,,200,,,http://20.210.36.32:8080/prediction/knn,,
responseTime,1678217727,2205.266539,,,,,,,,,contacts,,,,,,,
data_sent,1678217727,2088.000000,,,,,,,,,contacts,,,,,,,
data_received,1678217727,199.000000,,,,,,,,,contacts,,,,,,,
iteration_duration,1678217727,2208.284155,,,,,,,,,contacts,,,,,,,
iterations,1678217727,1.000000,,,,,,,,,contacts,,,,,,,
http_reqs,1678217727,1.000000,,,,true,,POST,http://20.210.36.32:8080/prediction/knn,HTTP/1.1,contacts,,200,,,http://20.210.36.32:8080/prediction/knn,,
http_req_duration,1678217727,2256.048218,,,,true,,POST,http://20.210.36.32:8080/prediction/knn,HTTP/1.1,contacts,,200,,,http://20.210.36.32:8080/prediction/knn,,
http_req_blocked,1678217727,3.331018,,,,true,,POST,http://20.210.36.32:8080/prediction/knn,HTTP/1.1,contacts,,200,,,http://20.210.36.32:8080/prediction/knn,,
http_req_connecting,1678217727,2.952716,,,,true,,POST,http://20.210.36.32:8080/prediction/knn,HTTP/1.1,contacts,,200,,,http://20.210.36.32:8080/prediction/knn,,
http_req_tls_handshaking,1678217727,0.000000,,,,true,,POST,http://20.210.36.32:8080/prediction/knn,HTTP/1.1,contacts,,200,,,http://20.210.36.32:8080/prediction/knn,,
http_req_sending,1678217727,0.051601,,,,true,,POST,http://20.210.36.32:8080/prediction/knn,HTTP/1.1,contacts,,200,,,http://20.210.36.32:8080/prediction/knn,,
http_req_waiting,1678217727,2255.893417,,,,true,,POST,http://20.210.36.32:8080/prediction/knn,HTTP/1.1,contacts,,200,,,http://20.210.36.32:8080/prediction/knn,,
http_req_receiving,1678217727,0.103200,,,,true,,POST,http://20.210.36.32:8080/prediction/knn,HTTP/1.1,contacts,,200,,,http://20.210.36.32:8080/prediction/knn,,
http_req_failed,1678217727,0.000000,,,,true,,POST,http://20.210.36.32:8080/prediction/knn,HTTP/1.1,contacts,,200,,,http://20.210.36.32:8080/prediction/knn,,
responseTime,1678217727,2256.048218,,,,,,,,,contacts,,,,,,,
data_sent,1678217727,2088.000000,,,,,,,,,contacts,,,,,,,
data_received,1678217727,199.000000,,,,,,,,,contacts,,,,,,,
iteration_duration,1678217727,2259.904540,,,,,,,,,contacts,,,,,,,
iterations,1678217727,1.000000,,,,,,,,,contacts,,,,,,,
http_reqs,1678217727,1.000000,,,,true,,POST,http://20.210.36.32:8080/prediction/knn,HTTP/1.1,contacts,,200,,,http://20.210.36.32:8080/prediction/knn,,
http_req_duration,1678217727,2188.440246,,,,true,,POST,http://20.210.36.32:8080/prediction/knn,HTTP/1.1,contacts,,200,,,http://20.210.36.32:8080/prediction/knn,,
http_req_blocked,1678217727,2.331312,,,,true,,POST,http://20.210.36.32:8080/prediction/knn,HTTP/1.1,contacts,,200,,,http://20.210.36.32:8080/prediction/knn,,
http_req_connecting,1678217727,2.200112,,,,true,,POST,http://20.210.36.32:8080/prediction/knn,HTTP/1.1,contacts,,200,,,http://20.210.36.32:8080/prediction/knn,,
http_req_tls_handshaking,1678217727,0.000000,,,,true,,POST,http://20.210.36.32:8080/prediction/knn,HTTP/1.1,contacts,,200,,,http://20.210.36.32:8080/prediction/knn,,
http_req_sending,1678217727,0.098601,,,,true,,POST,http://20.210.36.32:8080/prediction/knn,HTTP/1.1,contacts,,200,,,http://20.210.36.32:8080/prediction/knn,,
http_req_waiting,1678217727,2188.199044,,,,true,,POST,http://20.210.36.32:8080/prediction/knn,HTTP/1.1,contacts,,200,,,http://20.210.36.32:8080/prediction/knn,,
http_req_receiving,1678217727,0.142601,,,,true,,POST,http://20.210.36.32:8080/prediction/knn,HTTP/1.1,contacts,,200,,,http://20.210.36.32:8080/prediction/knn,,
http_req_failed,1678217727,0.000000,,,,true,,POST,http://20.210.36.32:8080/prediction/knn,HTTP/1.1,contacts,,200,,,http://20.210.36.32:8080/prediction/knn,,
responseTime,1678217727,2188.440246,,,,,,,,,contacts,,,,,,,
data_sent,1678217727,2088.000000,,,,,,,,,contacts,,,,,,,
data_received,1678217727,199.000000,,,,,,,,,contacts,,,,,,,
iteration_duration,1678217727,2191.140461,,,,,,,,,contacts,,,,,,,
iterations,1678217727,1.000000,,,,,,,,,contacts,,,,,,,
http_reqs,1678217727,1.000000,,,,true,,POST,http://20.210.36.32:8080/prediction/knn,HTTP/1.1,contacts,,200,,,http://20.210.36.32:8080/prediction/knn,,
http_req_duration,1678217727,2155.390364,,,,true,,POST,http://20.210.36.32:8080/prediction/knn,HTTP/1.1,contacts,,200,,,http://20.210.36.32:8080/prediction/knn,,
http_req_blocked,1678217727,2.348313,,,,true,,POST,http://20.210.36.32:8080/prediction/knn,HTTP/1.1,contacts,,200,,,http://20.210.36.32:8080/prediction/knn,,
http_req_connecting,1678217727,2.214212,,,,true,,POST,http://20.210.36.32:8080/prediction/knn,HTTP/1.1,contacts,,200,,,http://20.210.36.32:8080/prediction/knn,,
http_req_tls_handshaking,1678217727,0.000000,,,,true,,POST,http://20.210.36.32:8080/prediction/knn,HTTP/1.1,contacts,,200,,,http://20.210.36.32:8080/prediction/knn,,
http_req_sending,1678217727,0.106700,,,,true,,POST,http://20.210.36.32:8080/prediction/knn,HTTP/1.1,contacts,,200,,,http://20.210.36.32:8080/prediction/knn,,
http_req_waiting,1678217727,2155.215663,,,,true,,POST,http://20.210.36.32:8080/prediction/knn,HTTP/1.1,contacts,,200,,,http://20.210.36.32:8080/prediction/knn,,
http_req_receiving,1678217727,0.068001,,,,true,,POST,http://20.210.36.32:8080/prediction/knn,HTTP/1.1,contacts,,200,,,http://20.210.36.32:8080/prediction/knn,,
http_req_failed,1678217727,0.000000,,,,true,,POST,http://20.210.36.32:8080/prediction/knn,HTTP/1.1,contacts,,200,,,http://20.210.36.32:8080/prediction/knn,,
responseTime,1678217727,2155.390364,,,,,,,,,contacts,,,,,,,
data_sent,1678217727,2088.000000,,,,,,,,,contacts,,,,,,,
data_received,1678217727,199.000000,,,,,,,,,contacts,,,,,,,
iteration_duration,1678217727,2158.079879,,,,,,,,,contacts,,,,,,,
iterations,1678217727,1.000000,,,,,,,,,contacts,,,,,,,
http_reqs,1678217727,1.000000,,,,true,,POST,http://20.210.36.32:8080/prediction/knn,HTTP/1.1,contacts,,200,,,http://20.210.36.32:8080/prediction/knn,,
http_req_duration,1678217727,2177.848087,,,,true,,POST,http://20.210.36.32:8080/prediction/knn,HTTP/1.1,contacts,,200,,,http://20.210.36.32:8080/prediction/knn,,
http_req_blocked,1678217727,2.225413,,,,true,,POST,http://20.210.36.32:8080/prediction/knn,HTTP/1.1,contacts,,200,,,http://20.210.36.32:8080/prediction/knn,,
http_req_connecting,1678217727,2.138012,,,,true,,POST,http://20.210.36.32:8080/prediction/knn,HTTP/1.1,contacts,,200,,,http://20.210.36.32:8080/prediction/knn,,
http_req_tls_handshaking,1678217727,0.000000,,,,true,,POST,http://20.210.36.32:8080/prediction/knn,HTTP/1.1,contacts,,200,,,http://20.210.36.32:8080/prediction/knn,,
http_req_sending,1678217727,0.068500,,,,true,,POST,http://20.210.36.32:8080/prediction/knn,HTTP/1.1,contacts,,200,,,http://20.210.36.32:8080/prediction/knn,,
http_req_waiting,1678217727,2177.690787,,,,true,,POST,http://20.210.36.32:8080/prediction/knn,HTTP/1.1,contacts,,200,,,http://20.210.36.32:8080/prediction/knn,,
http_req_receiving,1678217727,0.088800,,,,true,,POST,http://20.210.36.32:8080/prediction/knn,HTTP/1.1,contacts,,200,,,http://20.210.36.32:8080/prediction/knn,,
http_req_failed,1678217727,0.000000,,,,true,,POST,http://20.210.36.32:8080/prediction/knn,HTTP/1.1,contacts,,200,,,http://20.210.36.32:8080/prediction/knn,,
responseTime,1678217727,2177.848087,,,,,,,,,contacts,,,,,,,
data_sent,1678217727,2088.000000,,,,,,,,,contacts,,,,,,,
data_received,1678217727,199.000000,,,,,,,,,contacts,,,,,,,
iteration_duration,1678217727,2180.419802,,,,,,,,,contacts,,,,,,,
iterations,1678217727,1.000000,,,,,,,,,contacts,,,,,,,
http_reqs,1678217727,1.000000,,,,true,,POST,http://20.210.36.32:8080/prediction/knn,HTTP/1.1,contacts,,200,,,http://20.210.36.32:8080/prediction/knn,,
http_req_duration,1678217727,2123.819890,,,,true,,POST,http://20.210.36.32:8080/prediction/knn,HTTP/1.1,contacts,,200,,,http://20.210.36.32:8080/prediction/knn,,
http_req_blocked,1678217727,2.714515,,,,true,,POST,http://20.210.36.32:8080/prediction/knn,HTTP/1.1,contacts,,200,,,http://20.210.36.32:8080/prediction/knn,,
http_req_connecting,1678217727,2.601815,,,,true,,POST,http://20.210.36.32:8080/prediction/knn,HTTP/1.1,contacts,,200,,,http://20.210.36.32:8080/prediction/knn,,
http_req_tls_handshaking,1678217727,0.000000,,,,true,,POST,http://20.210.36.32:8080/prediction/knn,HTTP/1.1,contacts,,200,,,http://20.210.36.32:8080/prediction/knn,,
http_req_sending,1678217727,0.067700,,,,true,,POST,http://20.210.36.32:8080/prediction/knn,HTTP/1.1,contacts,,200,,,http://20.210.36.32:8080/prediction/knn,,
http_req_waiting,1678217727,2123.557389,,,,true,,POST,http://20.210.36.32:8080/prediction/knn,HTTP/1.1,contacts,,200,,,http://20.210.36.32:8080/prediction/knn,,
http_req_receiving,1678217727,0.194801,,,,true,,POST,http://20.210.36.32:8080/prediction/knn,HTTP/1.1,contacts,,200,,,http://20.210.36.32:8080/prediction/knn,,
http_req_failed,1678217727,0.000000,,,,true,,POST,http://20.210.36.32:8080/prediction/knn,HTTP/1.1,contacts,,200,,,http://20.210.36.32:8080/prediction/knn,,
responseTime,1678217727,2123.819890,,,,,,,,,contacts,,,,,,,
data_sent,1678217727,2088.000000,,,,,,,,,contacts,,,,,,,
data_received,1678217727,199.000000,,,,,,,,,contacts,,,,,,,
iteration_duration,1678217727,2127.512510,,,,,,,,,contacts,,,,,,,
iterations,1678217727,1.000000,,,,,,,,,contacts,,,,,,,
data_sent,1678217727,2088.000000,,,,,,,,,contacts,,,,,,,
data_received,1678217727,0.000000,,,,,,,,,contacts,,,,,,,
http_reqs,1678217728,1.000000,,,,true,,POST,http://20.210.36.32:8080/prediction/knn,HTTP/1.1,contacts,,200,,,http://20.210.36.32:8080/prediction/knn,,
http_req_duration,1678217728,2111.945825,,,,true,,POST,http://20.210.36.32:8080/prediction/knn,HTTP/1.1,contacts,,200,,,http://20.210.36.32:8080/prediction/knn,,
http_req_blocked,1678217728,3.556020,,,,true,,POST,http://20.210.36.32:8080/prediction/knn,HTTP/1.1,contacts,,200,,,http://20.210.36.32:8080/prediction/knn,,
http_req_connecting,1678217728,3.454919,,,,true,,POST,http://20.210.36.32:8080/prediction/knn,HTTP/1.1,contacts,,200,,,http://20.210.36.32:8080/prediction/knn,,
http_req_tls_handshaking,1678217728,0.000000,,,,true,,POST,http://20.210.36.32:8080/prediction/knn,HTTP/1.1,contacts,,200,,,http://20.210.36.32:8080/prediction/knn,,
http_req_sending,1678217728,0.074000,,,,true,,POST,http://20.210.36.32:8080/prediction/knn,HTTP/1.1,contacts,,200,,,http://20.210.36.32:8080/prediction/knn,,
http_req_waiting,1678217728,2111.779124,,,,true,,POST,http://20.210.36.32:8080/prediction/knn,HTTP/1.1,contacts,,200,,,http://20.210.36.32:8080/prediction/knn,,
http_req_receiving,1678217728,0.092701,,,,true,,POST,http://20.210.36.32:8080/prediction/knn,HTTP/1.1,contacts,,200,,,http://20.210.36.32:8080/prediction/knn,,
http_req_failed,1678217728,0.000000,,,,true,,POST,http://20.210.36.32:8080/prediction/knn,HTTP/1.1,contacts,,200,,,http://20.210.36.32:8080/prediction/knn,,
responseTime,1678217728,2111.945825,,,,,,,,,contacts,,,,,,,
data_sent,1678217728,2088.000000,,,,,,,,,contacts,,,,,,,
data_received,1678217728,199.000000,,,,,,,,,contacts,,,,,,,
iteration_duration,1678217728,2116.005048,,,,,,,,,contacts,,,,,,,
iterations,1678217728,1.000000,,,,,,,,,contacts,,,,,,,
http_reqs,1678217728,1.000000,,,,true,,POST,http://20.210.36.32:8080/prediction/knn,HTTP/1.1,contacts,,200,,,http://20.210.36.32:8080/prediction/knn,,
http_req_duration,1678217728,2115.752246,,,,true,,POST,http://20.210.36.32:8080/prediction/knn,HTTP/1.1,contacts,,200,,,http://20.210.36.32:8080/prediction/knn,,
http_req_blocked,1678217728,3.704620,,,,true,,POST,http://20.210.36.32:8080/prediction/knn,HTTP/1.1,contacts,,200,,,http://20.210.36.32:8080/prediction/knn,,
http_req_connecting,1678217728,3.646720,,,,true,,POST,http://20.210.36.32:8080/prediction/knn,HTTP/1.1,contacts,,200,,,http://20.210.36.32:8080/prediction/knn,,
http_req_tls_handshaking,1678217728,0.000000,,,,true,,POST,http://20.210.36.32:8080/prediction/knn,HTTP/1.1,contacts,,200,,,http://20.210.36.32:8080/prediction/knn,,
http_req_sending,1678217728,0.066600,,,,true,,POST,http://20.210.36.32:8080/prediction/knn,HTTP/1.1,contacts,,200,,,http://20.210.36.32:8080/prediction/knn,,
http_req_waiting,1678217728,2115.621645,,,,true,,POST,http://20.210.36.32:8080/prediction/knn,HTTP/1.1,contacts,,200,,,http://20.210.36.32:8080/prediction/knn,,
http_req_receiving,1678217728,0.064001,,,,true,,POST,http://20.210.36.32:8080/prediction/knn,HTTP/1.1,contacts,,200,,,http://20.210.36.32:8080/prediction/knn,,
http_req_failed,1678217728,0.000000,,,,true,,POST,http://20.210.36.32:8080/prediction/knn,HTTP/1.1,contacts,,200,,,http://20.210.36.32:8080/prediction/knn,,
responseTime,1678217728,2115.752246,,,,,,,,,contacts,,,,,,,
data_sent,1678217728,2088.000000,,,,,,,,,contacts,,,,,,,
data_received,1678217728,199.000000,,,,,,,,,contacts,,,,,,,
iteration_duration,1678217728,2119.849469,,,,,,,,,contacts,,,,,,,
iterations,1678217728,1.000000,,,,,,,,,contacts,,,,,,,
http_reqs,1678217728,1.000000,,,,true,,POST,http://20.210.36.32:8080/prediction/knn,HTTP/1.1,contacts,,200,,,http://20.210.36.32:8080/prediction/knn,,
http_req_duration,1678217728,2102.578073,,,,true,,POST,http://20.210.36.32:8080/prediction/knn,HTTP/1.1,contacts,,200,,,http://20.210.36.32:8080/prediction/knn,,
http_req_blocked,1678217728,3.353819,,,,true,,POST,http://20.210.36.32:8080/prediction/knn,HTTP/1.1,contacts,,200,,,http://20.210.36.32:8080/prediction/knn,,
http_req_connecting,1678217728,3.298518,,,,true,,POST,http://20.210.36.32:8080/prediction/knn,HTTP/1.1,contacts,,200,,,http://20.210.36.32:8080/prediction/knn,,
http_req_tls_handshaking,1678217728,0.000000,,,,true,,POST,http://20.210.36.32:8080/prediction/knn,HTTP/1.1,contacts,,200,,,http://20.210.36.32:8080/prediction/knn,,
http_req_sending,1678217728,0.050600,,,,true,,POST,http://20.210.36.32:8080/prediction/knn,HTTP/1.1,contacts,,200,,,http://20.210.36.32:8080/prediction/knn,,
http_req_waiting,1678217728,2100.889464,,,,true,,POST,http://20.210.36.32:8080/prediction/knn,HTTP/1.1,contacts,,200,,,http://20.210.36.32:8080/prediction/knn,,
http_req_receiving,1678217728,1.638009,,,,true,,POST,http://20.210.36.32:8080/prediction/knn,HTTP/1.1,contacts,,200,,,http://20.210.36.32:8080/prediction/knn,,
http_req_failed,1678217728,0.000000,,,,true,,POST,http://20.210.36.32:8080/prediction/knn,HTTP/1.1,contacts,,200,,,http://20.210.36.32:8080/prediction/knn,,
responseTime,1678217728,2102.578073,,,,,,,,,contacts,,,,,,,
data_sent,1678217728,2088.000000,,,,,,,,,contacts,,,,,,,
data_received,1678217728,199.000000,,,,,,,,,contacts,,,,,,,
iteration_duration,1678217728,2106.479495,,,,,,,,,contacts,,,,,,,
iterations,1678217728,1.000000,,,,,,,,,contacts,,,,,,,
http_reqs,1678217728,1.000000,,,,true,,POST,http://20.210.36.32:8080/prediction/knn,HTTP/1.1,contacts,,200,,,http://20.210.36.32:8080/prediction/knn,,
http_req_duration,1678217728,2096.211939,,,,true,,POST,http://20.210.36.32:8080/prediction/knn,HTTP/1.1,contacts,,200,,,http://20.210.36.32:8080/prediction/knn,,
http_req_blocked,1678217728,3.642320,,,,true,,POST,http://20.210.36.32:8080/prediction/knn,HTTP/1.1,contacts,,200,,,http://20.210.36.32:8080/prediction/knn,,
http_req_connecting,1678217728,3.566419,,,,true,,POST,http://20.210.36.32:8080/prediction/knn,HTTP/1.1,contacts,,200,,,http://20.210.36.32:8080/prediction/knn,,
http_req_tls_handshaking,1678217728,0.000000,,,,true,,POST,http://20.210.36.32:8080/prediction/knn,HTTP/1.1,contacts,,200,,,http://20.210.36.32:8080/prediction/knn,,
http_req_sending,1678217728,0.048801,,,,true,,POST,http://20.210.36.32:8080/prediction/knn,HTTP/1.1,contacts,,200,,,http://20.210.36.32:8080/prediction/knn,,
http_req_waiting,1678217728,2095.603835,,,,true,,POST,http://20.210.36.32:8080/prediction/knn,HTTP/1.1,contacts,,200,,,http://20.210.36.32:8080/prediction/knn,,
http_req_receiving,1678217728,0.559303,,,,true,,POST,http://20.210.36.32:8080/prediction/knn,HTTP/1.1,contacts,,200,,,http://20.210.36.32:8080/prediction/knn,,
http_req_failed,1678217728,0.000000,,,,true,,POST,http://20.210.36.32:8080/prediction/knn,HTTP/1.1,contacts,,200,,,http://20.210.36.32:8080/prediction/knn,,
responseTime,1678217728,2096.211939,,,,,,,,,contacts,,,,,,,
data_sent,1678217728,2088.000000,,,,,,,,,contacts,,,,,,,
data_received,1678217728,199.000000,,,,,,,,,contacts,,,,,,,
iteration_duration,1678217728,2100.322561,,,,,,,,,contacts,,,,,,,
iterations,1678217728,1.000000,,,,,,,,,contacts,,,,,,,
http_reqs,1678217728,1.000000,,,,true,,POST,http://20.210.36.32:8080/prediction/knn,HTTP/1.1,contacts,,200,,,http://20.210.36.32:8080/prediction/knn,,
http_req_duration,1678217728,2127.040508,,,,true,,POST,http://20.210.36.32:8080/prediction/knn,HTTP/1.1,contacts,,200,,,http://20.210.36.32:8080/prediction/knn,,
http_req_blocked,1678217728,3.780621,,,,true,,POST,http://20.210.36.32:8080/prediction/knn,HTTP/1.1,contacts,,200,,,http://20.210.36.32:8080/prediction/knn,,
http_req_connecting,1678217728,3.726521,,,,true,,POST,http://20.210.36.32:8080/prediction/knn,HTTP/1.1,contacts,,200,,,http://20.210.36.32:8080/prediction/knn,,
http_req_tls_handshaking,1678217728,0.000000,,,,true,,POST,http://20.210.36.32:8080/prediction/knn,HTTP/1.1,contacts,,200,,,http://20.210.36.32:8080/prediction/knn,,
http_req_sending,1678217728,0.077400,,,,true,,POST,http://20.210.36.32:8080/prediction/knn,HTTP/1.1,contacts,,200,,,http://20.210.36.32:8080/prediction/knn,,
http_req_waiting,1678217728,2126.893907,,,,true,,POST,http://20.210.36.32:8080/prediction/knn,HTTP/1.1,contacts,,200,,,http://20.210.36.32:8080/prediction/knn,,
http_req_receiving,1678217728,0.069201,,,,true,,POST,http://20.210.36.32:8080/prediction/knn,HTTP/1.1,contacts,,200,,,http://20.210.36.32:8080/prediction/knn,,
http_req_failed,1678217728,0.000000,,,,true,,POST,http://20.210.36.32:8080/prediction/knn,HTTP/1.1,contacts,,200,,,http://20.210.36.32:8080/prediction/knn,,
responseTime,1678217728,2127.040508,,,,,,,,,contacts,,,,,,,
data_sent,1678217728,2088.000000,,,,,,,,,contacts,,,,,,,
data_received,1678217728,199.000000,,,,,,,,,contacts,,,,,,,
iteration_duration,1678217728,2131.304431,,,,,,,,,contacts,,,,,,,
iterations,1678217728,1.000000,,,,,,,,,contacts,,,,,,,
data_sent,1678217728,2088.000000,,,,,,,,,contacts,,,,,,,
data_received,1678217728,0.000000,,,,,,,,,contacts,,,,,,,
http_reqs,1678217728,1.000000,,,,true,,POST,http://20.210.36.32:8080/prediction/knn,HTTP/1.1,contacts,,200,,,http://20.210.36.32:8080/prediction/knn,,
http_req_duration,1678217728,2151.763244,,,,true,,POST,http://20.210.36.32:8080/prediction/knn,HTTP/1.1,contacts,,200,,,http://20.210.36.32:8080/prediction/knn,,
http_req_blocked,1678217728,4.068822,,,,true,,POST,http://20.210.36.32:8080/prediction/knn,HTTP/1.1,contacts,,200,,,http://20.210.36.32:8080/prediction/knn,,
http_req_connecting,1678217728,4.007622,,,,true,,POST,http://20.210.36.32:8080/prediction/knn,HTTP/1.1,contacts,,200,,,http://20.210.36.32:8080/prediction/knn,,
http_req_tls_handshaking,1678217728,0.000000,,,,true,,POST,http://20.210.36.32:8080/prediction/knn,HTTP/1.1,contacts,,200,,,http://20.210.36.32:8080/prediction/knn,,
http_req_sending,1678217728,0.055800,,,,true,,POST,http://20.210.36.32:8080/prediction/knn,HTTP/1.1,contacts,,200,,,http://20.210.36.32:8080/prediction/knn,,
http_req_waiting,1678217728,2151.612444,,,,true,,POST,http://20.210.36.32:8080/prediction/knn,HTTP/1.1,contacts,,200,,,http://20.210.36.32:8080/prediction/knn,,
http_req_receiving,1678217728,0.095000,,,,true,,POST,http://20.210.36.32:8080/prediction/knn,HTTP/1.1,contacts,,200,,,http://20.210.36.32:8080/prediction/knn,,
http_req_failed,1678217728,0.000000,,,,true,,POST,http://20.210.36.32:8080/prediction/knn,HTTP/1.1,contacts,,200,,,http://20.210.36.32:8080/prediction/knn,,
responseTime,1678217728,2151.763244,,,,,,,,,contacts,,,,,,,
data_sent,1678217728,2088.000000,,,,,,,,,contacts,,,,,,,
data_received,1678217728,199.000000,,,,,,,,,contacts,,,,,,,
iteration_duration,1678217728,2156.384670,,,,,,,,,contacts,,,,,,,
iterations,1678217728,1.000000,,,,,,,,,contacts,,,,,,,
http_reqs,1678217728,1.000000,,,,true,,POST,http://20.210.36.32:8080/prediction/knn,HTTP/1.1,contacts,,200,,,http://20.210.36.32:8080/prediction/knn,,
http_req_duration,1678217728,2162.156602,,,,true,,POST,http://20.210.36.32:8080/prediction/knn,HTTP/1.1,contacts,,200,,,http://20.210.36.32:8080/prediction/knn,,
http_req_blocked,1678217728,5.669732,,,,true,,POST,http://20.210.36.32:8080/prediction/knn,HTTP/1.1,contacts,,200,,,http://20.210.36.32:8080/prediction/knn,,
http_req_connecting,1678217728,5.600730,,,,true,,POST,http://20.210.36.32:8080/prediction/knn,HTTP/1.1,contacts,,200,,,http://20.210.36.32:8080/prediction/knn,,
http_req_tls_handshaking,1678217728,0.000000,,,,true,,POST,http://20.210.36.32:8080/prediction/knn,HTTP/1.1,contacts,,200,,,http://20.210.36.32:8080/prediction/knn,,
http_req_sending,1678217728,0.045301,,,,true,,POST,http://20.210.36.32:8080/prediction/knn,HTTP/1.1,contacts,,200,,,http://20.210.36.32:8080/prediction/knn,,
http_req_waiting,1678217728,2162.007600,,,,true,,POST,http://20.210.36.32:8080/prediction/knn,HTTP/1.1,contacts,,200,,,http://20.210.36.32:8080/prediction/knn,,
http_req_receiving,1678217728,0.103701,,,,true,,POST,http://20.210.36.32:8080/prediction/knn,HTTP/1.1,contacts,,200,,,http://20.210.36.32:8080/prediction/knn,,
http_req_failed,1678217728,0.000000,,,,true,,POST,http://20.210.36.32:8080/prediction/knn,HTTP/1.1,contacts,,200,,,http://20.210.36.32:8080/prediction/knn,,
responseTime,1678217728,2162.156602,,,,,,,,,contacts,,,,,,,
data_sent,1678217728,2088.000000,,,,,,,,,contacts,,,,,,,
data_received,1678217728,199.000000,,,,,,,,,contacts,,,,,,,
iteration_duration,1678217728,2168.971339,,,,,,,,,contacts,,,,,,,
iterations,1678217728,1.000000,,,,,,,,,contacts,,,,,,,
data_sent,1678217728,2088.000000,,,,,,,,,contacts,,,,,,,
data_received,1678217728,0.000000,,,,,,,,,contacts,,,,,,,
http_reqs,1678217728,1.000000,,,,true,,POST,http://20.210.36.32:8080/prediction/knn,HTTP/1.1,contacts,,200,,,http://20.210.36.32:8080/prediction/knn,,
http_req_duration,1678217728,2090.121805,,,,true,,POST,http://20.210.36.32:8080/prediction/knn,HTTP/1.1,contacts,,200,,,http://20.210.36.32:8080/prediction/knn,,
http_req_blocked,1678217728,4.034922,,,,true,,POST,http://20.210.36.32:8080/prediction/knn,HTTP/1.1,contacts,,200,,,http://20.210.36.32:8080/prediction/knn,,
http_req_connecting,1678217728,3.944222,,,,true,,POST,http://20.210.36.32:8080/prediction/knn,HTTP/1.1,contacts,,200,,,http://20.210.36.32:8080/prediction/knn,,
http_req_tls_handshaking,1678217728,0.000000,,,,true,,POST,http://20.210.36.32:8080/prediction/knn,HTTP/1.1,contacts,,200,,,http://20.210.36.32:8080/prediction/knn,,
http_req_sending,1678217728,0.102301,,,,true,,POST,http://20.210.36.32:8080/prediction/knn,HTTP/1.1,contacts,,200,,,http://20.210.36.32:8080/prediction/knn,,
http_req_waiting,1678217728,2089.914403,,,,true,,POST,http://20.210.36.32:8080/prediction/knn,HTTP/1.1,contacts,,200,,,http://20.210.36.32:8080/prediction/knn,,
http_req_receiving,1678217728,0.105101,,,,true,,POST,http://20.210.36.32:8080/prediction/knn,HTTP/1.1,contacts,,200,,,http://20.210.36.32:8080/prediction/knn,,
http_req_failed,1678217728,0.000000,,,,true,,POST,http://20.210.36.32:8080/prediction/knn,HTTP/1.1,contacts,,200,,,http://20.210.36.32:8080/prediction/knn,,
responseTime,1678217728,2090.121805,,,,,,,,,contacts,,,,,,,
data_sent,1678217728,2088.000000,,,,,,,,,contacts,,,,,,,
data_received,1678217728,199.000000,,,,,,,,,contacts,,,,,,,
iteration_duration,1678217728,2094.543229,,,,,,,,,contacts,,,,,,,
iterations,1678217728,1.000000,,,,,,,,,contacts,,,,,,,
data_sent,1678217728,2088.000000,,,,,,,,,contacts,,,,,,,
data_received,1678217728,0.000000,,,,,,,,,contacts,,,,,,,
http_reqs,1678217728,1.000000,,,,true,,POST,http://20.210.36.32:8080/prediction/knn,HTTP/1.1,contacts,,200,,,http://20.210.36.32:8080/prediction/knn,,
http_req_duration,1678217728,2268.737788,,,,true,,POST,http://20.210.36.32:8080/prediction/knn,HTTP/1.1,contacts,,200,,,http://20.210.36.32:8080/prediction/knn,,
http_req_blocked,1678217728,3.562220,,,,true,,POST,http://20.210.36.32:8080/prediction/knn,HTTP/1.1,contacts,,200,,,http://20.210.36.32:8080/prediction/knn,,
http_req_connecting,1678217728,3.466319,,,,true,,POST,http://20.210.36.32:8080/prediction/knn,HTTP/1.1,contacts,,200,,,http://20.210.36.32:8080/prediction/knn,,
http_req_tls_handshaking,1678217728,0.000000,,,,true,,POST,http://20.210.36.32:8080/prediction/knn,HTTP/1.1,contacts,,200,,,http://20.210.36.32:8080/prediction/knn,,
http_req_sending,1678217728,0.058100,,,,true,,POST,http://20.210.36.32:8080/prediction/knn,HTTP/1.1,contacts,,200,,,http://20.210.36.32:8080/prediction/knn,,
http_req_waiting,1678217728,2267.629482,,,,true,,POST,http://20.210.36.32:8080/prediction/knn,HTTP/1.1,contacts,,200,,,http://20.210.36.32:8080/prediction/knn,,
http_req_receiving,1678217728,1.050206,,,,true,,POST,http://20.210.36.32:8080/prediction/knn,HTTP/1.1,contacts,,200,,,http://20.210.36.32:8080/prediction/knn,,
http_req_failed,1678217728,0.000000,,,,true,,POST,http://20.210.36.32:8080/prediction/knn,HTTP/1.1,contacts,,200,,,http://20.210.36.32:8080/prediction/knn,,
responseTime,1678217728,2268.737788,,,,,,,,,contacts,,,,,,,
data_sent,1678217728,2088.000000,,,,,,,,,contacts,,,,,,,
data_received,1678217728,199.000000,,,,,,,,,contacts,,,,,,,
iteration_duration,1678217728,2272.733110,,,,,,,,,contacts,,,,,,,
iterations,1678217728,1.000000,,,,,,,,,contacts,,,,,,,
http_reqs,1678217728,1.000000,,,,true,,POST,http://20.210.36.32:8080/prediction/knn,HTTP/1.1,contacts,,200,,,http://20.210.36.32:8080/prediction/knn,,
http_req_duration,1678217728,2080.882454,,,,true,,POST,http://20.210.36.32:8080/prediction/knn,HTTP/1.1,contacts,,200,,,http://20.210.36.32:8080/prediction/knn,,
http_req_blocked,1678217728,4.830026,,,,true,,POST,http://20.210.36.32:8080/prediction/knn,HTTP/1.1,contacts,,200,,,http://20.210.36.32:8080/prediction/knn,,
http_req_connecting,1678217728,4.716726,,,,true,,POST,http://20.210.36.32:8080/prediction/knn,HTTP/1.1,contacts,,200,,,http://20.210.36.32:8080/prediction/knn,,
http_req_tls_handshaking,1678217728,0.000000,,,,true,,POST,http://20.210.36.32:8080/prediction/knn,HTTP/1.1,contacts,,200,,,http://20.210.36.32:8080/prediction/knn,,
http_req_sending,1678217728,0.081601,,,,true,,POST,http://20.210.36.32:8080/prediction/knn,HTTP/1.1,contacts,,200,,,http://20.210.36.32:8080/prediction/knn,,
http_req_waiting,1678217728,2074.310117,,,,true,,POST,http://20.210.36.32:8080/prediction/knn,HTTP/1.1,contacts,,200,,,http://20.210.36.32:8080/prediction/knn,,
http_req_receiving,1678217728,6.490736,,,,true,,POST,http://20.210.36.32:8080/prediction/knn,HTTP/1.1,contacts,,200,,,http://20.210.36.32:8080/prediction/knn,,
http_req_failed,1678217728,0.000000,,,,true,,POST,http://20.210.36.32:8080/prediction/knn,HTTP/1.1,contacts,,200,,,http://20.210.36.32:8080/prediction/knn,,
responseTime,1678217728,2080.882454,,,,,,,,,contacts,,,,,,,
data_sent,1678217728,2088.000000,,,,,,,,,contacts,,,,,,,
data_received,1678217728,199.000000,,,,,,,,,contacts,,,,,,,
iteration_duration,1678217728,2086.183484,,,,,,,,,contacts,,,,,,,
iterations,1678217728,1.000000,,,,,,,,,contacts,,,,,,,
http_reqs,1678217728,1.000000,,,,true,,POST,http://20.210.36.32:8080/prediction/knn,HTTP/1.1,contacts,,200,,,http://20.210.36.32:8080/prediction/knn,,
http_req_duration,1678217728,2158.951283,,,,true,,POST,http://20.210.36.32:8080/prediction/knn,HTTP/1.1,contacts,,200,,,http://20.210.36.32:8080/prediction/knn,,
http_req_blocked,1678217728,3.647420,,,,true,,POST,http://20.210.36.32:8080/prediction/knn,HTTP/1.1,contacts,,200,,,http://20.210.36.32:8080/prediction/knn,,
http_req_connecting,1678217728,3.587020,,,,true,,POST,http://20.210.36.32:8080/prediction/knn,HTTP/1.1,contacts,,200,,,http://20.210.36.32:8080/prediction/knn,,
http_req_tls_handshaking,1678217728,0.000000,,,,true,,POST,http://20.210.36.32:8080/prediction/knn,HTTP/1.1,contacts,,200,,,http://20.210.36.32:8080/prediction/knn,,
http_req_sending,1678217728,0.099500,,,,true,,POST,http://20.210.36.32:8080/prediction/knn,HTTP/1.1,contacts,,200,,,http://20.210.36.32:8080/prediction/knn,,
http_req_waiting,1678217728,2158.580382,,,,true,,POST,http://20.210.36.32:8080/prediction/knn,HTTP/1.1,contacts,,200,,,http://20.210.36.32:8080/prediction/knn,,
http_req_receiving,1678217728,0.271401,,,,true,,POST,http://20.210.36.32:8080/prediction/knn,HTTP/1.1,contacts,,200,,,http://20.210.36.32:8080/prediction/knn,,
http_req_failed,1678217728,0.000000,,,,true,,POST,http://20.210.36.32:8080/prediction/knn,HTTP/1.1,contacts,,200,,,http://20.210.36.32:8080/prediction/knn,,
responseTime,1678217728,2158.951283,,,,,,,,,contacts,,,,,,,
data_sent,1678217728,2088.000000,,,,,,,,,contacts,,,,,,,
data_received,1678217728,199.000000,,,,,,,,,contacts,,,,,,,
iteration_duration,1678217728,2162.990206,,,,,,,,,contacts,,,,,,,
iterations,1678217728,1.000000,,,,,,,,,contacts,,,,,,,
http_reqs,1678217728,1.000000,,,,true,,POST,http://20.210.36.32:8080/prediction/knn,HTTP/1.1,contacts,,200,,,http://20.210.36.32:8080/prediction/knn,,
http_req_duration,1678217728,2219.567617,,,,true,,POST,http://20.210.36.32:8080/prediction/knn,HTTP/1.1,contacts,,200,,,http://20.210.36.32:8080/prediction/knn,,
http_req_blocked,1678217728,3.996122,,,,true,,POST,http://20.210.36.32:8080/prediction/knn,HTTP/1.1,contacts,,200,,,http://20.210.36.32:8080/prediction/knn,,
http_req_connecting,1678217728,3.915022,,,,true,,POST,http://20.210.36.32:8080/prediction/knn,HTTP/1.1,contacts,,200,,,http://20.210.36.32:8080/prediction/knn,,
http_req_tls_handshaking,1678217728,0.000000,,,,true,,POST,http://20.210.36.32:8080/prediction/knn,HTTP/1.1,contacts,,200,,,http://20.210.36.32:8080/prediction/knn,,
http_req_sending,1678217728,0.058900,,,,true,,POST,http://20.210.36.32:8080/prediction/knn,HTTP/1.1,contacts,,200,,,http://20.210.36.32:8080/prediction/knn,,
http_req_waiting,1678217728,2219.415417,,,,true,,POST,http://20.210.36.32:8080/prediction/knn,HTTP/1.1,contacts,,200,,,http://20.210.36.32:8080/prediction/knn,,
http_req_receiving,1678217728,0.093300,,,,true,,POST,http://20.210.36.32:8080/prediction/knn,HTTP/1.1,contacts,,200,,,http://20.210.36.32:8080/prediction/knn,,
http_req_failed,1678217728,0.000000,,,,true,,POST,http://20.210.36.32:8080/prediction/knn,HTTP/1.1,contacts,,200,,,http://20.210.36.32:8080/prediction/knn,,
responseTime,1678217728,2219.567617,,,,,,,,,contacts,,,,,,,
data_sent,1678217728,2088.000000,,,,,,,,,contacts,,,,,,,
data_received,1678217728,199.000000,,,,,,,,,contacts,,,,,,,
iteration_duration,1678217728,2224.155642,,,,,,,,,contacts,,,,,,,
iterations,1678217728,1.000000,,,,,,,,,contacts,,,,,,,
http_reqs,1678217728,1.000000,,,,true,,POST,http://20.210.36.32:8080/prediction/knn,HTTP/1.1,contacts,,200,,,http://20.210.36.32:8080/prediction/knn,,
http_req_duration,1678217728,2063.743559,,,,true,,POST,http://20.210.36.32:8080/prediction/knn,HTTP/1.1,contacts,,200,,,http://20.210.36.32:8080/prediction/knn,,
http_req_blocked,1678217728,45.033448,,,,true,,POST,http://20.210.36.32:8080/prediction/knn,HTTP/1.1,contacts,,200,,,http://20.210.36.32:8080/prediction/knn,,
http_req_connecting,1678217728,44.957248,,,,true,,POST,http://20.210.36.32:8080/prediction/knn,HTTP/1.1,contacts,,200,,,http://20.210.36.32:8080/prediction/knn,,
http_req_tls_handshaking,1678217728,0.000000,,,,true,,POST,http://20.210.36.32:8080/prediction/knn,HTTP/1.1,contacts,,200,,,http://20.210.36.32:8080/prediction/knn,,
http_req_sending,1678217728,0.062200,,,,true,,POST,http://20.210.36.32:8080/prediction/knn,HTTP/1.1,contacts,,200,,,http://20.210.36.32:8080/prediction/knn,,
http_req_waiting,1678217728,2063.576059,,,,true,,POST,http://20.210.36.32:8080/prediction/knn,HTTP/1.1,contacts,,200,,,http://20.210.36.32:8080/prediction/knn,,
http_req_receiving,1678217728,0.105300,,,,true,,POST,http://20.210.36.32:8080/prediction/knn,HTTP/1.1,contacts,,200,,,http://20.210.36.32:8080/prediction/knn,,
http_req_failed,1678217728,0.000000,,,,true,,POST,http://20.210.36.32:8080/prediction/knn,HTTP/1.1,contacts,,200,,,http://20.210.36.32:8080/prediction/knn,,
responseTime,1678217728,2063.743559,,,,,,,,,contacts,,,,,,,
data_sent,1678217728,2088.000000,,,,,,,,,contacts,,,,,,,
data_received,1678217728,199.000000,,,,,,,,,contacts,,,,,,,
iteration_duration,1678217728,2109.639312,,,,,,,,,contacts,,,,,,,
iterations,1678217728,1.000000,,,,,,,,,contacts,,,,,,,
http_reqs,1678217728,1.000000,,,,true,,POST,http://20.210.36.32:8080/prediction/knn,HTTP/1.1,contacts,,200,,,http://20.210.36.32:8080/prediction/knn,,
http_req_duration,1678217728,2193.797576,,,,true,,POST,http://20.210.36.32:8080/prediction/knn,HTTP/1.1,contacts,,200,,,http://20.210.36.32:8080/prediction/knn,,
http_req_blocked,1678217728,4.551725,,,,true,,POST,http://20.210.36.32:8080/prediction/knn,HTTP/1.1,contacts,,200,,,http://20.210.36.32:8080/prediction/knn,,
http_req_connecting,1678217728,4.478524,,,,true,,POST,http://20.210.36.32:8080/prediction/knn,HTTP/1.1,contacts,,200,,,http://20.210.36.32:8080/prediction/knn,,
http_req_tls_handshaking,1678217728,0.000000,,,,true,,POST,http://20.210.36.32:8080/prediction/knn,HTTP/1.1,contacts,,200,,,http://20.210.36.32:8080/prediction/knn,,
http_req_sending,1678217728,0.052101,,,,true,,POST,http://20.210.36.32:8080/prediction/knn,HTTP/1.1,contacts,,200,,,http://20.210.36.32:8080/prediction/knn,,
http_req_waiting,1678217728,2184.961126,,,,true,,POST,http://20.210.36.32:8080/prediction/knn,HTTP/1.1,contacts,,200,,,http://20.210.36.32:8080/prediction/knn,,
http_req_receiving,1678217728,8.784349,,,,true,,POST,http://20.210.36.32:8080/prediction/knn,HTTP/1.1,contacts,,200,,,http://20.210.36.32:8080/prediction/knn,,
http_req_failed,1678217728,0.000000,,,,true,,POST,http://20.210.36.32:8080/prediction/knn,HTTP/1.1,contacts,,200,,,http://20.210.36.32:8080/prediction/knn,,
responseTime,1678217728,2193.797576,,,,,,,,,contacts,,,,,,,
data_sent,1678217728,2088.000000,,,,,,,,,contacts,,,,,,,
data_received,1678217728,199.000000,,,,,,,,,contacts,,,,,,,
iteration_duration,1678217728,2198.661102,,,,,,,,,contacts,,,,,,,
iterations,1678217728,1.000000,,,,,,,,,contacts,,,,,,,
http_reqs,1678217728,1.000000,,,,true,,POST,http://20.210.36.32:8080/prediction/knn,HTTP/1.1,contacts,,200,,,http://20.210.36.32:8080/prediction/knn,,
http_req_duration,1678217728,2068.793487,,,,true,,POST,http://20.210.36.32:8080/prediction/knn,HTTP/1.1,contacts,,200,,,http://20.210.36.32:8080/prediction/knn,,
http_req_blocked,1678217728,3.831121,,,,true,,POST,http://20.210.36.32:8080/prediction/knn,HTTP/1.1,contacts,,200,,,http://20.210.36.32:8080/prediction/knn,,
http_req_connecting,1678217728,3.768021,,,,true,,POST,http://20.210.36.32:8080/prediction/knn,HTTP/1.1,contacts,,200,,,http://20.210.36.32:8080/prediction/knn,,
http_req_tls_handshaking,1678217728,0.000000,,,,true,,POST,http://20.210.36.32:8080/prediction/knn,HTTP/1.1,contacts,,200,,,http://20.210.36.32:8080/prediction/knn,,
http_req_sending,1678217728,0.056100,,,,true,,POST,http://20.210.36.32:8080/prediction/knn,HTTP/1.1,contacts,,200,,,http://20.210.36.32:8080/prediction/knn,,
http_req_waiting,1678217728,2066.786776,,,,true,,POST,http://20.210.36.32:8080/prediction/knn,HTTP/1.1,contacts,,200,,,http://20.210.36.32:8080/prediction/knn,,
http_req_receiving,1678217728,1.950611,,,,true,,POST,http://20.210.36.32:8080/prediction/knn,HTTP/1.1,contacts,,200,,,http://20.210.36.32:8080/prediction/knn,,
http_req_failed,1678217728,0.000000,,,,true,,POST,http://20.210.36.32:8080/prediction/knn,HTTP/1.1,contacts,,200,,,http://20.210.36.32:8080/prediction/knn,,
responseTime,1678217728,2068.793487,,,,,,,,,contacts,,,,,,,
data_sent,1678217728,2088.000000,,,,,,,,,contacts,,,,,,,
data_received,1678217728,199.000000,,,,,,,,,contacts,,,,,,,
iteration_duration,1678217728,2073.026311,,,,,,,,,contacts,,,,,,,
iterations,1678217728,1.000000,,,,,,,,,contacts,,,,,,,
data_sent,1678217728,2088.000000,,,,,,,,,contacts,,,,,,,
data_received,1678217728,0.000000,,,,,,,,,contacts,,,,,,,
http_reqs,1678217728,1.000000,,,,true,,POST,http://20.210.36.32:8080/prediction/knn,HTTP/1.1,contacts,,200,,,http://20.210.36.32:8080/prediction/knn,,
http_req_duration,1678217728,2118.127259,,,,true,,POST,http://20.210.36.32:8080/prediction/knn,HTTP/1.1,contacts,,200,,,http://20.210.36.32:8080/prediction/knn,,
http_req_blocked,1678217728,3.451819,,,,true,,POST,http://20.210.36.32:8080/prediction/knn,HTTP/1.1,contacts,,200,,,http://20.210.36.32:8080/prediction/knn,,
http_req_connecting,1678217728,3.363518,,,,true,,POST,http://20.210.36.32:8080/prediction/knn,HTTP/1.1,contacts,,200,,,http://20.210.36.32:8080/prediction/knn,,
http_req_tls_handshaking,1678217728,0.000000,,,,true,,POST,http://20.210.36.32:8080/prediction/knn,HTTP/1.1,contacts,,200,,,http://20.210.36.32:8080/prediction/knn,,
http_req_sending,1678217728,0.056100,,,,true,,POST,http://20.210.36.32:8080/prediction/knn,HTTP/1.1,contacts,,200,,,http://20.210.36.32:8080/prediction/knn,,
http_req_waiting,1678217728,2117.531256,,,,true,,POST,http://20.210.36.32:8080/prediction/knn,HTTP/1.1,contacts,,200,,,http://20.210.36.32:8080/prediction/knn,,
http_req_receiving,1678217728,0.539903,,,,true,,POST,http://20.210.36.32:8080/prediction/knn,HTTP/1.1,contacts,,200,,,http://20.210.36.32:8080/prediction/knn,,
http_req_failed,1678217728,0.000000,,,,true,,POST,http://20.210.36.32:8080/prediction/knn,HTTP/1.1,contacts,,200,,,http://20.210.36.32:8080/prediction/knn,,
responseTime,1678217728,2118.127259,,,,,,,,,contacts,,,,,,,
data_sent,1678217728,2088.000000,,,,,,,,,contacts,,,,,,,
data_received,1678217728,199.000000,,,,,,,,,contacts,,,,,,,
iteration_duration,1678217728,2121.855880,,,,,,,,,contacts,,,,,,,
iterations,1678217728,1.000000,,,,,,,,,contacts,,,,,,,
data_sent,1678217728,2088.000000,,,,,,,,,contacts,,,,,,,
data_received,1678217728,0.000000,,,,,,,,,contacts,,,,,,,
vus,1678217728,61.000000,,,,,,,,,,,,,,,,
vus_max,1678217728,100.000000,,,,,,,,,,,,,,,,
http_reqs,1678217728,1.000000,,,,true,,POST,http://20.210.36.32:8080/prediction/knn,HTTP/1.1,contacts,,200,,,http://20.210.36.32:8080/prediction/knn,,
http_req_duration,1678217728,2133.681745,,,,true,,POST,http://20.210.36.32:8080/prediction/knn,HTTP/1.1,contacts,,200,,,http://20.210.36.32:8080/prediction/knn,,
http_req_blocked,1678217728,4.085922,,,,true,,POST,http://20.210.36.32:8080/prediction/knn,HTTP/1.1,contacts,,200,,,http://20.210.36.32:8080/prediction/knn,,
http_req_connecting,1678217728,4.043322,,,,true,,POST,http://20.210.36.32:8080/prediction/knn,HTTP/1.1,contacts,,200,,,http://20.210.36.32:8080/prediction/knn,,
http_req_tls_handshaking,1678217728,0.000000,,,,true,,POST,http://20.210.36.32:8080/prediction/knn,HTTP/1.1,contacts,,200,,,http://20.210.36.32:8080/prediction/knn,,
http_req_sending,1678217728,0.044700,,,,true,,POST,http://20.210.36.32:8080/prediction/knn,HTTP/1.1,contacts,,200,,,http://20.210.36.32:8080/prediction/knn,,
http_req_waiting,1678217728,2131.824135,,,,true,,POST,http://20.210.36.32:8080/prediction/knn,HTTP/1.1,contacts,,200,,,http://20.210.36.32:8080/prediction/knn,,
http_req_receiving,1678217728,1.812910,,,,true,,POST,http://20.210.36.32:8080/prediction/knn,HTTP/1.1,contacts,,200,,,http://20.210.36.32:8080/prediction/knn,,
http_req_failed,1678217728,0.000000,,,,true,,POST,http://20.210.36.32:8080/prediction/knn,HTTP/1.1,contacts,,200,,,http://20.210.36.32:8080/prediction/knn,,
responseTime,1678217728,2133.681745,,,,,,,,,contacts,,,,,,,
data_sent,1678217728,2088.000000,,,,,,,,,contacts,,,,,,,
data_received,1678217728,199.000000,,,,,,,,,contacts,,,,,,,
iteration_duration,1678217728,2138.243670,,,,,,,,,contacts,,,,,,,
iterations,1678217728,1.000000,,,,,,,,,contacts,,,,,,,
http_reqs,1678217728,1.000000,,,,true,,POST,http://20.210.36.32:8080/prediction/knn,HTTP/1.1,contacts,,200,,,http://20.210.36.32:8080/prediction/knn,,
http_req_duration,1678217728,1932.432136,,,,true,,POST,http://20.210.36.32:8080/prediction/knn,HTTP/1.1,contacts,,200,,,http://20.210.36.32:8080/prediction/knn,,
http_req_blocked,1678217728,4.592225,,,,true,,POST,http://20.210.36.32:8080/prediction/knn,HTTP/1.1,contacts,,200,,,http://20.210.36.32:8080/prediction/knn,,
http_req_connecting,1678217728,4.467025,,,,true,,POST,http://20.210.36.32:8080/prediction/knn,HTTP/1.1,contacts,,200,,,http://20.210.36.32:8080/prediction/knn,,
http_req_tls_handshaking,1678217728,0.000000,,,,true,,POST,http://20.210.36.32:8080/prediction/knn,HTTP/1.1,contacts,,200,,,http://20.210.36.32:8080/prediction/knn,,
http_req_sending,1678217728,0.085200,,,,true,,POST,http://20.210.36.32:8080/prediction/knn,HTTP/1.1,contacts,,200,,,http://20.210.36.32:8080/prediction/knn,,
http_req_waiting,1678217728,1932.261836,,,,true,,POST,http://20.210.36.32:8080/prediction/knn,HTTP/1.1,contacts,,200,,,http://20.210.36.32:8080/prediction/knn,,
http_req_receiving,1678217728,0.085100,,,,true,,POST,http://20.210.36.32:8080/prediction/knn,HTTP/1.1,contacts,,200,,,http://20.210.36.32:8080/prediction/knn,,
http_req_failed,1678217728,0.000000,,,,true,,POST,http://20.210.36.32:8080/prediction/knn,HTTP/1.1,contacts,,200,,,http://20.210.36.32:8080/prediction/knn,,
responseTime,1678217728,1932.432136,,,,,,,,,contacts,,,,,,,
data_sent,1678217728,2088.000000,,,,,,,,,contacts,,,,,,,
data_received,1678217728,199.000000,,,,,,,,,contacts,,,,,,,
iteration_duration,1678217728,1937.355764,,,,,,,,,contacts,,,,,,,
iterations,1678217728,1.000000,,,,,,,,,contacts,,,,,,,
http_reqs,1678217728,1.000000,,,,true,,POST,http://20.210.36.32:8080/prediction/knn,HTTP/1.1,contacts,,200,,,http://20.210.36.32:8080/prediction/knn,,
http_req_duration,1678217728,2115.503144,,,,true,,POST,http://20.210.36.32:8080/prediction/knn,HTTP/1.1,contacts,,200,,,http://20.210.36.32:8080/prediction/knn,,
http_req_blocked,1678217728,3.813521,,,,true,,POST,http://20.210.36.32:8080/prediction/knn,HTTP/1.1,contacts,,200,,,http://20.210.36.32:8080/prediction/knn,,
http_req_connecting,1678217728,3.733121,,,,true,,POST,http://20.210.36.32:8080/prediction/knn,HTTP/1.1,contacts,,200,,,http://20.210.36.32:8080/prediction/knn,,
http_req_tls_handshaking,1678217728,0.000000,,,,true,,POST,http://20.210.36.32:8080/prediction/knn,HTTP/1.1,contacts,,200,,,http://20.210.36.32:8080/prediction/knn,,
http_req_sending,1678217728,0.064600,,,,true,,POST,http://20.210.36.32:8080/prediction/knn,HTTP/1.1,contacts,,200,,,http://20.210.36.32:8080/prediction/knn,,
http_req_waiting,1678217728,2115.331743,,,,true,,POST,http://20.210.36.32:8080/prediction/knn,HTTP/1.1,contacts,,200,,,http://20.210.36.32:8080/prediction/knn,,
http_req_receiving,1678217728,0.106801,,,,true,,POST,http://20.210.36.32:8080/prediction/knn,HTTP/1.1,contacts,,200,,,http://20.210.36.32:8080/prediction/knn,,
http_req_failed,1678217728,0.000000,,,,true,,POST,http://20.210.36.32:8080/prediction/knn,HTTP/1.1,contacts,,200,,,http://20.210.36.32:8080/prediction/knn,,
responseTime,1678217728,2115.503144,,,,,,,,,contacts,,,,,,,
data_sent,1678217728,2088.000000,,,,,,,,,contacts,,,,,,,
data_received,1678217728,199.000000,,,,,,,,,contacts,,,,,,,
iteration_duration,1678217728,2119.790968,,,,,,,,,contacts,,,,,,,
iterations,1678217728,1.000000,,,,,,,,,contacts,,,,,,,
http_reqs,1678217728,1.000000,,,,true,,POST,http://20.210.36.32:8080/prediction/knn,HTTP/1.1,contacts,,200,,,http://20.210.36.32:8080/prediction/knn,,
http_req_duration,1678217728,2135.406354,,,,true,,POST,http://20.210.36.32:8080/prediction/knn,HTTP/1.1,contacts,,200,,,http://20.210.36.32:8080/prediction/knn,,
http_req_blocked,1678217728,4.409925,,,,true,,POST,http://20.210.36.32:8080/prediction/knn,HTTP/1.1,contacts,,200,,,http://20.210.36.32:8080/prediction/knn,,
http_req_connecting,1678217728,4.266023,,,,true,,POST,http://20.210.36.32:8080/prediction/knn,HTTP/1.1,contacts,,200,,,http://20.210.36.32:8080/prediction/knn,,
http_req_tls_handshaking,1678217728,0.000000,,,,true,,POST,http://20.210.36.32:8080/prediction/knn,HTTP/1.1,contacts,,200,,,http://20.210.36.32:8080/prediction/knn,,
http_req_sending,1678217728,0.102401,,,,true,,POST,http://20.210.36.32:8080/prediction/knn,HTTP/1.1,contacts,,200,,,http://20.210.36.32:8080/prediction/knn,,
http_req_waiting,1678217728,2135.238853,,,,true,,POST,http://20.210.36.32:8080/prediction/knn,HTTP/1.1,contacts,,200,,,http://20.210.36.32:8080/prediction/knn,,
http_req_receiving,1678217728,0.065100,,,,true,,POST,http://20.210.36.32:8080/prediction/knn,HTTP/1.1,contacts,,200,,,http://20.210.36.32:8080/prediction/knn,,
http_req_failed,1678217728,0.000000,,,,true,,POST,http://20.210.36.32:8080/prediction/knn,HTTP/1.1,contacts,,200,,,http://20.210.36.32:8080/prediction/knn,,
responseTime,1678217728,2135.406354,,,,,,,,,contacts,,,,,,,
data_sent,1678217728,2088.000000,,,,,,,,,contacts,,,,,,,
data_received,1678217728,199.000000,,,,,,,,,contacts,,,,,,,
iteration_duration,1678217728,2140.170280,,,,,,,,,contacts,,,,,,,
iterations,1678217728,1.000000,,,,,,,,,contacts,,,,,,,
data_sent,1678217728,2088.000000,,,,,,,,,contacts,,,,,,,
data_received,1678217728,0.000000,,,,,,,,,contacts,,,,,,,
http_reqs,1678217728,1.000000,,,,true,,POST,http://20.210.36.32:8080/prediction/knn,HTTP/1.1,contacts,,200,,,http://20.210.36.32:8080/prediction/knn,,
http_req_duration,1678217728,1977.177483,,,,true,,POST,http://20.210.36.32:8080/prediction/knn,HTTP/1.1,contacts,,200,,,http://20.210.36.32:8080/prediction/knn,,
http_req_blocked,1678217728,4.227723,,,,true,,POST,http://20.210.36.32:8080/prediction/knn,HTTP/1.1,contacts,,200,,,http://20.210.36.32:8080/prediction/knn,,
http_req_connecting,1678217728,4.137723,,,,true,,POST,http://20.210.36.32:8080/prediction/knn,HTTP/1.1,contacts,,200,,,http://20.210.36.32:8080/prediction/knn,,
http_req_tls_handshaking,1678217728,0.000000,,,,true,,POST,http://20.210.36.32:8080/prediction/knn,HTTP/1.1,contacts,,200,,,http://20.210.36.32:8080/prediction/knn,,
http_req_sending,1678217728,0.066100,,,,true,,POST,http://20.210.36.32:8080/prediction/knn,HTTP/1.1,contacts,,200,,,http://20.210.36.32:8080/prediction/knn,,
http_req_waiting,1678217728,1977.022183,,,,true,,POST,http://20.210.36.32:8080/prediction/knn,HTTP/1.1,contacts,,200,,,http://20.210.36.32:8080/prediction/knn,,
http_req_receiving,1678217728,0.089200,,,,true,,POST,http://20.210.36.32:8080/prediction/knn,HTTP/1.1,contacts,,200,,,http://20.210.36.32:8080/prediction/knn,,
http_req_failed,1678217728,0.000000,,,,true,,POST,http://20.210.36.32:8080/prediction/knn,HTTP/1.1,contacts,,200,,,http://20.210.36.32:8080/prediction/knn,,
responseTime,1678217728,1977.177483,,,,,,,,,contacts,,,,,,,
data_sent,1678217728,2088.000000,,,,,,,,,contacts,,,,,,,
data_received,1678217728,199.000000,,,,,,,,,contacts,,,,,,,
iteration_duration,1678217728,1981.850609,,,,,,,,,contacts,,,,,,,
iterations,1678217728,1.000000,,,,,,,,,contacts,,,,,,,
http_reqs,1678217728,1.000000,,,,true,,POST,http://20.210.36.32:8080/prediction/knn,HTTP/1.1,contacts,,200,,,http://20.210.36.32:8080/prediction/knn,,
http_req_duration,1678217728,1815.555293,,,,true,,POST,http://20.210.36.32:8080/prediction/knn,HTTP/1.1,contacts,,200,,,http://20.210.36.32:8080/prediction/knn,,
http_req_blocked,1678217728,4.179923,,,,true,,POST,http://20.210.36.32:8080/prediction/knn,HTTP/1.1,contacts,,200,,,http://20.210.36.32:8080/prediction/knn,,
http_req_connecting,1678217728,4.056222,,,,true,,POST,http://20.210.36.32:8080/prediction/knn,HTTP/1.1,contacts,,200,,,http://20.210.36.32:8080/prediction/knn,,
http_req_tls_handshaking,1678217728,0.000000,,,,true,,POST,http://20.210.36.32:8080/prediction/knn,HTTP/1.1,contacts,,200,,,http://20.210.36.32:8080/prediction/knn,,
http_req_sending,1678217728,0.035800,,,,true,,POST,http://20.210.36.32:8080/prediction/knn,HTTP/1.1,contacts,,200,,,http://20.210.36.32:8080/prediction/knn,,
http_req_waiting,1678217728,1815.422893,,,,true,,POST,http://20.210.36.32:8080/prediction/knn,HTTP/1.1,contacts,,200,,,http://20.210.36.32:8080/prediction/knn,,
http_req_receiving,1678217728,0.096600,,,,true,,POST,http://20.210.36.32:8080/prediction/knn,HTTP/1.1,contacts,,200,,,http://20.210.36.32:8080/prediction/knn,,
http_req_failed,1678217728,0.000000,,,,true,,POST,http://20.210.36.32:8080/prediction/knn,HTTP/1.1,contacts,,200,,,http://20.210.36.32:8080/prediction/knn,,
responseTime,1678217728,1815.555293,,,,,,,,,contacts,,,,,,,
data_sent,1678217728,2088.000000,,,,,,,,,contacts,,,,,,,
data_received,1678217728,199.000000,,,,,,,,,contacts,,,,,,,
iteration_duration,1678217728,1820.263719,,,,,,,,,contacts,,,,,,,
iterations,1678217728,1.000000,,,,,,,,,contacts,,,,,,,
http_reqs,1678217728,1.000000,,,,true,,POST,http://20.210.36.32:8080/prediction/knn,HTTP/1.1,contacts,,200,,,http://20.210.36.32:8080/prediction/knn,,
http_req_duration,1678217728,1850.287785,,,,true,,POST,http://20.210.36.32:8080/prediction/knn,HTTP/1.1,contacts,,200,,,http://20.210.36.32:8080/prediction/knn,,
http_req_blocked,1678217728,3.754821,,,,true,,POST,http://20.210.36.32:8080/prediction/knn,HTTP/1.1,contacts,,200,,,http://20.210.36.32:8080/prediction/knn,,
http_req_connecting,1678217728,3.643320,,,,true,,POST,http://20.210.36.32:8080/prediction/knn,HTTP/1.1,contacts,,200,,,http://20.210.36.32:8080/prediction/knn,,
http_req_tls_handshaking,1678217728,0.000000,,,,true,,POST,http://20.210.36.32:8080/prediction/knn,HTTP/1.1,contacts,,200,,,http://20.210.36.32:8080/prediction/knn,,
http_req_sending,1678217728,0.100501,,,,true,,POST,http://20.210.36.32:8080/prediction/knn,HTTP/1.1,contacts,,200,,,http://20.210.36.32:8080/prediction/knn,,
http_req_waiting,1678217728,1850.080883,,,,true,,POST,http://20.210.36.32:8080/prediction/knn,HTTP/1.1,contacts,,200,,,http://20.210.36.32:8080/prediction/knn,,
http_req_receiving,1678217728,0.106401,,,,true,,POST,http://20.210.36.32:8080/prediction/knn,HTTP/1.1,contacts,,200,,,http://20.210.36.32:8080/prediction/knn,,
http_req_failed,1678217728,0.000000,,,,true,,POST,http://20.210.36.32:8080/prediction/knn,HTTP/1.1,contacts,,200,,,http://20.210.36.32:8080/prediction/knn,,
responseTime,1678217728,1850.287785,,,,,,,,,contacts,,,,,,,
data_sent,1678217728,2088.000000,,,,,,,,,contacts,,,,,,,
data_received,1678217728,199.000000,,,,,,,,,contacts,,,,,,,
iteration_duration,1678217728,1854.578708,,,,,,,,,contacts,,,,,,,
iterations,1678217728,1.000000,,,,,,,,,contacts,,,,,,,
http_reqs,1678217728,1.000000,,,,true,,POST,http://20.210.36.32:8080/prediction/knn,HTTP/1.1,contacts,,200,,,http://20.210.36.32:8080/prediction/knn,,
http_req_duration,1678217728,1841.884938,,,,true,,POST,http://20.210.36.32:8080/prediction/knn,HTTP/1.1,contacts,,200,,,http://20.210.36.32:8080/prediction/knn,,
http_req_blocked,1678217728,2.231612,,,,true,,POST,http://20.210.36.32:8080/prediction/knn,HTTP/1.1,contacts,,200,,,http://20.210.36.32:8080/prediction/knn,,
http_req_connecting,1678217728,2.140812,,,,true,,POST,http://20.210.36.32:8080/prediction/knn,HTTP/1.1,contacts,,200,,,http://20.210.36.32:8080/prediction/knn,,
http_req_tls_handshaking,1678217728,0.000000,,,,true,,POST,http://20.210.36.32:8080/prediction/knn,HTTP/1.1,contacts,,200,,,http://20.210.36.32:8080/prediction/knn,,
http_req_sending,1678217728,0.077400,,,,true,,POST,http://20.210.36.32:8080/prediction/knn,HTTP/1.1,contacts,,200,,,http://20.210.36.32:8080/prediction/knn,,
http_req_waiting,1678217728,1841.284635,,,,true,,POST,http://20.210.36.32:8080/prediction/knn,HTTP/1.1,contacts,,200,,,http://20.210.36.32:8080/prediction/knn,,
http_req_receiving,1678217728,0.522903,,,,true,,POST,http://20.210.36.32:8080/prediction/knn,HTTP/1.1,contacts,,200,,,http://20.210.36.32:8080/prediction/knn,,
http_req_failed,1678217728,0.000000,,,,true,,POST,http://20.210.36.32:8080/prediction/knn,HTTP/1.1,contacts,,200,,,http://20.210.36.32:8080/prediction/knn,,
responseTime,1678217728,1841.884938,,,,,,,,,contacts,,,,,,,
data_sent,1678217728,2088.000000,,,,,,,,,contacts,,,,,,,
data_received,1678217728,199.000000,,,,,,,,,contacts,,,,,,,
iteration_duration,1678217728,1844.538253,,,,,,,,,contacts,,,,,,,
iterations,1678217728,1.000000,,,,,,,,,contacts,,,,,,,
data_sent,1678217728,2088.000000,,,,,,,,,contacts,,,,,,,
data_received,1678217728,0.000000,,,,,,,,,contacts,,,,,,,
http_reqs,1678217728,1.000000,,,,true,,POST,http://20.210.36.32:8080/prediction/knn,HTTP/1.1,contacts,,200,,,http://20.210.36.32:8080/prediction/knn,,
http_req_duration,1678217728,1865.957071,,,,true,,POST,http://20.210.36.32:8080/prediction/knn,HTTP/1.1,contacts,,200,,,http://20.210.36.32:8080/prediction/knn,,
http_req_blocked,1678217728,2.243112,,,,true,,POST,http://20.210.36.32:8080/prediction/knn,HTTP/1.1,contacts,,200,,,http://20.210.36.32:8080/prediction/knn,,
http_req_connecting,1678217728,2.177212,,,,true,,POST,http://20.210.36.32:8080/prediction/knn,HTTP/1.1,contacts,,200,,,http://20.210.36.32:8080/prediction/knn,,
http_req_tls_handshaking,1678217728,0.000000,,,,true,,POST,http://20.210.36.32:8080/prediction/knn,HTTP/1.1,contacts,,200,,,http://20.210.36.32:8080/prediction/knn,,
http_req_sending,1678217728,0.065600,,,,true,,POST,http://20.210.36.32:8080/prediction/knn,HTTP/1.1,contacts,,200,,,http://20.210.36.32:8080/prediction/knn,,
http_req_waiting,1678217728,1865.803470,,,,true,,POST,http://20.210.36.32:8080/prediction/knn,HTTP/1.1,contacts,,200,,,http://20.210.36.32:8080/prediction/knn,,
http_req_receiving,1678217728,0.088001,,,,true,,POST,http://20.210.36.32:8080/prediction/knn,HTTP/1.1,contacts,,200,,,http://20.210.36.32:8080/prediction/knn,,
http_req_failed,1678217728,0.000000,,,,true,,POST,http://20.210.36.32:8080/prediction/knn,HTTP/1.1,contacts,,200,,,http://20.210.36.32:8080/prediction/knn,,
responseTime,1678217728,1865.957071,,,,,,,,,contacts,,,,,,,
data_sent,1678217728,2088.000000,,,,,,,,,contacts,,,,,,,
data_received,1678217728,199.000000,,,,,,,,,contacts,,,,,,,
iteration_duration,1678217728,1868.651986,,,,,,,,,contacts,,,,,,,
iterations,1678217728,1.000000,,,,,,,,,contacts,,,,,,,
http_reqs,1678217728,1.000000,,,,true,,POST,http://20.210.36.32:8080/prediction/knn,HTTP/1.1,contacts,,200,,,http://20.210.36.32:8080/prediction/knn,,
http_req_duration,1678217728,1888.147493,,,,true,,POST,http://20.210.36.32:8080/prediction/knn,HTTP/1.1,contacts,,200,,,http://20.210.36.32:8080/prediction/knn,,
http_req_blocked,1678217728,2.160112,,,,true,,POST,http://20.210.36.32:8080/prediction/knn,HTTP/1.1,contacts,,200,,,http://20.210.36.32:8080/prediction/knn,,
http_req_connecting,1678217728,2.060112,,,,true,,POST,http://20.210.36.32:8080/prediction/knn,HTTP/1.1,contacts,,200,,,http://20.210.36.32:8080/prediction/knn,,
http_req_tls_handshaking,1678217728,0.000000,,,,true,,POST,http://20.210.36.32:8080/prediction/knn,HTTP/1.1,contacts,,200,,,http://20.210.36.32:8080/prediction/knn,,
http_req_sending,1678217728,0.066400,,,,true,,POST,http://20.210.36.32:8080/prediction/knn,HTTP/1.1,contacts,,200,,,http://20.210.36.32:8080/prediction/knn,,
http_req_waiting,1678217728,1887.967792,,,,true,,POST,http://20.210.36.32:8080/prediction/knn,HTTP/1.1,contacts,,200,,,http://20.210.36.32:8080/prediction/knn,,
http_req_receiving,1678217728,0.113301,,,,true,,POST,http://20.210.36.32:8080/prediction/knn,HTTP/1.1,contacts,,200,,,http://20.210.36.32:8080/prediction/knn,,
http_req_failed,1678217728,0.000000,,,,true,,POST,http://20.210.36.32:8080/prediction/knn,HTTP/1.1,contacts,,200,,,http://20.210.36.32:8080/prediction/knn,,
responseTime,1678217728,1888.147493,,,,,,,,,contacts,,,,,,,
data_sent,1678217728,2088.000000,,,,,,,,,contacts,,,,,,,
data_received,1678217728,199.000000,,,,,,,,,contacts,,,,,,,
iteration_duration,1678217728,1890.986609,,,,,,,,,contacts,,,,,,,
iterations,1678217728,1.000000,,,,,,,,,contacts,,,,,,,
http_reqs,1678217728,1.000000,,,,true,,POST,http://20.210.36.32:8080/prediction/knn,HTTP/1.1,contacts,,200,,,http://20.210.36.32:8080/prediction/knn,,
http_req_duration,1678217728,1872.988910,,,,true,,POST,http://20.210.36.32:8080/prediction/knn,HTTP/1.1,contacts,,200,,,http://20.210.36.32:8080/prediction/knn,,
http_req_blocked,1678217728,2.053012,,,,true,,POST,http://20.210.36.32:8080/prediction/knn,HTTP/1.1,contacts,,200,,,http://20.210.36.32:8080/prediction/knn,,
http_req_connecting,1678217728,1.996011,,,,true,,POST,http://20.210.36.32:8080/prediction/knn,HTTP/1.1,contacts,,200,,,http://20.210.36.32:8080/prediction/knn,,
http_req_tls_handshaking,1678217728,0.000000,,,,true,,POST,http://20.210.36.32:8080/prediction/knn,HTTP/1.1,contacts,,200,,,http://20.210.36.32:8080/prediction/knn,,
http_req_sending,1678217728,0.043301,,,,true,,POST,http://20.210.36.32:8080/prediction/knn,HTTP/1.1,contacts,,200,,,http://20.210.36.32:8080/prediction/knn,,
http_req_waiting,1678217728,1872.772508,,,,true,,POST,http://20.210.36.32:8080/prediction/knn,HTTP/1.1,contacts,,200,,,http://20.210.36.32:8080/prediction/knn,,
http_req_receiving,1678217728,0.173101,,,,true,,POST,http://20.210.36.32:8080/prediction/knn,HTTP/1.1,contacts,,200,,,http://20.210.36.32:8080/prediction/knn,,
http_req_failed,1678217728,0.000000,,,,true,,POST,http://20.210.36.32:8080/prediction/knn,HTTP/1.1,contacts,,200,,,http://20.210.36.32:8080/prediction/knn,,
responseTime,1678217728,1872.988910,,,,,,,,,contacts,,,,,,,
data_sent,1678217728,2088.000000,,,,,,,,,contacts,,,,,,,
data_received,1678217728,199.000000,,,,,,,,,contacts,,,,,,,
iteration_duration,1678217728,1875.431123,,,,,,,,,contacts,,,,,,,
iterations,1678217728,1.000000,,,,,,,,,contacts,,,,,,,
data_sent,1678217728,2088.000000,,,,,,,,,contacts,,,,,,,
data_received,1678217728,0.000000,,,,,,,,,contacts,,,,,,,
http_reqs,1678217728,1.000000,,,,true,,POST,http://20.210.36.32:8080/prediction/knn,HTTP/1.1,contacts,,200,,,http://20.210.36.32:8080/prediction/knn,,
http_req_duration,1678217728,1914.289837,,,,true,,POST,http://20.210.36.32:8080/prediction/knn,HTTP/1.1,contacts,,200,,,http://20.210.36.32:8080/prediction/knn,,
http_req_blocked,1678217728,2.013311,,,,true,,POST,http://20.210.36.32:8080/prediction/knn,HTTP/1.1,contacts,,200,,,http://20.210.36.32:8080/prediction/knn,,
http_req_connecting,1678217728,1.948011,,,,true,,POST,http://20.210.36.32:8080/prediction/knn,HTTP/1.1,contacts,,200,,,http://20.210.36.32:8080/prediction/knn,,
http_req_tls_handshaking,1678217728,0.000000,,,,true,,POST,http://20.210.36.32:8080/prediction/knn,HTTP/1.1,contacts,,200,,,http://20.210.36.32:8080/prediction/knn,,
http_req_sending,1678217728,0.074300,,,,true,,POST,http://20.210.36.32:8080/prediction/knn,HTTP/1.1,contacts,,200,,,http://20.210.36.32:8080/prediction/knn,,
http_req_waiting,1678217728,1913.917835,,,,true,,POST,http://20.210.36.32:8080/prediction/knn,HTTP/1.1,contacts,,200,,,http://20.210.36.32:8080/prediction/knn,,
http_req_receiving,1678217728,0.297702,,,,true,,POST,http://20.210.36.32:8080/prediction/knn,HTTP/1.1,contacts,,200,,,http://20.210.36.32:8080/prediction/knn,,
http_req_failed,1678217728,0.000000,,,,true,,POST,http://20.210.36.32:8080/prediction/knn,HTTP/1.1,contacts,,200,,,http://20.210.36.32:8080/prediction/knn,,
responseTime,1678217728,1914.289837,,,,,,,,,contacts,,,,,,,
data_sent,1678217728,2088.000000,,,,,,,,,contacts,,,,,,,
data_received,1678217728,199.000000,,,,,,,,,contacts,,,,,,,
iteration_duration,1678217728,1916.777751,,,,,,,,,contacts,,,,,,,
iterations,1678217728,1.000000,,,,,,,,,contacts,,,,,,,
data_sent,1678217728,2088.000000,,,,,,,,,contacts,,,,,,,
data_received,1678217728,0.000000,,,,,,,,,contacts,,,,,,,
http_reqs,1678217728,1.000000,,,,true,,POST,http://20.210.36.32:8080/prediction/knn,HTTP/1.1,contacts,,200,,,http://20.210.36.32:8080/prediction/knn,,
http_req_duration,1678217728,1897.841647,,,,true,,POST,http://20.210.36.32:8080/prediction/knn,HTTP/1.1,contacts,,200,,,http://20.210.36.32:8080/prediction/knn,,
http_req_blocked,1678217728,1.980411,,,,true,,POST,http://20.210.36.32:8080/prediction/knn,HTTP/1.1,contacts,,200,,,http://20.210.36.32:8080/prediction/knn,,
http_req_connecting,1678217728,1.931610,,,,true,,POST,http://20.210.36.32:8080/prediction/knn,HTTP/1.1,contacts,,200,,,http://20.210.36.32:8080/prediction/knn,,
http_req_tls_handshaking,1678217728,0.000000,,,,true,,POST,http://20.210.36.32:8080/prediction/knn,HTTP/1.1,contacts,,200,,,http://20.210.36.32:8080/prediction/knn,,
http_req_sending,1678217728,0.049701,,,,true,,POST,http://20.210.36.32:8080/prediction/knn,HTTP/1.1,contacts,,200,,,http://20.210.36.32:8080/prediction/knn,,
http_req_waiting,1678217728,1896.138437,,,,true,,POST,http://20.210.36.32:8080/prediction/knn,HTTP/1.1,contacts,,200,,,http://20.210.36.32:8080/prediction/knn,,
http_req_receiving,1678217728,1.653509,,,,true,,POST,http://20.210.36.32:8080/prediction/knn,HTTP/1.1,contacts,,200,,,http://20.210.36.32:8080/prediction/knn,,
http_req_failed,1678217728,0.000000,,,,true,,POST,http://20.210.36.32:8080/prediction/knn,HTTP/1.1,contacts,,200,,,http://20.210.36.32:8080/prediction/knn,,
responseTime,1678217728,1897.841647,,,,,,,,,contacts,,,,,,,
data_sent,1678217728,2088.000000,,,,,,,,,contacts,,,,,,,
data_received,1678217728,199.000000,,,,,,,,,contacts,,,,,,,
iteration_duration,1678217728,1900.337960,,,,,,,,,contacts,,,,,,,
iterations,1678217728,1.000000,,,,,,,,,contacts,,,,,,,
http_reqs,1678217728,1.000000,,,,true,,POST,http://20.210.36.32:8080/prediction/knn,HTTP/1.1,contacts,,200,,,http://20.210.36.32:8080/prediction/knn,,
http_req_duration,1678217728,1859.425034,,,,true,,POST,http://20.210.36.32:8080/prediction/knn,HTTP/1.1,contacts,,200,,,http://20.210.36.32:8080/prediction/knn,,
http_req_blocked,1678217728,2.169912,,,,true,,POST,http://20.210.36.32:8080/prediction/knn,HTTP/1.1,contacts,,200,,,http://20.210.36.32:8080/prediction/knn,,
http_req_connecting,1678217728,2.112712,,,,true,,POST,http://20.210.36.32:8080/prediction/knn,HTTP/1.1,contacts,,200,,,http://20.210.36.32:8080/prediction/knn,,
http_req_tls_handshaking,1678217728,0.000000,,,,true,,POST,http://20.210.36.32:8080/prediction/knn,HTTP/1.1,contacts,,200,,,http://20.210.36.32:8080/prediction/knn,,
http_req_sending,1678217728,0.051700,,,,true,,POST,http://20.210.36.32:8080/prediction/knn,HTTP/1.1,contacts,,200,,,http://20.210.36.32:8080/prediction/knn,,
http_req_waiting,1678217728,1859.236334,,,,true,,POST,http://20.210.36.32:8080/prediction/knn,HTTP/1.1,contacts,,200,,,http://20.210.36.32:8080/prediction/knn,,
http_req_receiving,1678217728,0.137000,,,,true,,POST,http://20.210.36.32:8080/prediction/knn,HTTP/1.1,contacts,,200,,,http://20.210.36.32:8080/prediction/knn,,
http_req_failed,1678217728,0.000000,,,,true,,POST,http://20.210.36.32:8080/prediction/knn,HTTP/1.1,contacts,,200,,,http://20.210.36.32:8080/prediction/knn,,
responseTime,1678217728,1859.425034,,,,,,,,,contacts,,,,,,,
data_sent,1678217728,2088.000000,,,,,,,,,contacts,,,,,,,
data_received,1678217728,199.000000,,,,,,,,,contacts,,,,,,,
iteration_duration,1678217728,1862.283050,,,,,,,,,contacts,,,,,,,
iterations,1678217728,1.000000,,,,,,,,,contacts,,,,,,,
http_reqs,1678217728,1.000000,,,,true,,POST,http://20.210.36.32:8080/prediction/knn,HTTP/1.1,contacts,,200,,,http://20.210.36.32:8080/prediction/knn,,
http_req_duration,1678217728,1966.154123,,,,true,,POST,http://20.210.36.32:8080/prediction/knn,HTTP/1.1,contacts,,200,,,http://20.210.36.32:8080/prediction/knn,,
http_req_blocked,1678217728,2.733215,,,,true,,POST,http://20.210.36.32:8080/prediction/knn,HTTP/1.1,contacts,,200,,,http://20.210.36.32:8080/prediction/knn,,
http_req_connecting,1678217728,2.645814,,,,true,,POST,http://20.210.36.32:8080/prediction/knn,HTTP/1.1,contacts,,200,,,http://20.210.36.32:8080/prediction/knn,,
http_req_tls_handshaking,1678217728,0.000000,,,,true,,POST,http://20.210.36.32:8080/prediction/knn,HTTP/1.1,contacts,,200,,,http://20.210.36.32:8080/prediction/knn,,
http_req_sending,1678217728,0.043401,,,,true,,POST,http://20.210.36.32:8080/prediction/knn,HTTP/1.1,contacts,,200,,,http://20.210.36.32:8080/prediction/knn,,
http_req_waiting,1678217728,1966.002821,,,,true,,POST,http://20.210.36.32:8080/prediction/knn,HTTP/1.1,contacts,,200,,,http://20.210.36.32:8080/prediction/knn,,
http_req_receiving,1678217728,0.107901,,,,true,,POST,http://20.210.36.32:8080/prediction/knn,HTTP/1.1,contacts,,200,,,http://20.210.36.32:8080/prediction/knn,,
http_req_failed,1678217728,0.000000,,,,true,,POST,http://20.210.36.32:8080/prediction/knn,HTTP/1.1,contacts,,200,,,http://20.210.36.32:8080/prediction/knn,,
responseTime,1678217728,1966.154123,,,,,,,,,contacts,,,,,,,
data_sent,1678217728,2088.000000,,,,,,,,,contacts,,,,,,,
data_received,1678217728,199.000000,,,,,,,,,contacts,,,,,,,
iteration_duration,1678217728,1969.367440,,,,,,,,,contacts,,,,,,,
iterations,1678217728,1.000000,,,,,,,,,contacts,,,,,,,
http_reqs,1678217728,1.000000,,,,true,,POST,http://20.210.36.32:8080/prediction/knn,HTTP/1.1,contacts,,200,,,http://20.210.36.32:8080/prediction/knn,,
http_req_duration,1678217728,1891.617012,,,,true,,POST,http://20.210.36.32:8080/prediction/knn,HTTP/1.1,contacts,,200,,,http://20.210.36.32:8080/prediction/knn,,
http_req_blocked,1678217728,2.263812,,,,true,,POST,http://20.210.36.32:8080/prediction/knn,HTTP/1.1,contacts,,200,,,http://20.210.36.32:8080/prediction/knn,,
http_req_connecting,1678217728,2.163412,,,,true,,POST,http://20.210.36.32:8080/prediction/knn,HTTP/1.1,contacts,,200,,,http://20.210.36.32:8080/prediction/knn,,
http_req_tls_handshaking,1678217728,0.000000,,,,true,,POST,http://20.210.36.32:8080/prediction/knn,HTTP/1.1,contacts,,200,,,http://20.210.36.32:8080/prediction/knn,,
http_req_sending,1678217728,0.059401,,,,true,,POST,http://20.210.36.32:8080/prediction/knn,HTTP/1.1,contacts,,200,,,http://20.210.36.32:8080/prediction/knn,,
http_req_waiting,1678217728,1891.460711,,,,true,,POST,http://20.210.36.32:8080/prediction/knn,HTTP/1.1,contacts,,200,,,http://20.210.36.32:8080/prediction/knn,,
http_req_receiving,1678217728,0.096900,,,,true,,POST,http://20.210.36.32:8080/prediction/knn,HTTP/1.1,contacts,,200,,,http://20.210.36.32:8080/prediction/knn,,
http_req_failed,1678217728,0.000000,,,,true,,POST,http://20.210.36.32:8080/prediction/knn,HTTP/1.1,contacts,,200,,,http://20.210.36.32:8080/prediction/knn,,
responseTime,1678217728,1891.617012,,,,,,,,,contacts,,,,,,,
data_sent,1678217728,2088.000000,,,,,,,,,contacts,,,,,,,
data_received,1678217728,199.000000,,,,,,,,,contacts,,,,,,,
iteration_duration,1678217728,1894.282826,,,,,,,,,contacts,,,,,,,
iterations,1678217728,1.000000,,,,,,,,,contacts,,,,,,,
data_sent,1678217728,2088.000000,,,,,,,,,contacts,,,,,,,
data_received,1678217728,0.000000,,,,,,,,,contacts,,,,,,,
http_reqs,1678217729,1.000000,,,,true,,POST,http://20.210.36.32:8080/prediction/knn,HTTP/1.1,contacts,,200,,,http://20.210.36.32:8080/prediction/knn,,
http_req_duration,1678217729,1888.060092,,,,true,,POST,http://20.210.36.32:8080/prediction/knn,HTTP/1.1,contacts,,200,,,http://20.210.36.32:8080/prediction/knn,,
http_req_blocked,1678217729,4.136823,,,,true,,POST,http://20.210.36.32:8080/prediction/knn,HTTP/1.1,contacts,,200,,,http://20.210.36.32:8080/prediction/knn,,
http_req_connecting,1678217729,4.063923,,,,true,,POST,http://20.210.36.32:8080/prediction/knn,HTTP/1.1,contacts,,200,,,http://20.210.36.32:8080/prediction/knn,,
http_req_tls_handshaking,1678217729,0.000000,,,,true,,POST,http://20.210.36.32:8080/prediction/knn,HTTP/1.1,contacts,,200,,,http://20.210.36.32:8080/prediction/knn,,
http_req_sending,1678217729,0.056600,,,,true,,POST,http://20.210.36.32:8080/prediction/knn,HTTP/1.1,contacts,,200,,,http://20.210.36.32:8080/prediction/knn,,
http_req_waiting,1678217729,1885.475378,,,,true,,POST,http://20.210.36.32:8080/prediction/knn,HTTP/1.1,contacts,,200,,,http://20.210.36.32:8080/prediction/knn,,
http_req_receiving,1678217729,2.528114,,,,true,,POST,http://20.210.36.32:8080/prediction/knn,HTTP/1.1,contacts,,200,,,http://20.210.36.32:8080/prediction/knn,,
http_req_failed,1678217729,0.000000,,,,true,,POST,http://20.210.36.32:8080/prediction/knn,HTTP/1.1,contacts,,200,,,http://20.210.36.32:8080/prediction/knn,,
responseTime,1678217729,1888.060092,,,,,,,,,contacts,,,,,,,
data_sent,1678217729,2088.000000,,,,,,,,,contacts,,,,,,,
data_received,1678217729,199.000000,,,,,,,,,contacts,,,,,,,
iteration_duration,1678217729,1892.598018,,,,,,,,,contacts,,,,,,,
iterations,1678217729,1.000000,,,,,,,,,contacts,,,,,,,
http_reqs,1678217729,1.000000,,,,true,,POST,http://20.210.36.32:8080/prediction/knn,HTTP/1.1,contacts,,200,,,http://20.210.36.32:8080/prediction/knn,,
http_req_duration,1678217729,1940.304480,,,,true,,POST,http://20.210.36.32:8080/prediction/knn,HTTP/1.1,contacts,,200,,,http://20.210.36.32:8080/prediction/knn,,
http_req_blocked,1678217729,2.456314,,,,true,,POST,http://20.210.36.32:8080/prediction/knn,HTTP/1.1,contacts,,200,,,http://20.210.36.32:8080/prediction/knn,,
http_req_connecting,1678217729,2.388114,,,,true,,POST,http://20.210.36.32:8080/prediction/knn,HTTP/1.1,contacts,,200,,,http://20.210.36.32:8080/prediction/knn,,
http_req_tls_handshaking,1678217729,0.000000,,,,true,,POST,http://20.210.36.32:8080/prediction/knn,HTTP/1.1,contacts,,200,,,http://20.210.36.32:8080/prediction/knn,,
http_req_sending,1678217729,0.056800,,,,true,,POST,http://20.210.36.32:8080/prediction/knn,HTTP/1.1,contacts,,200,,,http://20.210.36.32:8080/prediction/knn,,
http_req_waiting,1678217729,1930.582226,,,,true,,POST,http://20.210.36.32:8080/prediction/knn,HTTP/1.1,contacts,,200,,,http://20.210.36.32:8080/prediction/knn,,
http_req_receiving,1678217729,9.665454,,,,true,,POST,http://20.210.36.32:8080/prediction/knn,HTTP/1.1,contacts,,200,,,http://20.210.36.32:8080/prediction/knn,,
http_req_failed,1678217729,0.000000,,,,true,,POST,http://20.210.36.32:8080/prediction/knn,HTTP/1.1,contacts,,200,,,http://20.210.36.32:8080/prediction/knn,,
responseTime,1678217729,1940.304480,,,,,,,,,contacts,,,,,,,
data_sent,1678217729,2088.000000,,,,,,,,,contacts,,,,,,,
data_received,1678217729,199.000000,,,,,,,,,contacts,,,,,,,
iteration_duration,1678217729,1943.420797,,,,,,,,,contacts,,,,,,,
iterations,1678217729,1.000000,,,,,,,,,contacts,,,,,,,
http_reqs,1678217729,1.000000,,,,true,,POST,http://20.210.36.32:8080/prediction/knn,HTTP/1.1,contacts,,200,,,http://20.210.36.32:8080/prediction/knn,,
http_req_duration,1678217729,1852.770398,,,,true,,POST,http://20.210.36.32:8080/prediction/knn,HTTP/1.1,contacts,,200,,,http://20.210.36.32:8080/prediction/knn,,
http_req_blocked,1678217729,2.135712,,,,true,,POST,http://20.210.36.32:8080/prediction/knn,HTTP/1.1,contacts,,200,,,http://20.210.36.32:8080/prediction/knn,,
http_req_connecting,1678217729,2.074011,,,,true,,POST,http://20.210.36.32:8080/prediction/knn,HTTP/1.1,contacts,,200,,,http://20.210.36.32:8080/prediction/knn,,
http_req_tls_handshaking,1678217729,0.000000,,,,true,,POST,http://20.210.36.32:8080/prediction/knn,HTTP/1.1,contacts,,200,,,http://20.210.36.32:8080/prediction/knn,,
http_req_sending,1678217729,0.047300,,,,true,,POST,http://20.210.36.32:8080/prediction/knn,HTTP/1.1,contacts,,200,,,http://20.210.36.32:8080/prediction/knn,,
http_req_waiting,1678217729,1851.757893,,,,true,,POST,http://20.210.36.32:8080/prediction/knn,HTTP/1.1,contacts,,200,,,http://20.210.36.32:8080/prediction/knn,,
http_req_receiving,1678217729,0.965205,,,,true,,POST,http://20.210.36.32:8080/prediction/knn,HTTP/1.1,contacts,,200,,,http://20.210.36.32:8080/prediction/knn,,
http_req_failed,1678217729,0.000000,,,,true,,POST,http://20.210.36.32:8080/prediction/knn,HTTP/1.1,contacts,,200,,,http://20.210.36.32:8080/prediction/knn,,
http_reqs,1678217729,1.000000,,,,true,,POST,http://20.210.36.32:8080/prediction/knn,HTTP/1.1,contacts,,200,,,http://20.210.36.32:8080/prediction/knn,,
http_req_duration,1678217729,2078.761543,,,,true,,POST,http://20.210.36.32:8080/prediction/knn,HTTP/1.1,contacts,,200,,,http://20.210.36.32:8080/prediction/knn,,
http_req_blocked,1678217729,2.152912,,,,true,,POST,http://20.210.36.32:8080/prediction/knn,HTTP/1.1,contacts,,200,,,http://20.210.36.32:8080/prediction/knn,,
http_req_connecting,1678217729,2.086511,,,,true,,POST,http://20.210.36.32:8080/prediction/knn,HTTP/1.1,contacts,,200,,,http://20.210.36.32:8080/prediction/knn,,
http_req_tls_handshaking,1678217729,0.000000,,,,true,,POST,http://20.210.36.32:8080/prediction/knn,HTTP/1.1,contacts,,200,,,http://20.210.36.32:8080/prediction/knn,,
http_req_sending,1678217729,0.060601,,,,true,,POST,http://20.210.36.32:8080/prediction/knn,HTTP/1.1,contacts,,200,,,http://20.210.36.32:8080/prediction/knn,,
http_req_waiting,1678217729,2076.702731,,,,true,,POST,http://20.210.36.32:8080/prediction/knn,HTTP/1.1,contacts,,200,,,http://20.210.36.32:8080/prediction/knn,,
http_req_receiving,1678217729,1.998211,,,,true,,POST,http://20.210.36.32:8080/prediction/knn,HTTP/1.1,contacts,,200,,,http://20.210.36.32:8080/prediction/knn,,
http_req_failed,1678217729,0.000000,,,,true,,POST,http://20.210.36.32:8080/prediction/knn,HTTP/1.1,contacts,,200,,,http://20.210.36.32:8080/prediction/knn,,
responseTime,1678217729,2078.761543,,,,,,,,,contacts,,,,,,,
data_sent,1678217729,2088.000000,,,,,,,,,contacts,,,,,,,
data_received,1678217729,199.000000,,,,,,,,,contacts,,,,,,,
iteration_duration,1678217729,2081.415057,,,,,,,,,contacts,,,,,,,
iterations,1678217729,1.000000,,,,,,,,,contacts,,,,,,,
responseTime,1678217729,1852.770398,,,,,,,,,contacts,,,,,,,
data_sent,1678217729,2088.000000,,,,,,,,,contacts,,,,,,,
data_received,1678217729,199.000000,,,,,,,,,contacts,,,,,,,
iteration_duration,1678217729,1856.026016,,,,,,,,,contacts,,,,,,,
iterations,1678217729,1.000000,,,,,,,,,contacts,,,,,,,
data_sent,1678217729,2088.000000,,,,,,,,,contacts,,,,,,,
data_received,1678217729,0.000000,,,,,,,,,contacts,,,,,,,
http_reqs,1678217729,1.000000,,,,true,,POST,http://20.210.36.32:8080/prediction/knn,HTTP/1.1,contacts,,200,,,http://20.210.36.32:8080/prediction/knn,,
http_req_duration,1678217729,1864.832965,,,,true,,POST,http://20.210.36.32:8080/prediction/knn,HTTP/1.1,contacts,,200,,,http://20.210.36.32:8080/prediction/knn,,
http_req_blocked,1678217729,2.430214,,,,true,,POST,http://20.210.36.32:8080/prediction/knn,HTTP/1.1,contacts,,200,,,http://20.210.36.32:8080/prediction/knn,,
http_req_connecting,1678217729,2.305512,,,,true,,POST,http://20.210.36.32:8080/prediction/knn,HTTP/1.1,contacts,,200,,,http://20.210.36.32:8080/prediction/knn,,
http_req_tls_handshaking,1678217729,0.000000,,,,true,,POST,http://20.210.36.32:8080/prediction/knn,HTTP/1.1,contacts,,200,,,http://20.210.36.32:8080/prediction/knn,,
http_req_sending,1678217729,0.064601,,,,true,,POST,http://20.210.36.32:8080/prediction/knn,HTTP/1.1,contacts,,200,,,http://20.210.36.32:8080/prediction/knn,,
http_req_waiting,1678217729,1849.916182,,,,true,,POST,http://20.210.36.32:8080/prediction/knn,HTTP/1.1,contacts,,200,,,http://20.210.36.32:8080/prediction/knn,,
http_req_receiving,1678217729,14.852182,,,,true,,POST,http://20.210.36.32:8080/prediction/knn,HTTP/1.1,contacts,,200,,,http://20.210.36.32:8080/prediction/knn,,
http_req_failed,1678217729,0.000000,,,,true,,POST,http://20.210.36.32:8080/prediction/knn,HTTP/1.1,contacts,,200,,,http://20.210.36.32:8080/prediction/knn,,
responseTime,1678217729,1864.832965,,,,,,,,,contacts,,,,,,,
data_sent,1678217729,2088.000000,,,,,,,,,contacts,,,,,,,
data_received,1678217729,199.000000,,,,,,,,,contacts,,,,,,,
iteration_duration,1678217729,1867.826981,,,,,,,,,contacts,,,,,,,
iterations,1678217729,1.000000,,,,,,,,,contacts,,,,,,,
data_sent,1678217729,2088.000000,,,,,,,,,contacts,,,,,,,
data_received,1678217729,0.000000,,,,,,,,,contacts,,,,,,,
http_reqs,1678217729,1.000000,,,,true,,POST,http://20.210.36.32:8080/prediction/knn,HTTP/1.1,contacts,,200,,,http://20.210.36.32:8080/prediction/knn,,
http_req_duration,1678217729,1905.602889,,,,true,,POST,http://20.210.36.32:8080/prediction/knn,HTTP/1.1,contacts,,200,,,http://20.210.36.32:8080/prediction/knn,,
http_req_blocked,1678217729,2.359713,,,,true,,POST,http://20.210.36.32:8080/prediction/knn,HTTP/1.1,contacts,,200,,,http://20.210.36.32:8080/prediction/knn,,
http_req_connecting,1678217729,2.287713,,,,true,,POST,http://20.210.36.32:8080/prediction/knn,HTTP/1.1,contacts,,200,,,http://20.210.36.32:8080/prediction/knn,,
http_req_tls_handshaking,1678217729,0.000000,,,,true,,POST,http://20.210.36.32:8080/prediction/knn,HTTP/1.1,contacts,,200,,,http://20.210.36.32:8080/prediction/knn,,
http_req_sending,1678217729,0.091600,,,,true,,POST,http://20.210.36.32:8080/prediction/knn,HTTP/1.1,contacts,,200,,,http://20.210.36.32:8080/prediction/knn,,
http_req_waiting,1678217729,1903.648679,,,,true,,POST,http://20.210.36.32:8080/prediction/knn,HTTP/1.1,contacts,,200,,,http://20.210.36.32:8080/prediction/knn,,
http_req_receiving,1678217729,1.862610,,,,true,,POST,http://20.210.36.32:8080/prediction/knn,HTTP/1.1,contacts,,200,,,http://20.210.36.32:8080/prediction/knn,,
http_req_failed,1678217729,0.000000,,,,true,,POST,http://20.210.36.32:8080/prediction/knn,HTTP/1.1,contacts,,200,,,http://20.210.36.32:8080/prediction/knn,,
responseTime,1678217729,1905.602889,,,,,,,,,contacts,,,,,,,
data_sent,1678217729,2088.000000,,,,,,,,,contacts,,,,,,,
data_received,1678217729,199.000000,,,,,,,,,contacts,,,,,,,
iteration_duration,1678217729,1908.403005,,,,,,,,,contacts,,,,,,,
iterations,1678217729,1.000000,,,,,,,,,contacts,,,,,,,
http_reqs,1678217729,1.000000,,,,true,,POST,http://20.210.36.32:8080/prediction/knn,HTTP/1.1,contacts,,200,,,http://20.210.36.32:8080/prediction/knn,,
http_req_duration,1678217729,1989.765253,,,,true,,POST,http://20.210.36.32:8080/prediction/knn,HTTP/1.1,contacts,,200,,,http://20.210.36.32:8080/prediction/knn,,
http_req_blocked,1678217729,2.050612,,,,true,,POST,http://20.210.36.32:8080/prediction/knn,HTTP/1.1,contacts,,200,,,http://20.210.36.32:8080/prediction/knn,,
http_req_connecting,1678217729,1.968810,,,,true,,POST,http://20.210.36.32:8080/prediction/knn,HTTP/1.1,contacts,,200,,,http://20.210.36.32:8080/prediction/knn,,
http_req_tls_handshaking,1678217729,0.000000,,,,true,,POST,http://20.210.36.32:8080/prediction/knn,HTTP/1.1,contacts,,200,,,http://20.210.36.32:8080/prediction/knn,,
http_req_sending,1678217729,0.064601,,,,true,,POST,http://20.210.36.32:8080/prediction/knn,HTTP/1.1,contacts,,200,,,http://20.210.36.32:8080/prediction/knn,,
http_req_waiting,1678217729,1989.600451,,,,true,,POST,http://20.210.36.32:8080/prediction/knn,HTTP/1.1,contacts,,200,,,http://20.210.36.32:8080/prediction/knn,,
http_req_receiving,1678217729,0.100201,,,,true,,POST,http://20.210.36.32:8080/prediction/knn,HTTP/1.1,contacts,,200,,,http://20.210.36.32:8080/prediction/knn,,
http_req_failed,1678217729,0.000000,,,,true,,POST,http://20.210.36.32:8080/prediction/knn,HTTP/1.1,contacts,,200,,,http://20.210.36.32:8080/prediction/knn,,
responseTime,1678217729,1989.765253,,,,,,,,,contacts,,,,,,,
data_sent,1678217729,2088.000000,,,,,,,,,contacts,,,,,,,
data_received,1678217729,199.000000,,,,,,,,,contacts,,,,,,,
iteration_duration,1678217729,1992.328866,,,,,,,,,contacts,,,,,,,
iterations,1678217729,1.000000,,,,,,,,,contacts,,,,,,,
http_reqs,1678217729,1.000000,,,,true,,POST,http://20.210.36.32:8080/prediction/knn,HTTP/1.1,contacts,,200,,,http://20.210.36.32:8080/prediction/knn,,
http_req_duration,1678217729,1970.153744,,,,true,,POST,http://20.210.36.32:8080/prediction/knn,HTTP/1.1,contacts,,200,,,http://20.210.36.32:8080/prediction/knn,,
http_req_blocked,1678217729,2.341713,,,,true,,POST,http://20.210.36.32:8080/prediction/knn,HTTP/1.1,contacts,,200,,,http://20.210.36.32:8080/prediction/knn,,
http_req_connecting,1678217729,2.277613,,,,true,,POST,http://20.210.36.32:8080/prediction/knn,HTTP/1.1,contacts,,200,,,http://20.210.36.32:8080/prediction/knn,,
http_req_tls_handshaking,1678217729,0.000000,,,,true,,POST,http://20.210.36.32:8080/prediction/knn,HTTP/1.1,contacts,,200,,,http://20.210.36.32:8080/prediction/knn,,
http_req_sending,1678217729,0.055400,,,,true,,POST,http://20.210.36.32:8080/prediction/knn,HTTP/1.1,contacts,,200,,,http://20.210.36.32:8080/prediction/knn,,
http_req_waiting,1678217729,1970.010244,,,,true,,POST,http://20.210.36.32:8080/prediction/knn,HTTP/1.1,contacts,,200,,,http://20.210.36.32:8080/prediction/knn,,
http_req_receiving,1678217729,0.088100,,,,true,,POST,http://20.210.36.32:8080/prediction/knn,HTTP/1.1,contacts,,200,,,http://20.210.36.32:8080/prediction/knn,,
http_req_failed,1678217729,0.000000,,,,true,,POST,http://20.210.36.32:8080/prediction/knn,HTTP/1.1,contacts,,200,,,http://20.210.36.32:8080/prediction/knn,,
responseTime,1678217729,1970.153744,,,,,,,,,contacts,,,,,,,
data_sent,1678217729,2088.000000,,,,,,,,,contacts,,,,,,,
data_received,1678217729,199.000000,,,,,,,,,contacts,,,,,,,
iteration_duration,1678217729,1972.831059,,,,,,,,,contacts,,,,,,,
iterations,1678217729,1.000000,,,,,,,,,contacts,,,,,,,
data_sent,1678217729,2088.000000,,,,,,,,,contacts,,,,,,,
data_received,1678217729,0.000000,,,,,,,,,contacts,,,,,,,
http_reqs,1678217729,1.000000,,,,true,,POST,http://20.210.36.32:8080/prediction/knn,HTTP/1.1,contacts,,200,,,http://20.210.36.32:8080/prediction/knn,,
http_req_duration,1678217729,2067.610081,,,,true,,POST,http://20.210.36.32:8080/prediction/knn,HTTP/1.1,contacts,,200,,,http://20.210.36.32:8080/prediction/knn,,
http_req_blocked,1678217729,2.316013,,,,true,,POST,http://20.210.36.32:8080/prediction/knn,HTTP/1.1,contacts,,200,,,http://20.210.36.32:8080/prediction/knn,,
http_req_connecting,1678217729,2.228812,,,,true,,POST,http://20.210.36.32:8080/prediction/knn,HTTP/1.1,contacts,,200,,,http://20.210.36.32:8080/prediction/knn,,
http_req_tls_handshaking,1678217729,0.000000,,,,true,,POST,http://20.210.36.32:8080/prediction/knn,HTTP/1.1,contacts,,200,,,http://20.210.36.32:8080/prediction/knn,,
http_req_sending,1678217729,0.067700,,,,true,,POST,http://20.210.36.32:8080/prediction/knn,HTTP/1.1,contacts,,200,,,http://20.210.36.32:8080/prediction/knn,,
http_req_waiting,1678217729,2067.417880,,,,true,,POST,http://20.210.36.32:8080/prediction/knn,HTTP/1.1,contacts,,200,,,http://20.210.36.32:8080/prediction/knn,,
http_req_receiving,1678217729,0.124501,,,,true,,POST,http://20.210.36.32:8080/prediction/knn,HTTP/1.1,contacts,,200,,,http://20.210.36.32:8080/prediction/knn,,
http_req_failed,1678217729,0.000000,,,,true,,POST,http://20.210.36.32:8080/prediction/knn,HTTP/1.1,contacts,,200,,,http://20.210.36.32:8080/prediction/knn,,
responseTime,1678217729,2067.610081,,,,,,,,,contacts,,,,,,,
data_sent,1678217729,2088.000000,,,,,,,,,contacts,,,,,,,
data_received,1678217729,199.000000,,,,,,,,,contacts,,,,,,,
iteration_duration,1678217729,2070.528497,,,,,,,,,contacts,,,,,,,
iterations,1678217729,1.000000,,,,,,,,,contacts,,,,,,,
http_reqs,1678217729,1.000000,,,,true,,POST,http://20.210.36.32:8080/prediction/knn,HTTP/1.1,contacts,,200,,,http://20.210.36.32:8080/prediction/knn,,
http_req_duration,1678217729,1916.183347,,,,true,,POST,http://20.210.36.32:8080/prediction/knn,HTTP/1.1,contacts,,200,,,http://20.210.36.32:8080/prediction/knn,,
http_req_blocked,1678217729,1.752609,,,,true,,POST,http://20.210.36.32:8080/prediction/knn,HTTP/1.1,contacts,,200,,,http://20.210.36.32:8080/prediction/knn,,
http_req_connecting,1678217729,1.655009,,,,true,,POST,http://20.210.36.32:8080/prediction/knn,HTTP/1.1,contacts,,200,,,http://20.210.36.32:8080/prediction/knn,,
http_req_tls_handshaking,1678217729,0.000000,,,,true,,POST,http://20.210.36.32:8080/prediction/knn,HTTP/1.1,contacts,,200,,,http://20.210.36.32:8080/prediction/knn,,
http_req_sending,1678217729,0.071600,,,,true,,POST,http://20.210.36.32:8080/prediction/knn,HTTP/1.1,contacts,,200,,,http://20.210.36.32:8080/prediction/knn,,
http_req_waiting,1678217729,1916.040247,,,,true,,POST,http://20.210.36.32:8080/prediction/knn,HTTP/1.1,contacts,,200,,,http://20.210.36.32:8080/prediction/knn,,
http_req_receiving,1678217729,0.071500,,,,true,,POST,http://20.210.36.32:8080/prediction/knn,HTTP/1.1,contacts,,200,,,http://20.210.36.32:8080/prediction/knn,,
http_req_failed,1678217729,0.000000,,,,true,,POST,http://20.210.36.32:8080/prediction/knn,HTTP/1.1,contacts,,200,,,http://20.210.36.32:8080/prediction/knn,,
responseTime,1678217729,1916.183347,,,,,,,,,contacts,,,,,,,
data_sent,1678217729,2088.000000,,,,,,,,,contacts,,,,,,,
data_received,1678217729,199.000000,,,,,,,,,contacts,,,,,,,
iteration_duration,1678217729,1918.733862,,,,,,,,,contacts,,,,,,,
iterations,1678217729,1.000000,,,,,,,,,contacts,,,,,,,
http_reqs,1678217729,1.000000,,,,true,,POST,http://20.210.36.32:8080/prediction/knn,HTTP/1.1,contacts,,200,,,http://20.210.36.32:8080/prediction/knn,,
http_req_duration,1678217729,2033.120191,,,,true,,POST,http://20.210.36.32:8080/prediction/knn,HTTP/1.1,contacts,,200,,,http://20.210.36.32:8080/prediction/knn,,
http_req_blocked,1678217729,2.180212,,,,true,,POST,http://20.210.36.32:8080/prediction/knn,HTTP/1.1,contacts,,200,,,http://20.210.36.32:8080/prediction/knn,,
http_req_connecting,1678217729,2.111411,,,,true,,POST,http://20.210.36.32:8080/prediction/knn,HTTP/1.1,contacts,,200,,,http://20.210.36.32:8080/prediction/knn,,
http_req_tls_handshaking,1678217729,0.000000,,,,true,,POST,http://20.210.36.32:8080/prediction/knn,HTTP/1.1,contacts,,200,,,http://20.210.36.32:8080/prediction/knn,,
http_req_sending,1678217729,0.076301,,,,true,,POST,http://20.210.36.32:8080/prediction/knn,HTTP/1.1,contacts,,200,,,http://20.210.36.32:8080/prediction/knn,,
http_req_waiting,1678217729,2032.983590,,,,true,,POST,http://20.210.36.32:8080/prediction/knn,HTTP/1.1,contacts,,200,,,http://20.210.36.32:8080/prediction/knn,,
http_req_receiving,1678217729,0.060300,,,,true,,POST,http://20.210.36.32:8080/prediction/knn,HTTP/1.1,contacts,,200,,,http://20.210.36.32:8080/prediction/knn,,
http_req_failed,1678217729,0.000000,,,,true,,POST,http://20.210.36.32:8080/prediction/knn,HTTP/1.1,contacts,,200,,,http://20.210.36.32:8080/prediction/knn,,
responseTime,1678217729,2033.120191,,,,,,,,,contacts,,,,,,,
data_sent,1678217729,2088.000000,,,,,,,,,contacts,,,,,,,
data_received,1678217729,199.000000,,,,,,,,,contacts,,,,,,,
iteration_duration,1678217729,2035.794706,,,,,,,,,contacts,,,,,,,
iterations,1678217729,1.000000,,,,,,,,,contacts,,,,,,,
http_reqs,1678217729,1.000000,,,,true,,POST,http://20.210.36.32:8080/prediction/knn,HTTP/1.1,contacts,,200,,,http://20.210.36.32:8080/prediction/knn,,
http_req_duration,1678217729,1754.324656,,,,true,,POST,http://20.210.36.32:8080/prediction/knn,HTTP/1.1,contacts,,200,,,http://20.210.36.32:8080/prediction/knn,,
http_req_blocked,1678217729,4.103323,,,,true,,POST,http://20.210.36.32:8080/prediction/knn,HTTP/1.1,contacts,,200,,,http://20.210.36.32:8080/prediction/knn,,
http_req_connecting,1678217729,4.034723,,,,true,,POST,http://20.210.36.32:8080/prediction/knn,HTTP/1.1,contacts,,200,,,http://20.210.36.32:8080/prediction/knn,,
http_req_tls_handshaking,1678217729,0.000000,,,,true,,POST,http://20.210.36.32:8080/prediction/knn,HTTP/1.1,contacts,,200,,,http://20.210.36.32:8080/prediction/knn,,
http_req_sending,1678217729,0.081500,,,,true,,POST,http://20.210.36.32:8080/prediction/knn,HTTP/1.1,contacts,,200,,,http://20.210.36.32:8080/prediction/knn,,
http_req_waiting,1678217729,1754.144155,,,,true,,POST,http://20.210.36.32:8080/prediction/knn,HTTP/1.1,contacts,,200,,,http://20.210.36.32:8080/prediction/knn,,
http_req_receiving,1678217729,0.099001,,,,true,,POST,http://20.210.36.32:8080/prediction/knn,HTTP/1.1,contacts,,200,,,http://20.210.36.32:8080/prediction/knn,,
http_req_failed,1678217729,0.000000,,,,true,,POST,http://20.210.36.32:8080/prediction/knn,HTTP/1.1,contacts,,200,,,http://20.210.36.32:8080/prediction/knn,,
responseTime,1678217729,1754.324656,,,,,,,,,contacts,,,,,,,
data_sent,1678217729,2088.000000,,,,,,,,,contacts,,,,,,,
data_received,1678217729,199.000000,,,,,,,,,contacts,,,,,,,
iteration_duration,1678217729,1758.824381,,,,,,,,,contacts,,,,,,,
iterations,1678217729,1.000000,,,,,,,,,contacts,,,,,,,
http_reqs,1678217729,1.000000,,,,true,,POST,http://20.210.36.32:8080/prediction/knn,HTTP/1.1,contacts,,200,,,http://20.210.36.32:8080/prediction/knn,,
http_req_duration,1678217729,1945.399708,,,,true,,POST,http://20.210.36.32:8080/prediction/knn,HTTP/1.1,contacts,,200,,,http://20.210.36.32:8080/prediction/knn,,
http_req_blocked,1678217729,2.040711,,,,true,,POST,http://20.210.36.32:8080/prediction/knn,HTTP/1.1,contacts,,200,,,http://20.210.36.32:8080/prediction/knn,,
http_req_connecting,1678217729,1.978511,,,,true,,POST,http://20.210.36.32:8080/prediction/knn,HTTP/1.1,contacts,,200,,,http://20.210.36.32:8080/prediction/knn,,
http_req_tls_handshaking,1678217729,0.000000,,,,true,,POST,http://20.210.36.32:8080/prediction/knn,HTTP/1.1,contacts,,200,,,http://20.210.36.32:8080/prediction/knn,,
http_req_sending,1678217729,0.062500,,,,true,,POST,http://20.210.36.32:8080/prediction/knn,HTTP/1.1,contacts,,200,,,http://20.210.36.32:8080/prediction/knn,,
http_req_waiting,1678217729,1945.255708,,,,true,,POST,http://20.210.36.32:8080/prediction/knn,HTTP/1.1,contacts,,200,,,http://20.210.36.32:8080/prediction/knn,,
http_req_receiving,1678217729,0.081500,,,,true,,POST,http://20.210.36.32:8080/prediction/knn,HTTP/1.1,contacts,,200,,,http://20.210.36.32:8080/prediction/knn,,
http_req_failed,1678217729,0.000000,,,,true,,POST,http://20.210.36.32:8080/prediction/knn,HTTP/1.1,contacts,,200,,,http://20.210.36.32:8080/prediction/knn,,
http_reqs,1678217729,1.000000,,,,true,,POST,http://20.210.36.32:8080/prediction/knn,HTTP/1.1,contacts,,200,,,http://20.210.36.32:8080/prediction/knn,,
http_req_duration,1678217729,1899.765957,,,,true,,POST,http://20.210.36.32:8080/prediction/knn,HTTP/1.1,contacts,,200,,,http://20.210.36.32:8080/prediction/knn,,
http_req_blocked,1678217729,4.025422,,,,true,,POST,http://20.210.36.32:8080/prediction/knn,HTTP/1.1,contacts,,200,,,http://20.210.36.32:8080/prediction/knn,,
http_req_connecting,1678217729,3.926722,,,,true,,POST,http://20.210.36.32:8080/prediction/knn,HTTP/1.1,contacts,,200,,,http://20.210.36.32:8080/prediction/knn,,
http_req_tls_handshaking,1678217729,0.000000,,,,true,,POST,http://20.210.36.32:8080/prediction/knn,HTTP/1.1,contacts,,200,,,http://20.210.36.32:8080/prediction/knn,,
http_req_sending,1678217729,0.099501,,,,true,,POST,http://20.210.36.32:8080/prediction/knn,HTTP/1.1,contacts,,200,,,http://20.210.36.32:8080/prediction/knn,,
http_req_waiting,1678217729,1899.597156,,,,true,,POST,http://20.210.36.32:8080/prediction/knn,HTTP/1.1,contacts,,200,,,http://20.210.36.32:8080/prediction/knn,,
http_req_receiving,1678217729,0.069300,,,,true,,POST,http://20.210.36.32:8080/prediction/knn,HTTP/1.1,contacts,,200,,,http://20.210.36.32:8080/prediction/knn,,
http_req_failed,1678217729,0.000000,,,,true,,POST,http://20.210.36.32:8080/prediction/knn,HTTP/1.1,contacts,,200,,,http://20.210.36.32:8080/prediction/knn,,
responseTime,1678217729,1945.399708,,,,,,,,,contacts,,,,,,,
data_sent,1678217729,2088.000000,,,,,,,,,contacts,,,,,,,
data_received,1678217729,199.000000,,,,,,,,,contacts,,,,,,,
iteration_duration,1678217729,1947.860422,,,,,,,,,contacts,,,,,,,
iterations,1678217729,1.000000,,,,,,,,,contacts,,,,,,,
responseTime,1678217729,1899.765957,,,,,,,,,contacts,,,,,,,
data_sent,1678217729,2088.000000,,,,,,,,,contacts,,,,,,,
data_received,1678217729,199.000000,,,,,,,,,contacts,,,,,,,
iteration_duration,1678217729,1904.628484,,,,,,,,,contacts,,,,,,,
iterations,1678217729,1.000000,,,,,,,,,contacts,,,,,,,
data_sent,1678217729,2088.000000,,,,,,,,,contacts,,,,,,,
data_received,1678217729,0.000000,,,,,,,,,contacts,,,,,,,
http_reqs,1678217729,1.000000,,,,true,,POST,http://20.210.36.32:8080/prediction/knn,HTTP/1.1,contacts,,200,,,http://20.210.36.32:8080/prediction/knn,,
http_req_duration,1678217729,1832.710088,,,,true,,POST,http://20.210.36.32:8080/prediction/knn,HTTP/1.1,contacts,,200,,,http://20.210.36.32:8080/prediction/knn,,
http_req_blocked,1678217729,3.949722,,,,true,,POST,http://20.210.36.32:8080/prediction/knn,HTTP/1.1,contacts,,200,,,http://20.210.36.32:8080/prediction/knn,,
http_req_connecting,1678217729,3.889122,,,,true,,POST,http://20.210.36.32:8080/prediction/knn,HTTP/1.1,contacts,,200,,,http://20.210.36.32:8080/prediction/knn,,
http_req_tls_handshaking,1678217729,0.000000,,,,true,,POST,http://20.210.36.32:8080/prediction/knn,HTTP/1.1,contacts,,200,,,http://20.210.36.32:8080/prediction/knn,,
http_req_sending,1678217729,0.086000,,,,true,,POST,http://20.210.36.32:8080/prediction/knn,HTTP/1.1,contacts,,200,,,http://20.210.36.32:8080/prediction/knn,,
http_req_waiting,1678217729,1832.500387,,,,true,,POST,http://20.210.36.32:8080/prediction/knn,HTTP/1.1,contacts,,200,,,http://20.210.36.32:8080/prediction/knn,,
http_req_receiving,1678217729,0.123701,,,,true,,POST,http://20.210.36.32:8080/prediction/knn,HTTP/1.1,contacts,,200,,,http://20.210.36.32:8080/prediction/knn,,
http_req_failed,1678217729,0.000000,,,,true,,POST,http://20.210.36.32:8080/prediction/knn,HTTP/1.1,contacts,,200,,,http://20.210.36.32:8080/prediction/knn,,
responseTime,1678217729,1832.710088,,,,,,,,,contacts,,,,,,,
data_sent,1678217729,2088.000000,,,,,,,,,contacts,,,,,,,
data_received,1678217729,199.000000,,,,,,,,,contacts,,,,,,,
iteration_duration,1678217729,1837.056012,,,,,,,,,contacts,,,,,,,
iterations,1678217729,1.000000,,,,,,,,,contacts,,,,,,,
http_reqs,1678217729,1.000000,,,,true,,POST,http://20.210.36.32:8080/prediction/knn,HTTP/1.1,contacts,,200,,,http://20.210.36.32:8080/prediction/knn,,
http_req_duration,1678217729,1872.922210,,,,true,,POST,http://20.210.36.32:8080/prediction/knn,HTTP/1.1,contacts,,200,,,http://20.210.36.32:8080/prediction/knn,,
http_req_blocked,1678217729,4.262224,,,,true,,POST,http://20.210.36.32:8080/prediction/knn,HTTP/1.1,contacts,,200,,,http://20.210.36.32:8080/prediction/knn,,
http_req_connecting,1678217729,4.185823,,,,true,,POST,http://20.210.36.32:8080/prediction/knn,HTTP/1.1,contacts,,200,,,http://20.210.36.32:8080/prediction/knn,,
http_req_tls_handshaking,1678217729,0.000000,,,,true,,POST,http://20.210.36.32:8080/prediction/knn,HTTP/1.1,contacts,,200,,,http://20.210.36.32:8080/prediction/knn,,
http_req_sending,1678217729,0.084601,,,,true,,POST,http://20.210.36.32:8080/prediction/knn,HTTP/1.1,contacts,,200,,,http://20.210.36.32:8080/prediction/knn,,
http_req_waiting,1678217729,1872.743108,,,,true,,POST,http://20.210.36.32:8080/prediction/knn,HTTP/1.1,contacts,,200,,,http://20.210.36.32:8080/prediction/knn,,
http_req_receiving,1678217729,0.094501,,,,true,,POST,http://20.210.36.32:8080/prediction/knn,HTTP/1.1,contacts,,200,,,http://20.210.36.32:8080/prediction/knn,,
http_req_failed,1678217729,0.000000,,,,true,,POST,http://20.210.36.32:8080/prediction/knn,HTTP/1.1,contacts,,200,,,http://20.210.36.32:8080/prediction/knn,,
http_reqs,1678217729,1.000000,,,,true,,POST,http://20.210.36.32:8080/prediction/knn,HTTP/1.1,contacts,,200,,,http://20.210.36.32:8080/prediction/knn,,
http_req_duration,1678217729,1758.751181,,,,true,,POST,http://20.210.36.32:8080/prediction/knn,HTTP/1.1,contacts,,200,,,http://20.210.36.32:8080/prediction/knn,,
http_req_blocked,1678217729,3.733921,,,,true,,POST,http://20.210.36.32:8080/prediction/knn,HTTP/1.1,contacts,,200,,,http://20.210.36.32:8080/prediction/knn,,
http_req_connecting,1678217729,3.688620,,,,true,,POST,http://20.210.36.32:8080/prediction/knn,HTTP/1.1,contacts,,200,,,http://20.210.36.32:8080/prediction/knn,,
http_req_tls_handshaking,1678217729,0.000000,,,,true,,POST,http://20.210.36.32:8080/prediction/knn,HTTP/1.1,contacts,,200,,,http://20.210.36.32:8080/prediction/knn,,
http_req_sending,1678217729,0.046300,,,,true,,POST,http://20.210.36.32:8080/prediction/knn,HTTP/1.1,contacts,,200,,,http://20.210.36.32:8080/prediction/knn,,
http_req_waiting,1678217729,1758.645980,,,,true,,POST,http://20.210.36.32:8080/prediction/knn,HTTP/1.1,contacts,,200,,,http://20.210.36.32:8080/prediction/knn,,
http_req_receiving,1678217729,0.058901,,,,true,,POST,http://20.210.36.32:8080/prediction/knn,HTTP/1.1,contacts,,200,,,http://20.210.36.32:8080/prediction/knn,,
http_req_failed,1678217729,0.000000,,,,true,,POST,http://20.210.36.32:8080/prediction/knn,HTTP/1.1,contacts,,200,,,http://20.210.36.32:8080/prediction/knn,,
responseTime,1678217729,1872.922210,,,,,,,,,contacts,,,,,,,
data_sent,1678217729,2088.000000,,,,,,,,,contacts,,,,,,,
data_received,1678217729,199.000000,,,,,,,,,contacts,,,,,,,
iteration_duration,1678217729,1877.862737,,,,,,,,,contacts,,,,,,,
iterations,1678217729,1.000000,,,,,,,,,contacts,,,,,,,
responseTime,1678217729,1758.751181,,,,,,,,,contacts,,,,,,,
data_sent,1678217729,2088.000000,,,,,,,,,contacts,,,,,,,
data_received,1678217729,199.000000,,,,,,,,,contacts,,,,,,,
iteration_duration,1678217729,1763.226105,,,,,,,,,contacts,,,,,,,
iterations,1678217729,1.000000,,,,,,,,,contacts,,,,,,,
http_reqs,1678217729,1.000000,,,,true,,POST,http://20.210.36.32:8080/prediction/knn,HTTP/1.1,contacts,,200,,,http://20.210.36.32:8080/prediction/knn,,
http_req_duration,1678217729,1710.114113,,,,true,,POST,http://20.210.36.32:8080/prediction/knn,HTTP/1.1,contacts,,200,,,http://20.210.36.32:8080/prediction/knn,,
http_req_blocked,1678217729,4.419924,,,,true,,POST,http://20.210.36.32:8080/prediction/knn,HTTP/1.1,contacts,,200,,,http://20.210.36.32:8080/prediction/knn,,
http_req_connecting,1678217729,4.324324,,,,true,,POST,http://20.210.36.32:8080/prediction/knn,HTTP/1.1,contacts,,200,,,http://20.210.36.32:8080/prediction/knn,,
http_req_tls_handshaking,1678217729,0.000000,,,,true,,POST,http://20.210.36.32:8080/prediction/knn,HTTP/1.1,contacts,,200,,,http://20.210.36.32:8080/prediction/knn,,
http_req_sending,1678217729,0.123901,,,,true,,POST,http://20.210.36.32:8080/prediction/knn,HTTP/1.1,contacts,,200,,,http://20.210.36.32:8080/prediction/knn,,
http_req_waiting,1678217729,1709.853311,,,,true,,POST,http://20.210.36.32:8080/prediction/knn,HTTP/1.1,contacts,,200,,,http://20.210.36.32:8080/prediction/knn,,
http_req_receiving,1678217729,0.136901,,,,true,,POST,http://20.210.36.32:8080/prediction/knn,HTTP/1.1,contacts,,200,,,http://20.210.36.32:8080/prediction/knn,,
http_req_failed,1678217729,0.000000,,,,true,,POST,http://20.210.36.32:8080/prediction/knn,HTTP/1.1,contacts,,200,,,http://20.210.36.32:8080/prediction/knn,,
responseTime,1678217729,1710.114113,,,,,,,,,contacts,,,,,,,
data_sent,1678217729,2088.000000,,,,,,,,,contacts,,,,,,,
data_received,1678217729,199.000000,,,,,,,,,contacts,,,,,,,
iteration_duration,1678217729,1714.990140,,,,,,,,,contacts,,,,,,,
iterations,1678217729,1.000000,,,,,,,,,contacts,,,,,,,
http_reqs,1678217729,1.000000,,,,true,,POST,http://20.210.36.32:8080/prediction/knn,HTTP/1.1,contacts,,200,,,http://20.210.36.32:8080/prediction/knn,,
http_req_duration,1678217729,1653.763503,,,,true,,POST,http://20.210.36.32:8080/prediction/knn,HTTP/1.1,contacts,,200,,,http://20.210.36.32:8080/prediction/knn,,
http_req_blocked,1678217729,4.082122,,,,true,,POST,http://20.210.36.32:8080/prediction/knn,HTTP/1.1,contacts,,200,,,http://20.210.36.32:8080/prediction/knn,,
http_req_connecting,1678217729,3.992622,,,,true,,POST,http://20.210.36.32:8080/prediction/knn,HTTP/1.1,contacts,,200,,,http://20.210.36.32:8080/prediction/knn,,
http_req_tls_handshaking,1678217729,0.000000,,,,true,,POST,http://20.210.36.32:8080/prediction/knn,HTTP/1.1,contacts,,200,,,http://20.210.36.32:8080/prediction/knn,,
http_req_sending,1678217729,0.109301,,,,true,,POST,http://20.210.36.32:8080/prediction/knn,HTTP/1.1,contacts,,200,,,http://20.210.36.32:8080/prediction/knn,,
http_req_waiting,1678217729,1653.525201,,,,true,,POST,http://20.210.36.32:8080/prediction/knn,HTTP/1.1,contacts,,200,,,http://20.210.36.32:8080/prediction/knn,,
http_req_receiving,1678217729,0.129001,,,,true,,POST,http://20.210.36.32:8080/prediction/knn,HTTP/1.1,contacts,,200,,,http://20.210.36.32:8080/prediction/knn,,
http_req_failed,1678217729,0.000000,,,,true,,POST,http://20.210.36.32:8080/prediction/knn,HTTP/1.1,contacts,,200,,,http://20.210.36.32:8080/prediction/knn,,
responseTime,1678217729,1653.763503,,,,,,,,,contacts,,,,,,,
data_sent,1678217729,2088.000000,,,,,,,,,contacts,,,,,,,
data_received,1678217729,199.000000,,,,,,,,,contacts,,,,,,,
iteration_duration,1678217729,1658.283628,,,,,,,,,contacts,,,,,,,
iterations,1678217729,1.000000,,,,,,,,,contacts,,,,,,,
data_sent,1678217729,2088.000000,,,,,,,,,contacts,,,,,,,
data_received,1678217729,0.000000,,,,,,,,,contacts,,,,,,,
vus,1678217729,51.000000,,,,,,,,,,,,,,,,
vus_max,1678217729,100.000000,,,,,,,,,,,,,,,,
http_reqs,1678217729,1.000000,,,,true,,POST,http://20.210.36.32:8080/prediction/knn,HTTP/1.1,contacts,,200,,,http://20.210.36.32:8080/prediction/knn,,
http_req_duration,1678217729,1713.326531,,,,true,,POST,http://20.210.36.32:8080/prediction/knn,HTTP/1.1,contacts,,200,,,http://20.210.36.32:8080/prediction/knn,,
http_req_blocked,1678217729,4.123422,,,,true,,POST,http://20.210.36.32:8080/prediction/knn,HTTP/1.1,contacts,,200,,,http://20.210.36.32:8080/prediction/knn,,
http_req_connecting,1678217729,4.050522,,,,true,,POST,http://20.210.36.32:8080/prediction/knn,HTTP/1.1,contacts,,200,,,http://20.210.36.32:8080/prediction/knn,,
http_req_tls_handshaking,1678217729,0.000000,,,,true,,POST,http://20.210.36.32:8080/prediction/knn,HTTP/1.1,contacts,,200,,,http://20.210.36.32:8080/prediction/knn,,
http_req_sending,1678217729,0.080001,,,,true,,POST,http://20.210.36.32:8080/prediction/knn,HTTP/1.1,contacts,,200,,,http://20.210.36.32:8080/prediction/knn,,
http_req_waiting,1678217729,1713.111029,,,,true,,POST,http://20.210.36.32:8080/prediction/knn,HTTP/1.1,contacts,,200,,,http://20.210.36.32:8080/prediction/knn,,
http_req_receiving,1678217729,0.135501,,,,true,,POST,http://20.210.36.32:8080/prediction/knn,HTTP/1.1,contacts,,200,,,http://20.210.36.32:8080/prediction/knn,,
http_req_failed,1678217729,0.000000,,,,true,,POST,http://20.210.36.32:8080/prediction/knn,HTTP/1.1,contacts,,200,,,http://20.210.36.32:8080/prediction/knn,,
responseTime,1678217729,1713.326531,,,,,,,,,contacts,,,,,,,
data_sent,1678217729,2088.000000,,,,,,,,,contacts,,,,,,,
data_received,1678217729,199.000000,,,,,,,,,contacts,,,,,,,
iteration_duration,1678217729,1717.913756,,,,,,,,,contacts,,,,,,,
iterations,1678217729,1.000000,,,,,,,,,contacts,,,,,,,
http_reqs,1678217729,1.000000,,,,true,,POST,http://20.210.36.32:8080/prediction/knn,HTTP/1.1,contacts,,200,,,http://20.210.36.32:8080/prediction/knn,,
http_req_duration,1678217729,1803.431926,,,,true,,POST,http://20.210.36.32:8080/prediction/knn,HTTP/1.1,contacts,,200,,,http://20.210.36.32:8080/prediction/knn,,
http_req_blocked,1678217729,4.311424,,,,true,,POST,http://20.210.36.32:8080/prediction/knn,HTTP/1.1,contacts,,200,,,http://20.210.36.32:8080/prediction/knn,,
http_req_connecting,1678217729,4.044923,,,,true,,POST,http://20.210.36.32:8080/prediction/knn,HTTP/1.1,contacts,,200,,,http://20.210.36.32:8080/prediction/knn,,
http_req_tls_handshaking,1678217729,0.000000,,,,true,,POST,http://20.210.36.32:8080/prediction/knn,HTTP/1.1,contacts,,200,,,http://20.210.36.32:8080/prediction/knn,,
http_req_sending,1678217729,0.220301,,,,true,,POST,http://20.210.36.32:8080/prediction/knn,HTTP/1.1,contacts,,200,,,http://20.210.36.32:8080/prediction/knn,,
http_req_waiting,1678217729,1803.131825,,,,true,,POST,http://20.210.36.32:8080/prediction/knn,HTTP/1.1,contacts,,200,,,http://20.210.36.32:8080/prediction/knn,,
http_req_receiving,1678217729,0.079800,,,,true,,POST,http://20.210.36.32:8080/prediction/knn,HTTP/1.1,contacts,,200,,,http://20.210.36.32:8080/prediction/knn,,
http_req_failed,1678217729,0.000000,,,,true,,POST,http://20.210.36.32:8080/prediction/knn,HTTP/1.1,contacts,,200,,,http://20.210.36.32:8080/prediction/knn,,
responseTime,1678217729,1803.431926,,,,,,,,,contacts,,,,,,,
data_sent,1678217729,2088.000000,,,,,,,,,contacts,,,,,,,
data_received,1678217729,199.000000,,,,,,,,,contacts,,,,,,,
iteration_duration,1678217729,1808.040852,,,,,,,,,contacts,,,,,,,
iterations,1678217729,1.000000,,,,,,,,,contacts,,,,,,,
http_reqs,1678217729,1.000000,,,,true,,POST,http://20.210.36.32:8080/prediction/knn,HTTP/1.1,contacts,,200,,,http://20.210.36.32:8080/prediction/knn,,
http_req_duration,1678217729,1891.652112,,,,true,,POST,http://20.210.36.32:8080/prediction/knn,HTTP/1.1,contacts,,200,,,http://20.210.36.32:8080/prediction/knn,,
http_req_blocked,1678217729,3.982922,,,,true,,POST,http://20.210.36.32:8080/prediction/knn,HTTP/1.1,contacts,,200,,,http://20.210.36.32:8080/prediction/knn,,
http_req_connecting,1678217729,3.883222,,,,true,,POST,http://20.210.36.32:8080/prediction/knn,HTTP/1.1,contacts,,200,,,http://20.210.36.32:8080/prediction/knn,,
http_req_tls_handshaking,1678217729,0.000000,,,,true,,POST,http://20.210.36.32:8080/prediction/knn,HTTP/1.1,contacts,,200,,,http://20.210.36.32:8080/prediction/knn,,
http_req_sending,1678217729,0.145801,,,,true,,POST,http://20.210.36.32:8080/prediction/knn,HTTP/1.1,contacts,,200,,,http://20.210.36.32:8080/prediction/knn,,
http_req_waiting,1678217729,1891.399310,,,,true,,POST,http://20.210.36.32:8080/prediction/knn,HTTP/1.1,contacts,,200,,,http://20.210.36.32:8080/prediction/knn,,
http_req_receiving,1678217729,0.107001,,,,true,,POST,http://20.210.36.32:8080/prediction/knn,HTTP/1.1,contacts,,200,,,http://20.210.36.32:8080/prediction/knn,,
http_req_failed,1678217729,0.000000,,,,true,,POST,http://20.210.36.32:8080/prediction/knn,HTTP/1.1,contacts,,200,,,http://20.210.36.32:8080/prediction/knn,,
responseTime,1678217729,1891.652112,,,,,,,,,contacts,,,,,,,
data_sent,1678217729,2088.000000,,,,,,,,,contacts,,,,,,,
data_received,1678217729,199.000000,,,,,,,,,contacts,,,,,,,
iteration_duration,1678217729,1896.067236,,,,,,,,,contacts,,,,,,,
iterations,1678217729,1.000000,,,,,,,,,contacts,,,,,,,
http_reqs,1678217729,1.000000,,,,true,,POST,http://20.210.36.32:8080/prediction/knn,HTTP/1.1,contacts,,200,,,http://20.210.36.32:8080/prediction/knn,,
http_req_duration,1678217729,1625.701348,,,,true,,POST,http://20.210.36.32:8080/prediction/knn,HTTP/1.1,contacts,,200,,,http://20.210.36.32:8080/prediction/knn,,
http_req_blocked,1678217729,3.948622,,,,true,,POST,http://20.210.36.32:8080/prediction/knn,HTTP/1.1,contacts,,200,,,http://20.210.36.32:8080/prediction/knn,,
http_req_connecting,1678217729,3.877722,,,,true,,POST,http://20.210.36.32:8080/prediction/knn,HTTP/1.1,contacts,,200,,,http://20.210.36.32:8080/prediction/knn,,
http_req_tls_handshaking,1678217729,0.000000,,,,true,,POST,http://20.210.36.32:8080/prediction/knn,HTTP/1.1,contacts,,200,,,http://20.210.36.32:8080/prediction/knn,,
http_req_sending,1678217729,0.096700,,,,true,,POST,http://20.210.36.32:8080/prediction/knn,HTTP/1.1,contacts,,200,,,http://20.210.36.32:8080/prediction/knn,,
http_req_waiting,1678217729,1610.187863,,,,true,,POST,http://20.210.36.32:8080/prediction/knn,HTTP/1.1,contacts,,200,,,http://20.210.36.32:8080/prediction/knn,,
http_req_receiving,1678217729,15.416785,,,,true,,POST,http://20.210.36.32:8080/prediction/knn,HTTP/1.1,contacts,,200,,,http://20.210.36.32:8080/prediction/knn,,
http_req_failed,1678217729,0.000000,,,,true,,POST,http://20.210.36.32:8080/prediction/knn,HTTP/1.1,contacts,,200,,,http://20.210.36.32:8080/prediction/knn,,
responseTime,1678217729,1625.701348,,,,,,,,,contacts,,,,,,,
data_sent,1678217729,2088.000000,,,,,,,,,contacts,,,,,,,
data_received,1678217729,199.000000,,,,,,,,,contacts,,,,,,,
iteration_duration,1678217729,1630.300274,,,,,,,,,contacts,,,,,,,
iterations,1678217729,1.000000,,,,,,,,,contacts,,,,,,,
http_reqs,1678217729,1.000000,,,,true,,POST,http://20.210.36.32:8080/prediction/knn,HTTP/1.1,contacts,,200,,,http://20.210.36.32:8080/prediction/knn,,
http_req_duration,1678217729,1637.802915,,,,true,,POST,http://20.210.36.32:8080/prediction/knn,HTTP/1.1,contacts,,200,,,http://20.210.36.32:8080/prediction/knn,,
http_req_blocked,1678217729,3.801520,,,,true,,POST,http://20.210.36.32:8080/prediction/knn,HTTP/1.1,contacts,,200,,,http://20.210.36.32:8080/prediction/knn,,
http_req_connecting,1678217729,3.687620,,,,true,,POST,http://20.210.36.32:8080/prediction/knn,HTTP/1.1,contacts,,200,,,http://20.210.36.32:8080/prediction/knn,,
http_req_tls_handshaking,1678217729,0.000000,,,,true,,POST,http://20.210.36.32:8080/prediction/knn,HTTP/1.1,contacts,,200,,,http://20.210.36.32:8080/prediction/knn,,
http_req_sending,1678217729,0.070001,,,,true,,POST,http://20.210.36.32:8080/prediction/knn,HTTP/1.1,contacts,,200,,,http://20.210.36.32:8080/prediction/knn,,
http_req_waiting,1678217729,1637.623714,,,,true,,POST,http://20.210.36.32:8080/prediction/knn,HTTP/1.1,contacts,,200,,,http://20.210.36.32:8080/prediction/knn,,
http_req_receiving,1678217729,0.109200,,,,true,,POST,http://20.210.36.32:8080/prediction/knn,HTTP/1.1,contacts,,200,,,http://20.210.36.32:8080/prediction/knn,,
http_req_failed,1678217729,0.000000,,,,true,,POST,http://20.210.36.32:8080/prediction/knn,HTTP/1.1,contacts,,200,,,http://20.210.36.32:8080/prediction/knn,,
responseTime,1678217729,1637.802915,,,,,,,,,contacts,,,,,,,
data_sent,1678217729,2088.000000,,,,,,,,,contacts,,,,,,,
data_received,1678217729,199.000000,,,,,,,,,contacts,,,,,,,
iteration_duration,1678217729,1642.329440,,,,,,,,,contacts,,,,,,,
iterations,1678217729,1.000000,,,,,,,,,contacts,,,,,,,
data_sent,1678217729,2088.000000,,,,,,,,,contacts,,,,,,,
data_received,1678217729,0.000000,,,,,,,,,contacts,,,,,,,
http_reqs,1678217729,1.000000,,,,true,,POST,http://20.210.36.32:8080/prediction/knn,HTTP/1.1,contacts,,200,,,http://20.210.36.32:8080/prediction/knn,,
http_req_duration,1678217729,1644.043750,,,,true,,POST,http://20.210.36.32:8080/prediction/knn,HTTP/1.1,contacts,,200,,,http://20.210.36.32:8080/prediction/knn,,
http_req_blocked,1678217729,4.334524,,,,true,,POST,http://20.210.36.32:8080/prediction/knn,HTTP/1.1,contacts,,200,,,http://20.210.36.32:8080/prediction/knn,,
http_req_connecting,1678217729,4.256723,,,,true,,POST,http://20.210.36.32:8080/prediction/knn,HTTP/1.1,contacts,,200,,,http://20.210.36.32:8080/prediction/knn,,
http_req_tls_handshaking,1678217729,0.000000,,,,true,,POST,http://20.210.36.32:8080/prediction/knn,HTTP/1.1,contacts,,200,,,http://20.210.36.32:8080/prediction/knn,,
http_req_sending,1678217729,0.055800,,,,true,,POST,http://20.210.36.32:8080/prediction/knn,HTTP/1.1,contacts,,200,,,http://20.210.36.32:8080/prediction/knn,,
http_req_waiting,1678217729,1641.408235,,,,true,,POST,http://20.210.36.32:8080/prediction/knn,HTTP/1.1,contacts,,200,,,http://20.210.36.32:8080/prediction/knn,,
http_req_receiving,1678217729,2.579715,,,,true,,POST,http://20.210.36.32:8080/prediction/knn,HTTP/1.1,contacts,,200,,,http://20.210.36.32:8080/prediction/knn,,
http_req_failed,1678217729,0.000000,,,,true,,POST,http://20.210.36.32:8080/prediction/knn,HTTP/1.1,contacts,,200,,,http://20.210.36.32:8080/prediction/knn,,
responseTime,1678217729,1644.043750,,,,,,,,,contacts,,,,,,,
data_sent,1678217729,2088.000000,,,,,,,,,contacts,,,,,,,
data_received,1678217729,199.000000,,,,,,,,,contacts,,,,,,,
iteration_duration,1678217729,1648.889576,,,,,,,,,contacts,,,,,,,
iterations,1678217729,1.000000,,,,,,,,,contacts,,,,,,,
http_reqs,1678217729,1.000000,,,,true,,POST,http://20.210.36.32:8080/prediction/knn,HTTP/1.1,contacts,,200,,,http://20.210.36.32:8080/prediction/knn,,
http_req_duration,1678217729,1575.510372,,,,true,,POST,http://20.210.36.32:8080/prediction/knn,HTTP/1.1,contacts,,200,,,http://20.210.36.32:8080/prediction/knn,,
http_req_blocked,1678217729,3.851421,,,,true,,POST,http://20.210.36.32:8080/prediction/knn,HTTP/1.1,contacts,,200,,,http://20.210.36.32:8080/prediction/knn,,
http_req_connecting,1678217729,3.783621,,,,true,,POST,http://20.210.36.32:8080/prediction/knn,HTTP/1.1,contacts,,200,,,http://20.210.36.32:8080/prediction/knn,,
http_req_tls_handshaking,1678217729,0.000000,,,,true,,POST,http://20.210.36.32:8080/prediction/knn,HTTP/1.1,contacts,,200,,,http://20.210.36.32:8080/prediction/knn,,
http_req_sending,1678217729,0.061101,,,,true,,POST,http://20.210.36.32:8080/prediction/knn,HTTP/1.1,contacts,,200,,,http://20.210.36.32:8080/prediction/knn,,
http_req_waiting,1678217729,1575.329371,,,,true,,POST,http://20.210.36.32:8080/prediction/knn,HTTP/1.1,contacts,,200,,,http://20.210.36.32:8080/prediction/knn,,
http_req_receiving,1678217729,0.119900,,,,true,,POST,http://20.210.36.32:8080/prediction/knn,HTTP/1.1,contacts,,200,,,http://20.210.36.32:8080/prediction/knn,,
http_req_failed,1678217729,0.000000,,,,true,,POST,http://20.210.36.32:8080/prediction/knn,HTTP/1.1,contacts,,200,,,http://20.210.36.32:8080/prediction/knn,,
http_reqs,1678217729,1.000000,,,,true,,POST,http://20.210.36.32:8080/prediction/knn,HTTP/1.1,contacts,,200,,,http://20.210.36.32:8080/prediction/knn,,
http_req_duration,1678217729,1603.933929,,,,true,,POST,http://20.210.36.32:8080/prediction/knn,HTTP/1.1,contacts,,200,,,http://20.210.36.32:8080/prediction/knn,,
http_req_blocked,1678217729,4.877027,,,,true,,POST,http://20.210.36.32:8080/prediction/knn,HTTP/1.1,contacts,,200,,,http://20.210.36.32:8080/prediction/knn,,
http_req_connecting,1678217729,4.832026,,,,true,,POST,http://20.210.36.32:8080/prediction/knn,HTTP/1.1,contacts,,200,,,http://20.210.36.32:8080/prediction/knn,,
http_req_tls_handshaking,1678217729,0.000000,,,,true,,POST,http://20.210.36.32:8080/prediction/knn,HTTP/1.1,contacts,,200,,,http://20.210.36.32:8080/prediction/knn,,
http_req_sending,1678217729,0.056201,,,,true,,POST,http://20.210.36.32:8080/prediction/knn,HTTP/1.1,contacts,,200,,,http://20.210.36.32:8080/prediction/knn,,
http_req_waiting,1678217729,1603.617727,,,,true,,POST,http://20.210.36.32:8080/prediction/knn,HTTP/1.1,contacts,,200,,,http://20.210.36.32:8080/prediction/knn,,
http_req_receiving,1678217729,0.260001,,,,true,,POST,http://20.210.36.32:8080/prediction/knn,HTTP/1.1,contacts,,200,,,http://20.210.36.32:8080/prediction/knn,,
http_req_failed,1678217729,0.000000,,,,true,,POST,http://20.210.36.32:8080/prediction/knn,HTTP/1.1,contacts,,200,,,http://20.210.36.32:8080/prediction/knn,,
responseTime,1678217729,1575.510372,,,,,,,,,contacts,,,,,,,
data_sent,1678217729,2088.000000,,,,,,,,,contacts,,,,,,,
data_received,1678217729,199.000000,,,,,,,,,contacts,,,,,,,
iteration_duration,1678217729,1580.545000,,,,,,,,,contacts,,,,,,,
iterations,1678217729,1.000000,,,,,,,,,contacts,,,,,,,
responseTime,1678217729,1603.933929,,,,,,,,,contacts,,,,,,,
data_sent,1678217729,2088.000000,,,,,,,,,contacts,,,,,,,
data_received,1678217729,199.000000,,,,,,,,,contacts,,,,,,,
iteration_duration,1678217729,1609.751861,,,,,,,,,contacts,,,,,,,
iterations,1678217729,1.000000,,,,,,,,,contacts,,,,,,,
http_reqs,1678217729,1.000000,,,,true,,POST,http://20.210.36.32:8080/prediction/knn,HTTP/1.1,contacts,,200,,,http://20.210.36.32:8080/prediction/knn,,
http_req_duration,1678217729,1610.326064,,,,true,,POST,http://20.210.36.32:8080/prediction/knn,HTTP/1.1,contacts,,200,,,http://20.210.36.32:8080/prediction/knn,,
http_req_blocked,1678217729,4.335023,,,,true,,POST,http://20.210.36.32:8080/prediction/knn,HTTP/1.1,contacts,,200,,,http://20.210.36.32:8080/prediction/knn,,
http_req_connecting,1678217729,4.272223,,,,true,,POST,http://20.210.36.32:8080/prediction/knn,HTTP/1.1,contacts,,200,,,http://20.210.36.32:8080/prediction/knn,,
http_req_tls_handshaking,1678217729,0.000000,,,,true,,POST,http://20.210.36.32:8080/prediction/knn,HTTP/1.1,contacts,,200,,,http://20.210.36.32:8080/prediction/knn,,
http_req_sending,1678217729,0.089801,,,,true,,POST,http://20.210.36.32:8080/prediction/knn,HTTP/1.1,contacts,,200,,,http://20.210.36.32:8080/prediction/knn,,
http_req_waiting,1678217729,1609.140257,,,,true,,POST,http://20.210.36.32:8080/prediction/knn,HTTP/1.1,contacts,,200,,,http://20.210.36.32:8080/prediction/knn,,
http_req_receiving,1678217729,1.096006,,,,true,,POST,http://20.210.36.32:8080/prediction/knn,HTTP/1.1,contacts,,200,,,http://20.210.36.32:8080/prediction/knn,,
http_req_failed,1678217729,0.000000,,,,true,,POST,http://20.210.36.32:8080/prediction/knn,HTTP/1.1,contacts,,200,,,http://20.210.36.32:8080/prediction/knn,,
responseTime,1678217729,1610.326064,,,,,,,,,contacts,,,,,,,
data_sent,1678217729,2088.000000,,,,,,,,,contacts,,,,,,,
data_received,1678217729,199.000000,,,,,,,,,contacts,,,,,,,
iteration_duration,1678217729,1615.119090,,,,,,,,,contacts,,,,,,,
iterations,1678217729,1.000000,,,,,,,,,contacts,,,,,,,
data_sent,1678217729,2088.000000,,,,,,,,,contacts,,,,,,,
data_received,1678217729,0.000000,,,,,,,,,contacts,,,,,,,
http_reqs,1678217729,1.000000,,,,true,,POST,http://20.210.36.32:8080/prediction/knn,HTTP/1.1,contacts,,200,,,http://20.210.36.32:8080/prediction/knn,,
http_req_duration,1678217729,1531.487030,,,,true,,POST,http://20.210.36.32:8080/prediction/knn,HTTP/1.1,contacts,,200,,,http://20.210.36.32:8080/prediction/knn,,
http_req_blocked,1678217729,3.943121,,,,true,,POST,http://20.210.36.32:8080/prediction/knn,HTTP/1.1,contacts,,200,,,http://20.210.36.32:8080/prediction/knn,,
http_req_connecting,1678217729,3.833621,,,,true,,POST,http://20.210.36.32:8080/prediction/knn,HTTP/1.1,contacts,,200,,,http://20.210.36.32:8080/prediction/knn,,
http_req_tls_handshaking,1678217729,0.000000,,,,true,,POST,http://20.210.36.32:8080/prediction/knn,HTTP/1.1,contacts,,200,,,http://20.210.36.32:8080/prediction/knn,,
http_req_sending,1678217729,0.068201,,,,true,,POST,http://20.210.36.32:8080/prediction/knn,HTTP/1.1,contacts,,200,,,http://20.210.36.32:8080/prediction/knn,,
http_req_waiting,1678217729,1531.309029,,,,true,,POST,http://20.210.36.32:8080/prediction/knn,HTTP/1.1,contacts,,200,,,http://20.210.36.32:8080/prediction/knn,,
http_req_receiving,1678217729,0.109800,,,,true,,POST,http://20.210.36.32:8080/prediction/knn,HTTP/1.1,contacts,,200,,,http://20.210.36.32:8080/prediction/knn,,
http_req_failed,1678217729,0.000000,,,,true,,POST,http://20.210.36.32:8080/prediction/knn,HTTP/1.1,contacts,,200,,,http://20.210.36.32:8080/prediction/knn,,
responseTime,1678217729,1531.487030,,,,,,,,,contacts,,,,,,,
data_sent,1678217729,2088.000000,,,,,,,,,contacts,,,,,,,
data_received,1678217729,199.000000,,,,,,,,,contacts,,,,,,,
iteration_duration,1678217729,1535.888554,,,,,,,,,contacts,,,,,,,
iterations,1678217729,1.000000,,,,,,,,,contacts,,,,,,,
http_reqs,1678217729,1.000000,,,,true,,POST,http://20.210.36.32:8080/prediction/knn,HTTP/1.1,contacts,,200,,,http://20.210.36.32:8080/prediction/knn,,
http_req_duration,1678217729,1547.971121,,,,true,,POST,http://20.210.36.32:8080/prediction/knn,HTTP/1.1,contacts,,200,,,http://20.210.36.32:8080/prediction/knn,,
http_req_blocked,1678217729,4.763927,,,,true,,POST,http://20.210.36.32:8080/prediction/knn,HTTP/1.1,contacts,,200,,,http://20.210.36.32:8080/prediction/knn,,
http_req_connecting,1678217729,4.684725,,,,true,,POST,http://20.210.36.32:8080/prediction/knn,HTTP/1.1,contacts,,200,,,http://20.210.36.32:8080/prediction/knn,,
http_req_tls_handshaking,1678217729,0.000000,,,,true,,POST,http://20.210.36.32:8080/prediction/knn,HTTP/1.1,contacts,,200,,,http://20.210.36.32:8080/prediction/knn,,
http_req_sending,1678217729,0.099101,,,,true,,POST,http://20.210.36.32:8080/prediction/knn,HTTP/1.1,contacts,,200,,,http://20.210.36.32:8080/prediction/knn,,
http_req_waiting,1678217729,1547.781320,,,,true,,POST,http://20.210.36.32:8080/prediction/knn,HTTP/1.1,contacts,,200,,,http://20.210.36.32:8080/prediction/knn,,
http_req_receiving,1678217729,0.090700,,,,true,,POST,http://20.210.36.32:8080/prediction/knn,HTTP/1.1,contacts,,200,,,http://20.210.36.32:8080/prediction/knn,,
http_req_failed,1678217729,0.000000,,,,true,,POST,http://20.210.36.32:8080/prediction/knn,HTTP/1.1,contacts,,200,,,http://20.210.36.32:8080/prediction/knn,,
responseTime,1678217729,1547.971121,,,,,,,,,contacts,,,,,,,
data_sent,1678217729,2088.000000,,,,,,,,,contacts,,,,,,,
data_received,1678217729,199.000000,,,,,,,,,contacts,,,,,,,
iteration_duration,1678217729,1553.181549,,,,,,,,,contacts,,,,,,,
iterations,1678217729,1.000000,,,,,,,,,contacts,,,,,,,
http_reqs,1678217729,1.000000,,,,true,,POST,http://20.210.36.32:8080/prediction/knn,HTTP/1.1,contacts,,200,,,http://20.210.36.32:8080/prediction/knn,,
http_req_duration,1678217729,1469.179287,,,,true,,POST,http://20.210.36.32:8080/prediction/knn,HTTP/1.1,contacts,,200,,,http://20.210.36.32:8080/prediction/knn,,
http_req_blocked,1678217729,4.403524,,,,true,,POST,http://20.210.36.32:8080/prediction/knn,HTTP/1.1,contacts,,200,,,http://20.210.36.32:8080/prediction/knn,,
http_req_connecting,1678217729,4.302824,,,,true,,POST,http://20.210.36.32:8080/prediction/knn,HTTP/1.1,contacts,,200,,,http://20.210.36.32:8080/prediction/knn,,
http_req_tls_handshaking,1678217729,0.000000,,,,true,,POST,http://20.210.36.32:8080/prediction/knn,HTTP/1.1,contacts,,200,,,http://20.210.36.32:8080/prediction/knn,,
http_req_sending,1678217729,0.076500,,,,true,,POST,http://20.210.36.32:8080/prediction/knn,HTTP/1.1,contacts,,200,,,http://20.210.36.32:8080/prediction/knn,,
http_req_waiting,1678217729,1467.127376,,,,true,,POST,http://20.210.36.32:8080/prediction/knn,HTTP/1.1,contacts,,200,,,http://20.210.36.32:8080/prediction/knn,,
http_req_receiving,1678217729,1.975411,,,,true,,POST,http://20.210.36.32:8080/prediction/knn,HTTP/1.1,contacts,,200,,,http://20.210.36.32:8080/prediction/knn,,
http_req_failed,1678217729,0.000000,,,,true,,POST,http://20.210.36.32:8080/prediction/knn,HTTP/1.1,contacts,,200,,,http://20.210.36.32:8080/prediction/knn,,
responseTime,1678217729,1469.179287,,,,,,,,,contacts,,,,,,,
data_sent,1678217729,2088.000000,,,,,,,,,contacts,,,,,,,
data_received,1678217729,199.000000,,,,,,,,,contacts,,,,,,,
iteration_duration,1678217729,1474.235715,,,,,,,,,contacts,,,,,,,
iterations,1678217729,1.000000,,,,,,,,,contacts,,,,,,,
http_reqs,1678217729,1.000000,,,,true,,POST,http://20.210.36.32:8080/prediction/knn,HTTP/1.1,contacts,,200,,,http://20.210.36.32:8080/prediction/knn,,
http_req_duration,1678217729,1463.971358,,,,true,,POST,http://20.210.36.32:8080/prediction/knn,HTTP/1.1,contacts,,200,,,http://20.210.36.32:8080/prediction/knn,,
http_req_blocked,1678217729,4.230524,,,,true,,POST,http://20.210.36.32:8080/prediction/knn,HTTP/1.1,contacts,,200,,,http://20.210.36.32:8080/prediction/knn,,
http_req_connecting,1678217729,4.158223,,,,true,,POST,http://20.210.36.32:8080/prediction/knn,HTTP/1.1,contacts,,200,,,http://20.210.36.32:8080/prediction/knn,,
http_req_tls_handshaking,1678217729,0.000000,,,,true,,POST,http://20.210.36.32:8080/prediction/knn,HTTP/1.1,contacts,,200,,,http://20.210.36.32:8080/prediction/knn,,
http_req_sending,1678217729,0.072100,,,,true,,POST,http://20.210.36.32:8080/prediction/knn,HTTP/1.1,contacts,,200,,,http://20.210.36.32:8080/prediction/knn,,
http_req_waiting,1678217729,1463.636656,,,,true,,POST,http://20.210.36.32:8080/prediction/knn,HTTP/1.1,contacts,,200,,,http://20.210.36.32:8080/prediction/knn,,
http_req_receiving,1678217729,0.262602,,,,true,,POST,http://20.210.36.32:8080/prediction/knn,HTTP/1.1,contacts,,200,,,http://20.210.36.32:8080/prediction/knn,,
http_req_failed,1678217729,0.000000,,,,true,,POST,http://20.210.36.32:8080/prediction/knn,HTTP/1.1,contacts,,200,,,http://20.210.36.32:8080/prediction/knn,,
responseTime,1678217729,1463.971358,,,,,,,,,contacts,,,,,,,
data_sent,1678217729,2088.000000,,,,,,,,,contacts,,,,,,,
data_received,1678217729,199.000000,,,,,,,,,contacts,,,,,,,
iteration_duration,1678217729,1468.596584,,,,,,,,,contacts,,,,,,,
iterations,1678217729,1.000000,,,,,,,,,contacts,,,,,,,
http_reqs,1678217729,1.000000,,,,true,,POST,http://20.210.36.32:8080/prediction/knn,HTTP/1.1,contacts,,200,,,http://20.210.36.32:8080/prediction/knn,,
http_req_duration,1678217729,1414.574786,,,,true,,POST,http://20.210.36.32:8080/prediction/knn,HTTP/1.1,contacts,,200,,,http://20.210.36.32:8080/prediction/knn,,
http_req_blocked,1678217729,2.967516,,,,true,,POST,http://20.210.36.32:8080/prediction/knn,HTTP/1.1,contacts,,200,,,http://20.210.36.32:8080/prediction/knn,,
http_req_connecting,1678217729,2.874516,,,,true,,POST,http://20.210.36.32:8080/prediction/knn,HTTP/1.1,contacts,,200,,,http://20.210.36.32:8080/prediction/knn,,
http_req_tls_handshaking,1678217729,0.000000,,,,true,,POST,http://20.210.36.32:8080/prediction/knn,HTTP/1.1,contacts,,200,,,http://20.210.36.32:8080/prediction/knn,,
http_req_sending,1678217729,0.115901,,,,true,,POST,http://20.210.36.32:8080/prediction/knn,HTTP/1.1,contacts,,200,,,http://20.210.36.32:8080/prediction/knn,,
http_req_waiting,1678217729,1414.339285,,,,true,,POST,http://20.210.36.32:8080/prediction/knn,HTTP/1.1,contacts,,200,,,http://20.210.36.32:8080/prediction/knn,,
http_req_receiving,1678217729,0.119600,,,,true,,POST,http://20.210.36.32:8080/prediction/knn,HTTP/1.1,contacts,,200,,,http://20.210.36.32:8080/prediction/knn,,
http_req_failed,1678217729,0.000000,,,,true,,POST,http://20.210.36.32:8080/prediction/knn,HTTP/1.1,contacts,,200,,,http://20.210.36.32:8080/prediction/knn,,
responseTime,1678217729,1414.574786,,,,,,,,,contacts,,,,,,,
data_sent,1678217729,2088.000000,,,,,,,,,contacts,,,,,,,
data_received,1678217729,199.000000,,,,,,,,,contacts,,,,,,,
iteration_duration,1678217729,1417.996405,,,,,,,,,contacts,,,,,,,
iterations,1678217729,1.000000,,,,,,,,,contacts,,,,,,,
data_sent,1678217729,2088.000000,,,,,,,,,contacts,,,,,,,
data_received,1678217729,0.000000,,,,,,,,,contacts,,,,,,,
http_reqs,1678217729,1.000000,,,,true,,POST,http://20.210.36.32:8080/prediction/knn,HTTP/1.1,contacts,,200,,,http://20.210.36.32:8080/prediction/knn,,
http_req_duration,1678217729,1461.249044,,,,true,,POST,http://20.210.36.32:8080/prediction/knn,HTTP/1.1,contacts,,200,,,http://20.210.36.32:8080/prediction/knn,,
http_req_blocked,1678217729,1.983611,,,,true,,POST,http://20.210.36.32:8080/prediction/knn,HTTP/1.1,contacts,,200,,,http://20.210.36.32:8080/prediction/knn,,
http_req_connecting,1678217729,1.861110,,,,true,,POST,http://20.210.36.32:8080/prediction/knn,HTTP/1.1,contacts,,200,,,http://20.210.36.32:8080/prediction/knn,,
http_req_tls_handshaking,1678217729,0.000000,,,,true,,POST,http://20.210.36.32:8080/prediction/knn,HTTP/1.1,contacts,,200,,,http://20.210.36.32:8080/prediction/knn,,
http_req_sending,1678217729,0.073401,,,,true,,POST,http://20.210.36.32:8080/prediction/knn,HTTP/1.1,contacts,,200,,,http://20.210.36.32:8080/prediction/knn,,
http_req_waiting,1678217729,1461.028142,,,,true,,POST,http://20.210.36.32:8080/prediction/knn,HTTP/1.1,contacts,,200,,,http://20.210.36.32:8080/prediction/knn,,
http_req_receiving,1678217729,0.147501,,,,true,,POST,http://20.210.36.32:8080/prediction/knn,HTTP/1.1,contacts,,200,,,http://20.210.36.32:8080/prediction/knn,,
http_req_failed,1678217729,0.000000,,,,true,,POST,http://20.210.36.32:8080/prediction/knn,HTTP/1.1,contacts,,200,,,http://20.210.36.32:8080/prediction/knn,,
responseTime,1678217729,1461.249044,,,,,,,,,contacts,,,,,,,
data_sent,1678217729,2088.000000,,,,,,,,,contacts,,,,,,,
data_received,1678217729,199.000000,,,,,,,,,contacts,,,,,,,
iteration_duration,1678217729,1463.687457,,,,,,,,,contacts,,,,,,,
iterations,1678217729,1.000000,,,,,,,,,contacts,,,,,,,
http_reqs,1678217729,1.000000,,,,true,,POST,http://20.210.36.32:8080/prediction/knn,HTTP/1.1,contacts,,200,,,http://20.210.36.32:8080/prediction/knn,,
http_req_duration,1678217729,1534.393346,,,,true,,POST,http://20.210.36.32:8080/prediction/knn,HTTP/1.1,contacts,,200,,,http://20.210.36.32:8080/prediction/knn,,
http_req_blocked,1678217729,3.582820,,,,true,,POST,http://20.210.36.32:8080/prediction/knn,HTTP/1.1,contacts,,200,,,http://20.210.36.32:8080/prediction/knn,,
http_req_connecting,1678217729,3.506320,,,,true,,POST,http://20.210.36.32:8080/prediction/knn,HTTP/1.1,contacts,,200,,,http://20.210.36.32:8080/prediction/knn,,
http_req_tls_handshaking,1678217729,0.000000,,,,true,,POST,http://20.210.36.32:8080/prediction/knn,HTTP/1.1,contacts,,200,,,http://20.210.36.32:8080/prediction/knn,,
http_req_sending,1678217729,0.051100,,,,true,,POST,http://20.210.36.32:8080/prediction/knn,HTTP/1.1,contacts,,200,,,http://20.210.36.32:8080/prediction/knn,,
http_req_waiting,1678217729,1529.250418,,,,true,,POST,http://20.210.36.32:8080/prediction/knn,HTTP/1.1,contacts,,200,,,http://20.210.36.32:8080/prediction/knn,,
http_req_receiving,1678217729,5.091828,,,,true,,POST,http://20.210.36.32:8080/prediction/knn,HTTP/1.1,contacts,,200,,,http://20.210.36.32:8080/prediction/knn,,
http_req_failed,1678217729,0.000000,,,,true,,POST,http://20.210.36.32:8080/prediction/knn,HTTP/1.1,contacts,,200,,,http://20.210.36.32:8080/prediction/knn,,
responseTime,1678217729,1534.393346,,,,,,,,,contacts,,,,,,,
data_sent,1678217729,2088.000000,,,,,,,,,contacts,,,,,,,
data_received,1678217729,199.000000,,,,,,,,,contacts,,,,,,,
iteration_duration,1678217729,1538.381667,,,,,,,,,contacts,,,,,,,
iterations,1678217729,1.000000,,,,,,,,,contacts,,,,,,,
data_sent,1678217729,2088.000000,,,,,,,,,contacts,,,,,,,
data_received,1678217729,0.000000,,,,,,,,,contacts,,,,,,,
http_reqs,1678217729,1.000000,,,,true,,POST,http://20.210.36.32:8080/prediction/knn,HTTP/1.1,contacts,,200,,,http://20.210.36.32:8080/prediction/knn,,
http_req_duration,1678217729,1522.547080,,,,true,,POST,http://20.210.36.32:8080/prediction/knn,HTTP/1.1,contacts,,200,,,http://20.210.36.32:8080/prediction/knn,,
http_req_blocked,1678217729,2.001611,,,,true,,POST,http://20.210.36.32:8080/prediction/knn,HTTP/1.1,contacts,,200,,,http://20.210.36.32:8080/prediction/knn,,
http_req_connecting,1678217729,1.905211,,,,true,,POST,http://20.210.36.32:8080/prediction/knn,HTTP/1.1,contacts,,200,,,http://20.210.36.32:8080/prediction/knn,,
http_req_tls_handshaking,1678217729,0.000000,,,,true,,POST,http://20.210.36.32:8080/prediction/knn,HTTP/1.1,contacts,,200,,,http://20.210.36.32:8080/prediction/knn,,
http_req_sending,1678217729,0.061000,,,,true,,POST,http://20.210.36.32:8080/prediction/knn,HTTP/1.1,contacts,,200,,,http://20.210.36.32:8080/prediction/knn,,
http_req_waiting,1678217729,1518.778160,,,,true,,POST,http://20.210.36.32:8080/prediction/knn,HTTP/1.1,contacts,,200,,,http://20.210.36.32:8080/prediction/knn,,
http_req_receiving,1678217729,3.707920,,,,true,,POST,http://20.210.36.32:8080/prediction/knn,HTTP/1.1,contacts,,200,,,http://20.210.36.32:8080/prediction/knn,,
http_req_failed,1678217729,0.000000,,,,true,,POST,http://20.210.36.32:8080/prediction/knn,HTTP/1.1,contacts,,200,,,http://20.210.36.32:8080/prediction/knn,,
responseTime,1678217729,1522.547080,,,,,,,,,contacts,,,,,,,
data_sent,1678217729,2088.000000,,,,,,,,,contacts,,,,,,,
data_received,1678217729,199.000000,,,,,,,,,contacts,,,,,,,
iteration_duration,1678217729,1525.002094,,,,,,,,,contacts,,,,,,,
iterations,1678217729,1.000000,,,,,,,,,contacts,,,,,,,
http_reqs,1678217729,1.000000,,,,true,,POST,http://20.210.36.32:8080/prediction/knn,HTTP/1.1,contacts,,200,,,http://20.210.36.32:8080/prediction/knn,,
http_req_duration,1678217729,1390.826156,,,,true,,POST,http://20.210.36.32:8080/prediction/knn,HTTP/1.1,contacts,,200,,,http://20.210.36.32:8080/prediction/knn,,
http_req_blocked,1678217729,2.237213,,,,true,,POST,http://20.210.36.32:8080/prediction/knn,HTTP/1.1,contacts,,200,,,http://20.210.36.32:8080/prediction/knn,,
http_req_connecting,1678217729,2.172812,,,,true,,POST,http://20.210.36.32:8080/prediction/knn,HTTP/1.1,contacts,,200,,,http://20.210.36.32:8080/prediction/knn,,
http_req_tls_handshaking,1678217729,0.000000,,,,true,,POST,http://20.210.36.32:8080/prediction/knn,HTTP/1.1,contacts,,200,,,http://20.210.36.32:8080/prediction/knn,,
http_req_sending,1678217729,0.074701,,,,true,,POST,http://20.210.36.32:8080/prediction/knn,HTTP/1.1,contacts,,200,,,http://20.210.36.32:8080/prediction/knn,,
http_req_waiting,1678217729,1390.463053,,,,true,,POST,http://20.210.36.32:8080/prediction/knn,HTTP/1.1,contacts,,200,,,http://20.210.36.32:8080/prediction/knn,,
http_req_receiving,1678217729,0.288402,,,,true,,POST,http://20.210.36.32:8080/prediction/knn,HTTP/1.1,contacts,,200,,,http://20.210.36.32:8080/prediction/knn,,
http_req_failed,1678217729,0.000000,,,,true,,POST,http://20.210.36.32:8080/prediction/knn,HTTP/1.1,contacts,,200,,,http://20.210.36.32:8080/prediction/knn,,
responseTime,1678217729,1390.826156,,,,,,,,,contacts,,,,,,,
data_sent,1678217729,2088.000000,,,,,,,,,contacts,,,,,,,
data_received,1678217729,199.000000,,,,,,,,,contacts,,,,,,,
iteration_duration,1678217729,1393.619471,,,,,,,,,contacts,,,,,,,
iterations,1678217729,1.000000,,,,,,,,,contacts,,,,,,,
http_reqs,1678217729,1.000000,,,,true,,POST,http://20.210.36.32:8080/prediction/knn,HTTP/1.1,contacts,,200,,,http://20.210.36.32:8080/prediction/knn,,
http_req_duration,1678217729,1517.351652,,,,true,,POST,http://20.210.36.32:8080/prediction/knn,HTTP/1.1,contacts,,200,,,http://20.210.36.32:8080/prediction/knn,,
http_req_blocked,1678217729,2.471113,,,,true,,POST,http://20.210.36.32:8080/prediction/knn,HTTP/1.1,contacts,,200,,,http://20.210.36.32:8080/prediction/knn,,
http_req_connecting,1678217729,2.403013,,,,true,,POST,http://20.210.36.32:8080/prediction/knn,HTTP/1.1,contacts,,200,,,http://20.210.36.32:8080/prediction/knn,,
http_req_tls_handshaking,1678217729,0.000000,,,,true,,POST,http://20.210.36.32:8080/prediction/knn,HTTP/1.1,contacts,,200,,,http://20.210.36.32:8080/prediction/knn,,
http_req_sending,1678217729,0.051301,,,,true,,POST,http://20.210.36.32:8080/prediction/knn,HTTP/1.1,contacts,,200,,,http://20.210.36.32:8080/prediction/knn,,
http_req_waiting,1678217729,1517.070250,,,,true,,POST,http://20.210.36.32:8080/prediction/knn,HTTP/1.1,contacts,,200,,,http://20.210.36.32:8080/prediction/knn,,
http_req_receiving,1678217729,0.230101,,,,true,,POST,http://20.210.36.32:8080/prediction/knn,HTTP/1.1,contacts,,200,,,http://20.210.36.32:8080/prediction/knn,,
http_req_failed,1678217729,0.000000,,,,true,,POST,http://20.210.36.32:8080/prediction/knn,HTTP/1.1,contacts,,200,,,http://20.210.36.32:8080/prediction/knn,,
responseTime,1678217729,1517.351652,,,,,,,,,contacts,,,,,,,
data_sent,1678217729,2088.000000,,,,,,,,,contacts,,,,,,,
data_received,1678217729,199.000000,,,,,,,,,contacts,,,,,,,
iteration_duration,1678217729,1520.114567,,,,,,,,,contacts,,,,,,,
iterations,1678217729,1.000000,,,,,,,,,contacts,,,,,,,
http_reqs,1678217729,1.000000,,,,true,,POST,http://20.210.36.32:8080/prediction/knn,HTTP/1.1,contacts,,200,,,http://20.210.36.32:8080/prediction/knn,,
http_req_duration,1678217729,1425.940148,,,,true,,POST,http://20.210.36.32:8080/prediction/knn,HTTP/1.1,contacts,,200,,,http://20.210.36.32:8080/prediction/knn,,
http_req_blocked,1678217729,2.004911,,,,true,,POST,http://20.210.36.32:8080/prediction/knn,HTTP/1.1,contacts,,200,,,http://20.210.36.32:8080/prediction/knn,,
http_req_connecting,1678217729,1.949711,,,,true,,POST,http://20.210.36.32:8080/prediction/knn,HTTP/1.1,contacts,,200,,,http://20.210.36.32:8080/prediction/knn,,
http_req_tls_handshaking,1678217729,0.000000,,,,true,,POST,http://20.210.36.32:8080/prediction/knn,HTTP/1.1,contacts,,200,,,http://20.210.36.32:8080/prediction/knn,,
http_req_sending,1678217729,0.050000,,,,true,,POST,http://20.210.36.32:8080/prediction/knn,HTTP/1.1,contacts,,200,,,http://20.210.36.32:8080/prediction/knn,,
http_req_waiting,1678217729,1425.728848,,,,true,,POST,http://20.210.36.32:8080/prediction/knn,HTTP/1.1,contacts,,200,,,http://20.210.36.32:8080/prediction/knn,,
http_req_receiving,1678217729,0.161300,,,,true,,POST,http://20.210.36.32:8080/prediction/knn,HTTP/1.1,contacts,,200,,,http://20.210.36.32:8080/prediction/knn,,
http_req_failed,1678217729,0.000000,,,,true,,POST,http://20.210.36.32:8080/prediction/knn,HTTP/1.1,contacts,,200,,,http://20.210.36.32:8080/prediction/knn,,
responseTime,1678217729,1425.940148,,,,,,,,,contacts,,,,,,,
data_sent,1678217729,2088.000000,,,,,,,,,contacts,,,,,,,
data_received,1678217729,199.000000,,,,,,,,,contacts,,,,,,,
iteration_duration,1678217729,1428.287162,,,,,,,,,contacts,,,,,,,
iterations,1678217729,1.000000,,,,,,,,,contacts,,,,,,,
http_reqs,1678217729,1.000000,,,,true,,POST,http://20.210.36.32:8080/prediction/knn,HTTP/1.1,contacts,,200,,,http://20.210.36.32:8080/prediction/knn,,
http_req_duration,1678217729,1449.001876,,,,true,,POST,http://20.210.36.32:8080/prediction/knn,HTTP/1.1,contacts,,200,,,http://20.210.36.32:8080/prediction/knn,,
http_req_blocked,1678217729,2.333112,,,,true,,POST,http://20.210.36.32:8080/prediction/knn,HTTP/1.1,contacts,,200,,,http://20.210.36.32:8080/prediction/knn,,
http_req_connecting,1678217729,2.213912,,,,true,,POST,http://20.210.36.32:8080/prediction/knn,HTTP/1.1,contacts,,200,,,http://20.210.36.32:8080/prediction/knn,,
http_req_tls_handshaking,1678217729,0.000000,,,,true,,POST,http://20.210.36.32:8080/prediction/knn,HTTP/1.1,contacts,,200,,,http://20.210.36.32:8080/prediction/knn,,
http_req_sending,1678217729,0.153601,,,,true,,POST,http://20.210.36.32:8080/prediction/knn,HTTP/1.1,contacts,,200,,,http://20.210.36.32:8080/prediction/knn,,
http_req_waiting,1678217729,1448.769874,,,,true,,POST,http://20.210.36.32:8080/prediction/knn,HTTP/1.1,contacts,,200,,,http://20.210.36.32:8080/prediction/knn,,
http_req_receiving,1678217729,0.078401,,,,true,,POST,http://20.210.36.32:8080/prediction/knn,HTTP/1.1,contacts,,200,,,http://20.210.36.32:8080/prediction/knn,,
http_req_failed,1678217729,0.000000,,,,true,,POST,http://20.210.36.32:8080/prediction/knn,HTTP/1.1,contacts,,200,,,http://20.210.36.32:8080/prediction/knn,,
responseTime,1678217729,1449.001876,,,,,,,,,contacts,,,,,,,
data_sent,1678217729,2088.000000,,,,,,,,,contacts,,,,,,,
data_received,1678217729,199.000000,,,,,,,,,contacts,,,,,,,
iteration_duration,1678217729,1451.626291,,,,,,,,,contacts,,,,,,,
iterations,1678217729,1.000000,,,,,,,,,contacts,,,,,,,
http_reqs,1678217729,1.000000,,,,true,,POST,http://20.210.36.32:8080/prediction/knn,HTTP/1.1,contacts,,200,,,http://20.210.36.32:8080/prediction/knn,,
http_req_duration,1678217729,1365.964219,,,,true,,POST,http://20.210.36.32:8080/prediction/knn,HTTP/1.1,contacts,,200,,,http://20.210.36.32:8080/prediction/knn,,
http_req_blocked,1678217729,2.242212,,,,true,,POST,http://20.210.36.32:8080/prediction/knn,HTTP/1.1,contacts,,200,,,http://20.210.36.32:8080/prediction/knn,,
http_req_connecting,1678217729,2.119211,,,,true,,POST,http://20.210.36.32:8080/prediction/knn,HTTP/1.1,contacts,,200,,,http://20.210.36.32:8080/prediction/knn,,
http_req_tls_handshaking,1678217729,0.000000,,,,true,,POST,http://20.210.36.32:8080/prediction/knn,HTTP/1.1,contacts,,200,,,http://20.210.36.32:8080/prediction/knn,,
http_req_sending,1678217729,0.067501,,,,true,,POST,http://20.210.36.32:8080/prediction/knn,HTTP/1.1,contacts,,200,,,http://20.210.36.32:8080/prediction/knn,,
http_req_waiting,1678217729,1365.778517,,,,true,,POST,http://20.210.36.32:8080/prediction/knn,HTTP/1.1,contacts,,200,,,http://20.210.36.32:8080/prediction/knn,,
http_req_receiving,1678217729,0.118201,,,,true,,POST,http://20.210.36.32:8080/prediction/knn,HTTP/1.1,contacts,,200,,,http://20.210.36.32:8080/prediction/knn,,
http_req_failed,1678217729,0.000000,,,,true,,POST,http://20.210.36.32:8080/prediction/knn,HTTP/1.1,contacts,,200,,,http://20.210.36.32:8080/prediction/knn,,
responseTime,1678217729,1365.964219,,,,,,,,,contacts,,,,,,,
data_sent,1678217729,2088.000000,,,,,,,,,contacts,,,,,,,
data_received,1678217729,199.000000,,,,,,,,,contacts,,,,,,,
iteration_duration,1678217729,1368.585333,,,,,,,,,contacts,,,,,,,
iterations,1678217729,1.000000,,,,,,,,,contacts,,,,,,,
data_sent,1678217729,2088.000000,,,,,,,,,contacts,,,,,,,
data_received,1678217729,0.000000,,,,,,,,,contacts,,,,,,,
data_sent,1678217730,2088.000000,,,,,,,,,contacts,,,,,,,
data_received,1678217730,0.000000,,,,,,,,,contacts,,,,,,,
data_sent,1678217730,2088.000000,,,,,,,,,contacts,,,,,,,
data_received,1678217730,0.000000,,,,,,,,,contacts,,,,,,,
http_reqs,1678217730,1.000000,,,,true,,POST,http://20.210.36.32:8080/prediction/knn,HTTP/1.1,contacts,,200,,,http://20.210.36.32:8080/prediction/knn,,
http_req_duration,1678217730,1428.595863,,,,true,,POST,http://20.210.36.32:8080/prediction/knn,HTTP/1.1,contacts,,200,,,http://20.210.36.32:8080/prediction/knn,,
http_req_blocked,1678217730,3.131817,,,,true,,POST,http://20.210.36.32:8080/prediction/knn,HTTP/1.1,contacts,,200,,,http://20.210.36.32:8080/prediction/knn,,
http_req_connecting,1678217730,3.048417,,,,true,,POST,http://20.210.36.32:8080/prediction/knn,HTTP/1.1,contacts,,200,,,http://20.210.36.32:8080/prediction/knn,,
http_req_tls_handshaking,1678217730,0.000000,,,,true,,POST,http://20.210.36.32:8080/prediction/knn,HTTP/1.1,contacts,,200,,,http://20.210.36.32:8080/prediction/knn,,
http_req_sending,1678217730,0.077400,,,,true,,POST,http://20.210.36.32:8080/prediction/knn,HTTP/1.1,contacts,,200,,,http://20.210.36.32:8080/prediction/knn,,
http_req_waiting,1678217730,1428.411063,,,,true,,POST,http://20.210.36.32:8080/prediction/knn,HTTP/1.1,contacts,,200,,,http://20.210.36.32:8080/prediction/knn,,
http_req_receiving,1678217730,0.107400,,,,true,,POST,http://20.210.36.32:8080/prediction/knn,HTTP/1.1,contacts,,200,,,http://20.210.36.32:8080/prediction/knn,,
http_req_failed,1678217730,0.000000,,,,true,,POST,http://20.210.36.32:8080/prediction/knn,HTTP/1.1,contacts,,200,,,http://20.210.36.32:8080/prediction/knn,,
responseTime,1678217730,1428.595863,,,,,,,,,contacts,,,,,,,
data_sent,1678217730,2088.000000,,,,,,,,,contacts,,,,,,,
data_received,1678217730,199.000000,,,,,,,,,contacts,,,,,,,
iteration_duration,1678217730,1432.200583,,,,,,,,,contacts,,,,,,,
iterations,1678217730,1.000000,,,,,,,,,contacts,,,,,,,
http_reqs,1678217730,1.000000,,,,true,,POST,http://20.210.36.32:8080/prediction/knn,HTTP/1.1,contacts,,200,,,http://20.210.36.32:8080/prediction/knn,,
http_req_duration,1678217730,1256.098014,,,,true,,POST,http://20.210.36.32:8080/prediction/knn,HTTP/1.1,contacts,,200,,,http://20.210.36.32:8080/prediction/knn,,
http_req_blocked,1678217730,2.284913,,,,true,,POST,http://20.210.36.32:8080/prediction/knn,HTTP/1.1,contacts,,200,,,http://20.210.36.32:8080/prediction/knn,,
http_req_connecting,1678217730,2.171812,,,,true,,POST,http://20.210.36.32:8080/prediction/knn,HTTP/1.1,contacts,,200,,,http://20.210.36.32:8080/prediction/knn,,
http_req_tls_handshaking,1678217730,0.000000,,,,true,,POST,http://20.210.36.32:8080/prediction/knn,HTTP/1.1,contacts,,200,,,http://20.210.36.32:8080/prediction/knn,,
http_req_sending,1678217730,0.067800,,,,true,,POST,http://20.210.36.32:8080/prediction/knn,HTTP/1.1,contacts,,200,,,http://20.210.36.32:8080/prediction/knn,,
http_req_waiting,1678217730,1255.965513,,,,true,,POST,http://20.210.36.32:8080/prediction/knn,HTTP/1.1,contacts,,200,,,http://20.210.36.32:8080/prediction/knn,,
http_req_receiving,1678217730,0.064701,,,,true,,POST,http://20.210.36.32:8080/prediction/knn,HTTP/1.1,contacts,,200,,,http://20.210.36.32:8080/prediction/knn,,
http_req_failed,1678217730,0.000000,,,,true,,POST,http://20.210.36.32:8080/prediction/knn,HTTP/1.1,contacts,,200,,,http://20.210.36.32:8080/prediction/knn,,
responseTime,1678217730,1256.098014,,,,,,,,,contacts,,,,,,,
data_sent,1678217730,2088.000000,,,,,,,,,contacts,,,,,,,
data_received,1678217730,199.000000,,,,,,,,,contacts,,,,,,,
iteration_duration,1678217730,1258.873130,,,,,,,,,contacts,,,,,,,
iterations,1678217730,1.000000,,,,,,,,,contacts,,,,,,,
http_reqs,1678217730,1.000000,,,,true,,POST,http://20.210.36.32:8080/prediction/knn,HTTP/1.1,contacts,,200,,,http://20.210.36.32:8080/prediction/knn,,
http_req_duration,1678217730,1245.533556,,,,true,,POST,http://20.210.36.32:8080/prediction/knn,HTTP/1.1,contacts,,200,,,http://20.210.36.32:8080/prediction/knn,,
http_req_blocked,1678217730,2.386113,,,,true,,POST,http://20.210.36.32:8080/prediction/knn,HTTP/1.1,contacts,,200,,,http://20.210.36.32:8080/prediction/knn,,
http_req_connecting,1678217730,2.286012,,,,true,,POST,http://20.210.36.32:8080/prediction/knn,HTTP/1.1,contacts,,200,,,http://20.210.36.32:8080/prediction/knn,,
http_req_tls_handshaking,1678217730,0.000000,,,,true,,POST,http://20.210.36.32:8080/prediction/knn,HTTP/1.1,contacts,,200,,,http://20.210.36.32:8080/prediction/knn,,
http_req_sending,1678217730,0.077801,,,,true,,POST,http://20.210.36.32:8080/prediction/knn,HTTP/1.1,contacts,,200,,,http://20.210.36.32:8080/prediction/knn,,
http_req_waiting,1678217730,1245.361755,,,,true,,POST,http://20.210.36.32:8080/prediction/knn,HTTP/1.1,contacts,,200,,,http://20.210.36.32:8080/prediction/knn,,
http_req_receiving,1678217730,0.094000,,,,true,,POST,http://20.210.36.32:8080/prediction/knn,HTTP/1.1,contacts,,200,,,http://20.210.36.32:8080/prediction/knn,,
http_req_failed,1678217730,0.000000,,,,true,,POST,http://20.210.36.32:8080/prediction/knn,HTTP/1.1,contacts,,200,,,http://20.210.36.32:8080/prediction/knn,,
responseTime,1678217730,1245.533556,,,,,,,,,contacts,,,,,,,
data_sent,1678217730,2088.000000,,,,,,,,,contacts,,,,,,,
data_received,1678217730,199.000000,,,,,,,,,contacts,,,,,,,
iteration_duration,1678217730,1248.148871,,,,,,,,,contacts,,,,,,,
iterations,1678217730,1.000000,,,,,,,,,contacts,,,,,,,
http_reqs,1678217730,1.000000,,,,true,,POST,http://20.210.36.32:8080/prediction/knn,HTTP/1.1,contacts,,200,,,http://20.210.36.32:8080/prediction/knn,,
http_req_duration,1678217730,1430.663374,,,,true,,POST,http://20.210.36.32:8080/prediction/knn,HTTP/1.1,contacts,,200,,,http://20.210.36.32:8080/prediction/knn,,
http_req_blocked,1678217730,2.331513,,,,true,,POST,http://20.210.36.32:8080/prediction/knn,HTTP/1.1,contacts,,200,,,http://20.210.36.32:8080/prediction/knn,,
http_req_connecting,1678217730,2.256513,,,,true,,POST,http://20.210.36.32:8080/prediction/knn,HTTP/1.1,contacts,,200,,,http://20.210.36.32:8080/prediction/knn,,
http_req_tls_handshaking,1678217730,0.000000,,,,true,,POST,http://20.210.36.32:8080/prediction/knn,HTTP/1.1,contacts,,200,,,http://20.210.36.32:8080/prediction/knn,,
http_req_sending,1678217730,0.055700,,,,true,,POST,http://20.210.36.32:8080/prediction/knn,HTTP/1.1,contacts,,200,,,http://20.210.36.32:8080/prediction/knn,,
http_req_waiting,1678217730,1430.516974,,,,true,,POST,http://20.210.36.32:8080/prediction/knn,HTTP/1.1,contacts,,200,,,http://20.210.36.32:8080/prediction/knn,,
http_req_receiving,1678217730,0.090700,,,,true,,POST,http://20.210.36.32:8080/prediction/knn,HTTP/1.1,contacts,,200,,,http://20.210.36.32:8080/prediction/knn,,
http_req_failed,1678217730,0.000000,,,,true,,POST,http://20.210.36.32:8080/prediction/knn,HTTP/1.1,contacts,,200,,,http://20.210.36.32:8080/prediction/knn,,
responseTime,1678217730,1430.663374,,,,,,,,,contacts,,,,,,,
data_sent,1678217730,2088.000000,,,,,,,,,contacts,,,,,,,
data_received,1678217730,199.000000,,,,,,,,,contacts,,,,,,,
iteration_duration,1678217730,1433.285089,,,,,,,,,contacts,,,,,,,
iterations,1678217730,1.000000,,,,,,,,,contacts,,,,,,,
http_reqs,1678217730,1.000000,,,,true,,POST,http://20.210.36.32:8080/prediction/knn,HTTP/1.1,contacts,,200,,,http://20.210.36.32:8080/prediction/knn,,
http_req_duration,1678217730,1418.606108,,,,true,,POST,http://20.210.36.32:8080/prediction/knn,HTTP/1.1,contacts,,200,,,http://20.210.36.32:8080/prediction/knn,,
http_req_blocked,1678217730,2.129611,,,,true,,POST,http://20.210.36.32:8080/prediction/knn,HTTP/1.1,contacts,,200,,,http://20.210.36.32:8080/prediction/knn,,
http_req_connecting,1678217730,2.024611,,,,true,,POST,http://20.210.36.32:8080/prediction/knn,HTTP/1.1,contacts,,200,,,http://20.210.36.32:8080/prediction/knn,,
http_req_tls_handshaking,1678217730,0.000000,,,,true,,POST,http://20.210.36.32:8080/prediction/knn,HTTP/1.1,contacts,,200,,,http://20.210.36.32:8080/prediction/knn,,
http_req_sending,1678217730,0.104701,,,,true,,POST,http://20.210.36.32:8080/prediction/knn,HTTP/1.1,contacts,,200,,,http://20.210.36.32:8080/prediction/knn,,
http_req_waiting,1678217730,1418.386707,,,,true,,POST,http://20.210.36.32:8080/prediction/knn,HTTP/1.1,contacts,,200,,,http://20.210.36.32:8080/prediction/knn,,
http_req_receiving,1678217730,0.114700,,,,true,,POST,http://20.210.36.32:8080/prediction/knn,HTTP/1.1,contacts,,200,,,http://20.210.36.32:8080/prediction/knn,,
http_req_failed,1678217730,0.000000,,,,true,,POST,http://20.210.36.32:8080/prediction/knn,HTTP/1.1,contacts,,200,,,http://20.210.36.32:8080/prediction/knn,,
responseTime,1678217730,1418.606108,,,,,,,,,contacts,,,,,,,
data_sent,1678217730,2088.000000,,,,,,,,,contacts,,,,,,,
data_received,1678217730,199.000000,,,,,,,,,contacts,,,,,,,
iteration_duration,1678217730,1421.019922,,,,,,,,,contacts,,,,,,,
iterations,1678217730,1.000000,,,,,,,,,contacts,,,,,,,
http_reqs,1678217730,1.000000,,,,true,,POST,http://20.210.36.32:8080/prediction/knn,HTTP/1.1,contacts,,200,,,http://20.210.36.32:8080/prediction/knn,,
http_req_duration,1678217730,1566.926125,,,,true,,POST,http://20.210.36.32:8080/prediction/knn,HTTP/1.1,contacts,,200,,,http://20.210.36.32:8080/prediction/knn,,
http_req_blocked,1678217730,2.214113,,,,true,,POST,http://20.210.36.32:8080/prediction/knn,HTTP/1.1,contacts,,200,,,http://20.210.36.32:8080/prediction/knn,,
http_req_connecting,1678217730,2.164311,,,,true,,POST,http://20.210.36.32:8080/prediction/knn,HTTP/1.1,contacts,,200,,,http://20.210.36.32:8080/prediction/knn,,
http_req_tls_handshaking,1678217730,0.000000,,,,true,,POST,http://20.210.36.32:8080/prediction/knn,HTTP/1.1,contacts,,200,,,http://20.210.36.32:8080/prediction/knn,,
http_req_sending,1678217730,0.043501,,,,true,,POST,http://20.210.36.32:8080/prediction/knn,HTTP/1.1,contacts,,200,,,http://20.210.36.32:8080/prediction/knn,,
http_req_waiting,1678217730,1566.743724,,,,true,,POST,http://20.210.36.32:8080/prediction/knn,HTTP/1.1,contacts,,200,,,http://20.210.36.32:8080/prediction/knn,,
http_req_receiving,1678217730,0.138900,,,,true,,POST,http://20.210.36.32:8080/prediction/knn,HTTP/1.1,contacts,,200,,,http://20.210.36.32:8080/prediction/knn,,
http_req_failed,1678217730,0.000000,,,,true,,POST,http://20.210.36.32:8080/prediction/knn,HTTP/1.1,contacts,,200,,,http://20.210.36.32:8080/prediction/knn,,
responseTime,1678217730,1566.926125,,,,,,,,,contacts,,,,,,,
data_sent,1678217730,2088.000000,,,,,,,,,contacts,,,,,,,
data_received,1678217730,199.000000,,,,,,,,,contacts,,,,,,,
iteration_duration,1678217730,1569.557739,,,,,,,,,contacts,,,,,,,
iterations,1678217730,1.000000,,,,,,,,,contacts,,,,,,,
http_reqs,1678217730,1.000000,,,,true,,POST,http://20.210.36.32:8080/prediction/knn,HTTP/1.1,contacts,,200,,,http://20.210.36.32:8080/prediction/knn,,
http_req_duration,1678217730,1187.496336,,,,true,,POST,http://20.210.36.32:8080/prediction/knn,HTTP/1.1,contacts,,200,,,http://20.210.36.32:8080/prediction/knn,,
http_req_blocked,1678217730,2.058911,,,,true,,POST,http://20.210.36.32:8080/prediction/knn,HTTP/1.1,contacts,,200,,,http://20.210.36.32:8080/prediction/knn,,
http_req_connecting,1678217730,1.992311,,,,true,,POST,http://20.210.36.32:8080/prediction/knn,HTTP/1.1,contacts,,200,,,http://20.210.36.32:8080/prediction/knn,,
http_req_tls_handshaking,1678217730,0.000000,,,,true,,POST,http://20.210.36.32:8080/prediction/knn,HTTP/1.1,contacts,,200,,,http://20.210.36.32:8080/prediction/knn,,
http_req_sending,1678217730,0.062600,,,,true,,POST,http://20.210.36.32:8080/prediction/knn,HTTP/1.1,contacts,,200,,,http://20.210.36.32:8080/prediction/knn,,
http_req_waiting,1678217730,1187.246135,,,,true,,POST,http://20.210.36.32:8080/prediction/knn,HTTP/1.1,contacts,,200,,,http://20.210.36.32:8080/prediction/knn,,
http_req_receiving,1678217730,0.187601,,,,true,,POST,http://20.210.36.32:8080/prediction/knn,HTTP/1.1,contacts,,200,,,http://20.210.36.32:8080/prediction/knn,,
http_req_failed,1678217730,0.000000,,,,true,,POST,http://20.210.36.32:8080/prediction/knn,HTTP/1.1,contacts,,200,,,http://20.210.36.32:8080/prediction/knn,,
responseTime,1678217730,1187.496336,,,,,,,,,contacts,,,,,,,
data_sent,1678217730,2088.000000,,,,,,,,,contacts,,,,,,,
data_received,1678217730,199.000000,,,,,,,,,contacts,,,,,,,
iteration_duration,1678217730,1189.923050,,,,,,,,,contacts,,,,,,,
iterations,1678217730,1.000000,,,,,,,,,contacts,,,,,,,
http_reqs,1678217730,1.000000,,,,true,,POST,http://20.210.36.32:8080/prediction/knn,HTTP/1.1,contacts,,200,,,http://20.210.36.32:8080/prediction/knn,,
http_req_duration,1678217730,1372.083653,,,,true,,POST,http://20.210.36.32:8080/prediction/knn,HTTP/1.1,contacts,,200,,,http://20.210.36.32:8080/prediction/knn,,
http_req_blocked,1678217730,2.355913,,,,true,,POST,http://20.210.36.32:8080/prediction/knn,HTTP/1.1,contacts,,200,,,http://20.210.36.32:8080/prediction/knn,,
http_req_connecting,1678217730,2.270712,,,,true,,POST,http://20.210.36.32:8080/prediction/knn,HTTP/1.1,contacts,,200,,,http://20.210.36.32:8080/prediction/knn,,
http_req_tls_handshaking,1678217730,0.000000,,,,true,,POST,http://20.210.36.32:8080/prediction/knn,HTTP/1.1,contacts,,200,,,http://20.210.36.32:8080/prediction/knn,,
http_req_sending,1678217730,0.087701,,,,true,,POST,http://20.210.36.32:8080/prediction/knn,HTTP/1.1,contacts,,200,,,http://20.210.36.32:8080/prediction/knn,,
http_req_waiting,1678217730,1371.809451,,,,true,,POST,http://20.210.36.32:8080/prediction/knn,HTTP/1.1,contacts,,200,,,http://20.210.36.32:8080/prediction/knn,,
http_req_receiving,1678217730,0.186501,,,,true,,POST,http://20.210.36.32:8080/prediction/knn,HTTP/1.1,contacts,,200,,,http://20.210.36.32:8080/prediction/knn,,
http_req_failed,1678217730,0.000000,,,,true,,POST,http://20.210.36.32:8080/prediction/knn,HTTP/1.1,contacts,,200,,,http://20.210.36.32:8080/prediction/knn,,
responseTime,1678217730,1372.083653,,,,,,,,,contacts,,,,,,,
data_sent,1678217730,2088.000000,,,,,,,,,contacts,,,,,,,
data_received,1678217730,199.000000,,,,,,,,,contacts,,,,,,,
iteration_duration,1678217730,1375.057269,,,,,,,,,contacts,,,,,,,
iterations,1678217730,1.000000,,,,,,,,,contacts,,,,,,,
http_reqs,1678217730,1.000000,,,,true,,POST,http://20.210.36.32:8080/prediction/knn,HTTP/1.1,contacts,,200,,,http://20.210.36.32:8080/prediction/knn,,
http_req_duration,1678217730,1306.605292,,,,true,,POST,http://20.210.36.32:8080/prediction/knn,HTTP/1.1,contacts,,200,,,http://20.210.36.32:8080/prediction/knn,,
http_req_blocked,1678217730,2.440213,,,,true,,POST,http://20.210.36.32:8080/prediction/knn,HTTP/1.1,contacts,,200,,,http://20.210.36.32:8080/prediction/knn,,
http_req_connecting,1678217730,2.377213,,,,true,,POST,http://20.210.36.32:8080/prediction/knn,HTTP/1.1,contacts,,200,,,http://20.210.36.32:8080/prediction/knn,,
http_req_tls_handshaking,1678217730,0.000000,,,,true,,POST,http://20.210.36.32:8080/prediction/knn,HTTP/1.1,contacts,,200,,,http://20.210.36.32:8080/prediction/knn,,
http_req_sending,1678217730,0.051700,,,,true,,POST,http://20.210.36.32:8080/prediction/knn,HTTP/1.1,contacts,,200,,,http://20.210.36.32:8080/prediction/knn,,
http_req_waiting,1678217730,1306.469192,,,,true,,POST,http://20.210.36.32:8080/prediction/knn,HTTP/1.1,contacts,,200,,,http://20.210.36.32:8080/prediction/knn,,
http_req_receiving,1678217730,0.084400,,,,true,,POST,http://20.210.36.32:8080/prediction/knn,HTTP/1.1,contacts,,200,,,http://20.210.36.32:8080/prediction/knn,,
http_req_failed,1678217730,0.000000,,,,true,,POST,http://20.210.36.32:8080/prediction/knn,HTTP/1.1,contacts,,200,,,http://20.210.36.32:8080/prediction/knn,,
http_reqs,1678217730,1.000000,,,,true,,POST,http://20.210.36.32:8080/prediction/knn,HTTP/1.1,contacts,,200,,,http://20.210.36.32:8080/prediction/knn,,
http_req_duration,1678217730,1192.092562,,,,true,,POST,http://20.210.36.32:8080/prediction/knn,HTTP/1.1,contacts,,200,,,http://20.210.36.32:8080/prediction/knn,,
http_req_blocked,1678217730,1.954711,,,,true,,POST,http://20.210.36.32:8080/prediction/knn,HTTP/1.1,contacts,,200,,,http://20.210.36.32:8080/prediction/knn,,
http_req_connecting,1678217730,1.904610,,,,true,,POST,http://20.210.36.32:8080/prediction/knn,HTTP/1.1,contacts,,200,,,http://20.210.36.32:8080/prediction/knn,,
http_req_tls_handshaking,1678217730,0.000000,,,,true,,POST,http://20.210.36.32:8080/prediction/knn,HTTP/1.1,contacts,,200,,,http://20.210.36.32:8080/prediction/knn,,
http_req_sending,1678217730,0.045100,,,,true,,POST,http://20.210.36.32:8080/prediction/knn,HTTP/1.1,contacts,,200,,,http://20.210.36.32:8080/prediction/knn,,
http_req_waiting,1678217730,1191.972061,,,,true,,POST,http://20.210.36.32:8080/prediction/knn,HTTP/1.1,contacts,,200,,,http://20.210.36.32:8080/prediction/knn,,
http_req_receiving,1678217730,0.075401,,,,true,,POST,http://20.210.36.32:8080/prediction/knn,HTTP/1.1,contacts,,200,,,http://20.210.36.32:8080/prediction/knn,,
http_req_failed,1678217730,0.000000,,,,true,,POST,http://20.210.36.32:8080/prediction/knn,HTTP/1.1,contacts,,200,,,http://20.210.36.32:8080/prediction/knn,,
responseTime,1678217730,1306.605292,,,,,,,,,contacts,,,,,,,
data_sent,1678217730,2088.000000,,,,,,,,,contacts,,,,,,,
data_received,1678217730,199.000000,,,,,,,,,contacts,,,,,,,
iteration_duration,1678217730,1309.587409,,,,,,,,,contacts,,,,,,,
iterations,1678217730,1.000000,,,,,,,,,contacts,,,,,,,
responseTime,1678217730,1192.092562,,,,,,,,,contacts,,,,,,,
data_sent,1678217730,2088.000000,,,,,,,,,contacts,,,,,,,
data_received,1678217730,199.000000,,,,,,,,,contacts,,,,,,,
iteration_duration,1678217730,1195.076078,,,,,,,,,contacts,,,,,,,
iterations,1678217730,1.000000,,,,,,,,,contacts,,,,,,,
data_sent,1678217730,2088.000000,,,,,,,,,contacts,,,,,,,
data_received,1678217730,0.000000,,,,,,,,,contacts,,,,,,,
http_reqs,1678217730,1.000000,,,,true,,POST,http://20.210.36.32:8080/prediction/knn,HTTP/1.1,contacts,,200,,,http://20.210.36.32:8080/prediction/knn,,
http_req_duration,1678217730,1275.888523,,,,true,,POST,http://20.210.36.32:8080/prediction/knn,HTTP/1.1,contacts,,200,,,http://20.210.36.32:8080/prediction/knn,,
http_req_blocked,1678217730,4.612525,,,,true,,POST,http://20.210.36.32:8080/prediction/knn,HTTP/1.1,contacts,,200,,,http://20.210.36.32:8080/prediction/knn,,
http_req_connecting,1678217730,4.503525,,,,true,,POST,http://20.210.36.32:8080/prediction/knn,HTTP/1.1,contacts,,200,,,http://20.210.36.32:8080/prediction/knn,,
http_req_tls_handshaking,1678217730,0.000000,,,,true,,POST,http://20.210.36.32:8080/prediction/knn,HTTP/1.1,contacts,,200,,,http://20.210.36.32:8080/prediction/knn,,
http_req_sending,1678217730,0.066200,,,,true,,POST,http://20.210.36.32:8080/prediction/knn,HTTP/1.1,contacts,,200,,,http://20.210.36.32:8080/prediction/knn,,
http_req_waiting,1678217730,1275.723722,,,,true,,POST,http://20.210.36.32:8080/prediction/knn,HTTP/1.1,contacts,,200,,,http://20.210.36.32:8080/prediction/knn,,
http_req_receiving,1678217730,0.098601,,,,true,,POST,http://20.210.36.32:8080/prediction/knn,HTTP/1.1,contacts,,200,,,http://20.210.36.32:8080/prediction/knn,,
http_req_failed,1678217730,0.000000,,,,true,,POST,http://20.210.36.32:8080/prediction/knn,HTTP/1.1,contacts,,200,,,http://20.210.36.32:8080/prediction/knn,,
responseTime,1678217730,1275.888523,,,,,,,,,contacts,,,,,,,
data_sent,1678217730,2088.000000,,,,,,,,,contacts,,,,,,,
data_received,1678217730,199.000000,,,,,,,,,contacts,,,,,,,
iteration_duration,1678217730,1280.857450,,,,,,,,,contacts,,,,,,,
iterations,1678217730,1.000000,,,,,,,,,contacts,,,,,,,
http_reqs,1678217730,1.000000,,,,true,,POST,http://20.210.36.32:8080/prediction/knn,HTTP/1.1,contacts,,200,,,http://20.210.36.32:8080/prediction/knn,,
http_req_duration,1678217730,1070.498492,,,,true,,POST,http://20.210.36.32:8080/prediction/knn,HTTP/1.1,contacts,,200,,,http://20.210.36.32:8080/prediction/knn,,
http_req_blocked,1678217730,1.934411,,,,true,,POST,http://20.210.36.32:8080/prediction/knn,HTTP/1.1,contacts,,200,,,http://20.210.36.32:8080/prediction/knn,,
http_req_connecting,1678217730,1.854810,,,,true,,POST,http://20.210.36.32:8080/prediction/knn,HTTP/1.1,contacts,,200,,,http://20.210.36.32:8080/prediction/knn,,
http_req_tls_handshaking,1678217730,0.000000,,,,true,,POST,http://20.210.36.32:8080/prediction/knn,HTTP/1.1,contacts,,200,,,http://20.210.36.32:8080/prediction/knn,,
http_req_sending,1678217730,0.076600,,,,true,,POST,http://20.210.36.32:8080/prediction/knn,HTTP/1.1,contacts,,200,,,http://20.210.36.32:8080/prediction/knn,,
http_req_waiting,1678217730,1069.950790,,,,true,,POST,http://20.210.36.32:8080/prediction/knn,HTTP/1.1,contacts,,200,,,http://20.210.36.32:8080/prediction/knn,,
http_req_receiving,1678217730,0.471102,,,,true,,POST,http://20.210.36.32:8080/prediction/knn,HTTP/1.1,contacts,,200,,,http://20.210.36.32:8080/prediction/knn,,
http_req_failed,1678217730,0.000000,,,,true,,POST,http://20.210.36.32:8080/prediction/knn,HTTP/1.1,contacts,,200,,,http://20.210.36.32:8080/prediction/knn,,
responseTime,1678217730,1070.498492,,,,,,,,,contacts,,,,,,,
data_sent,1678217730,2088.000000,,,,,,,,,contacts,,,,,,,
data_received,1678217730,199.000000,,,,,,,,,contacts,,,,,,,
iteration_duration,1678217730,1072.883305,,,,,,,,,contacts,,,,,,,
iterations,1678217730,1.000000,,,,,,,,,contacts,,,,,,,
data_sent,1678217730,2088.000000,,,,,,,,,contacts,,,,,,,
data_received,1678217730,0.000000,,,,,,,,,contacts,,,,,,,
http_reqs,1678217730,1.000000,,,,true,,POST,http://20.210.36.32:8080/prediction/knn,HTTP/1.1,contacts,,200,,,http://20.210.36.32:8080/prediction/knn,,
http_req_duration,1678217730,1115.395939,,,,true,,POST,http://20.210.36.32:8080/prediction/knn,HTTP/1.1,contacts,,200,,,http://20.210.36.32:8080/prediction/knn,,
http_req_blocked,1678217730,4.726826,,,,true,,POST,http://20.210.36.32:8080/prediction/knn,HTTP/1.1,contacts,,200,,,http://20.210.36.32:8080/prediction/knn,,
http_req_connecting,1678217730,4.665626,,,,true,,POST,http://20.210.36.32:8080/prediction/knn,HTTP/1.1,contacts,,200,,,http://20.210.36.32:8080/prediction/knn,,
http_req_tls_handshaking,1678217730,0.000000,,,,true,,POST,http://20.210.36.32:8080/prediction/knn,HTTP/1.1,contacts,,200,,,http://20.210.36.32:8080/prediction/knn,,
http_req_sending,1678217730,0.078400,,,,true,,POST,http://20.210.36.32:8080/prediction/knn,HTTP/1.1,contacts,,200,,,http://20.210.36.32:8080/prediction/knn,,
http_req_waiting,1678217730,1115.200439,,,,true,,POST,http://20.210.36.32:8080/prediction/knn,HTTP/1.1,contacts,,200,,,http://20.210.36.32:8080/prediction/knn,,
http_req_receiving,1678217730,0.117100,,,,true,,POST,http://20.210.36.32:8080/prediction/knn,HTTP/1.1,contacts,,200,,,http://20.210.36.32:8080/prediction/knn,,
http_req_failed,1678217730,0.000000,,,,true,,POST,http://20.210.36.32:8080/prediction/knn,HTTP/1.1,contacts,,200,,,http://20.210.36.32:8080/prediction/knn,,
responseTime,1678217730,1115.395939,,,,,,,,,contacts,,,,,,,
data_sent,1678217730,2088.000000,,,,,,,,,contacts,,,,,,,
data_received,1678217730,199.000000,,,,,,,,,contacts,,,,,,,
iteration_duration,1678217730,1120.574369,,,,,,,,,contacts,,,,,,,
iterations,1678217730,1.000000,,,,,,,,,contacts,,,,,,,
data_sent,1678217730,2088.000000,,,,,,,,,contacts,,,,,,,
data_received,1678217730,0.000000,,,,,,,,,contacts,,,,,,,
http_reqs,1678217730,1.000000,,,,true,,POST,http://20.210.36.32:8080/prediction/knn,HTTP/1.1,contacts,,200,,,http://20.210.36.32:8080/prediction/knn,,
http_req_duration,1678217730,1117.923254,,,,true,,POST,http://20.210.36.32:8080/prediction/knn,HTTP/1.1,contacts,,200,,,http://20.210.36.32:8080/prediction/knn,,
http_req_blocked,1678217730,4.269924,,,,true,,POST,http://20.210.36.32:8080/prediction/knn,HTTP/1.1,contacts,,200,,,http://20.210.36.32:8080/prediction/knn,,
http_req_connecting,1678217730,4.222223,,,,true,,POST,http://20.210.36.32:8080/prediction/knn,HTTP/1.1,contacts,,200,,,http://20.210.36.32:8080/prediction/knn,,
http_req_tls_handshaking,1678217730,0.000000,,,,true,,POST,http://20.210.36.32:8080/prediction/knn,HTTP/1.1,contacts,,200,,,http://20.210.36.32:8080/prediction/knn,,
http_req_sending,1678217730,0.052201,,,,true,,POST,http://20.210.36.32:8080/prediction/knn,HTTP/1.1,contacts,,200,,,http://20.210.36.32:8080/prediction/knn,,
http_req_waiting,1678217730,1116.003143,,,,true,,POST,http://20.210.36.32:8080/prediction/knn,HTTP/1.1,contacts,,200,,,http://20.210.36.32:8080/prediction/knn,,
http_req_receiving,1678217730,1.867910,,,,true,,POST,http://20.210.36.32:8080/prediction/knn,HTTP/1.1,contacts,,200,,,http://20.210.36.32:8080/prediction/knn,,
http_req_failed,1678217730,0.000000,,,,true,,POST,http://20.210.36.32:8080/prediction/knn,HTTP/1.1,contacts,,200,,,http://20.210.36.32:8080/prediction/knn,,
responseTime,1678217730,1117.923254,,,,,,,,,contacts,,,,,,,
data_sent,1678217730,2088.000000,,,,,,,,,contacts,,,,,,,
data_received,1678217730,199.000000,,,,,,,,,contacts,,,,,,,
iteration_duration,1678217730,1122.539579,,,,,,,,,contacts,,,,,,,
iterations,1678217730,1.000000,,,,,,,,,contacts,,,,,,,
vus,1678217730,41.000000,,,,,,,,,,,,,,,,
vus_max,1678217730,100.000000,,,,,,,,,,,,,,,,
http_reqs,1678217730,1.000000,,,,true,,POST,http://20.210.36.32:8080/prediction/knn,HTTP/1.1,contacts,,200,,,http://20.210.36.32:8080/prediction/knn,,
http_req_duration,1678217730,1131.237927,,,,true,,POST,http://20.210.36.32:8080/prediction/knn,HTTP/1.1,contacts,,200,,,http://20.210.36.32:8080/prediction/knn,,
http_req_blocked,1678217730,18.962204,,,,true,,POST,http://20.210.36.32:8080/prediction/knn,HTTP/1.1,contacts,,200,,,http://20.210.36.32:8080/prediction/knn,,
http_req_connecting,1678217730,18.890804,,,,true,,POST,http://20.210.36.32:8080/prediction/knn,HTTP/1.1,contacts,,200,,,http://20.210.36.32:8080/prediction/knn,,
http_req_tls_handshaking,1678217730,0.000000,,,,true,,POST,http://20.210.36.32:8080/prediction/knn,HTTP/1.1,contacts,,200,,,http://20.210.36.32:8080/prediction/knn,,
http_req_sending,1678217730,0.068700,,,,true,,POST,http://20.210.36.32:8080/prediction/knn,HTTP/1.1,contacts,,200,,,http://20.210.36.32:8080/prediction/knn,,
http_req_waiting,1678217730,1131.071026,,,,true,,POST,http://20.210.36.32:8080/prediction/knn,HTTP/1.1,contacts,,200,,,http://20.210.36.32:8080/prediction/knn,,
http_req_receiving,1678217730,0.098201,,,,true,,POST,http://20.210.36.32:8080/prediction/knn,HTTP/1.1,contacts,,200,,,http://20.210.36.32:8080/prediction/knn,,
http_req_failed,1678217730,0.000000,,,,true,,POST,http://20.210.36.32:8080/prediction/knn,HTTP/1.1,contacts,,200,,,http://20.210.36.32:8080/prediction/knn,,
responseTime,1678217730,1131.237927,,,,,,,,,contacts,,,,,,,
data_sent,1678217730,2088.000000,,,,,,,,,contacts,,,,,,,
data_received,1678217730,199.000000,,,,,,,,,contacts,,,,,,,
iteration_duration,1678217730,1150.497533,,,,,,,,,contacts,,,,,,,
iterations,1678217730,1.000000,,,,,,,,,contacts,,,,,,,
http_reqs,1678217730,1.000000,,,,true,,POST,http://20.210.36.32:8080/prediction/knn,HTTP/1.1,contacts,,200,,,http://20.210.36.32:8080/prediction/knn,,
http_req_duration,1678217730,1092.082111,,,,true,,POST,http://20.210.36.32:8080/prediction/knn,HTTP/1.1,contacts,,200,,,http://20.210.36.32:8080/prediction/knn,,
http_req_blocked,1678217730,4.945127,,,,true,,POST,http://20.210.36.32:8080/prediction/knn,HTTP/1.1,contacts,,200,,,http://20.210.36.32:8080/prediction/knn,,
http_req_connecting,1678217730,4.880227,,,,true,,POST,http://20.210.36.32:8080/prediction/knn,HTTP/1.1,contacts,,200,,,http://20.210.36.32:8080/prediction/knn,,
http_req_tls_handshaking,1678217730,0.000000,,,,true,,POST,http://20.210.36.32:8080/prediction/knn,HTTP/1.1,contacts,,200,,,http://20.210.36.32:8080/prediction/knn,,
http_req_sending,1678217730,0.070600,,,,true,,POST,http://20.210.36.32:8080/prediction/knn,HTTP/1.1,contacts,,200,,,http://20.210.36.32:8080/prediction/knn,,
http_req_waiting,1678217730,1091.689609,,,,true,,POST,http://20.210.36.32:8080/prediction/knn,HTTP/1.1,contacts,,200,,,http://20.210.36.32:8080/prediction/knn,,
http_req_receiving,1678217730,0.321902,,,,true,,POST,http://20.210.36.32:8080/prediction/knn,HTTP/1.1,contacts,,200,,,http://20.210.36.32:8080/prediction/knn,,
http_req_failed,1678217730,0.000000,,,,true,,POST,http://20.210.36.32:8080/prediction/knn,HTTP/1.1,contacts,,200,,,http://20.210.36.32:8080/prediction/knn,,
responseTime,1678217730,1092.082111,,,,,,,,,contacts,,,,,,,
data_sent,1678217730,2088.000000,,,,,,,,,contacts,,,,,,,
data_received,1678217730,199.000000,,,,,,,,,contacts,,,,,,,
iteration_duration,1678217730,1097.316540,,,,,,,,,contacts,,,,,,,
iterations,1678217730,1.000000,,,,,,,,,contacts,,,,,,,
http_reqs,1678217730,1.000000,,,,true,,POST,http://20.210.36.32:8080/prediction/knn,HTTP/1.1,contacts,,200,,,http://20.210.36.32:8080/prediction/knn,,
http_req_duration,1678217730,1114.989837,,,,true,,POST,http://20.210.36.32:8080/prediction/knn,HTTP/1.1,contacts,,200,,,http://20.210.36.32:8080/prediction/knn,,
http_req_blocked,1678217730,3.974522,,,,true,,POST,http://20.210.36.32:8080/prediction/knn,HTTP/1.1,contacts,,200,,,http://20.210.36.32:8080/prediction/knn,,
http_req_connecting,1678217730,3.849821,,,,true,,POST,http://20.210.36.32:8080/prediction/knn,HTTP/1.1,contacts,,200,,,http://20.210.36.32:8080/prediction/knn,,
http_req_tls_handshaking,1678217730,0.000000,,,,true,,POST,http://20.210.36.32:8080/prediction/knn,HTTP/1.1,contacts,,200,,,http://20.210.36.32:8080/prediction/knn,,
http_req_sending,1678217730,0.049600,,,,true,,POST,http://20.210.36.32:8080/prediction/knn,HTTP/1.1,contacts,,200,,,http://20.210.36.32:8080/prediction/knn,,
http_req_waiting,1678217730,1114.859937,,,,true,,POST,http://20.210.36.32:8080/prediction/knn,HTTP/1.1,contacts,,200,,,http://20.210.36.32:8080/prediction/knn,,
http_req_receiving,1678217730,0.080300,,,,true,,POST,http://20.210.36.32:8080/prediction/knn,HTTP/1.1,contacts,,200,,,http://20.210.36.32:8080/prediction/knn,,
http_req_failed,1678217730,0.000000,,,,true,,POST,http://20.210.36.32:8080/prediction/knn,HTTP/1.1,contacts,,200,,,http://20.210.36.32:8080/prediction/knn,,
responseTime,1678217730,1114.989837,,,,,,,,,contacts,,,,,,,
data_sent,1678217730,2088.000000,,,,,,,,,contacts,,,,,,,
data_received,1678217730,199.000000,,,,,,,,,contacts,,,,,,,
iteration_duration,1678217730,1119.396162,,,,,,,,,contacts,,,,,,,
iterations,1678217730,1.000000,,,,,,,,,contacts,,,,,,,
http_reqs,1678217730,1.000000,,,,true,,POST,http://20.210.36.32:8080/prediction/knn,HTTP/1.1,contacts,,200,,,http://20.210.36.32:8080/prediction/knn,,
http_req_duration,1678217730,1140.052775,,,,true,,POST,http://20.210.36.32:8080/prediction/knn,HTTP/1.1,contacts,,200,,,http://20.210.36.32:8080/prediction/knn,,
http_req_blocked,1678217730,3.909321,,,,true,,POST,http://20.210.36.32:8080/prediction/knn,HTTP/1.1,contacts,,200,,,http://20.210.36.32:8080/prediction/knn,,
http_req_connecting,1678217730,3.785821,,,,true,,POST,http://20.210.36.32:8080/prediction/knn,HTTP/1.1,contacts,,200,,,http://20.210.36.32:8080/prediction/knn,,
http_req_tls_handshaking,1678217730,0.000000,,,,true,,POST,http://20.210.36.32:8080/prediction/knn,HTTP/1.1,contacts,,200,,,http://20.210.36.32:8080/prediction/knn,,
http_req_sending,1678217730,0.129800,,,,true,,POST,http://20.210.36.32:8080/prediction/knn,HTTP/1.1,contacts,,200,,,http://20.210.36.32:8080/prediction/knn,,
http_req_waiting,1678217730,1139.835575,,,,true,,POST,http://20.210.36.32:8080/prediction/knn,HTTP/1.1,contacts,,200,,,http://20.210.36.32:8080/prediction/knn,,
http_req_receiving,1678217730,0.087400,,,,true,,POST,http://20.210.36.32:8080/prediction/knn,HTTP/1.1,contacts,,200,,,http://20.210.36.32:8080/prediction/knn,,
http_req_failed,1678217730,0.000000,,,,true,,POST,http://20.210.36.32:8080/prediction/knn,HTTP/1.1,contacts,,200,,,http://20.210.36.32:8080/prediction/knn,,
responseTime,1678217730,1140.052775,,,,,,,,,contacts,,,,,,,
data_sent,1678217730,2088.000000,,,,,,,,,contacts,,,,,,,
data_received,1678217730,199.000000,,,,,,,,,contacts,,,,,,,
iteration_duration,1678217730,1144.339199,,,,,,,,,contacts,,,,,,,
iterations,1678217730,1.000000,,,,,,,,,contacts,,,,,,,
http_reqs,1678217730,1.000000,,,,true,,POST,http://20.210.36.32:8080/prediction/knn,HTTP/1.1,contacts,,200,,,http://20.210.36.32:8080/prediction/knn,,
http_req_duration,1678217730,1114.555935,,,,true,,POST,http://20.210.36.32:8080/prediction/knn,HTTP/1.1,contacts,,200,,,http://20.210.36.32:8080/prediction/knn,,
http_req_blocked,1678217730,4.609125,,,,true,,POST,http://20.210.36.32:8080/prediction/knn,HTTP/1.1,contacts,,200,,,http://20.210.36.32:8080/prediction/knn,,
http_req_connecting,1678217730,4.547925,,,,true,,POST,http://20.210.36.32:8080/prediction/knn,HTTP/1.1,contacts,,200,,,http://20.210.36.32:8080/prediction/knn,,
http_req_tls_handshaking,1678217730,0.000000,,,,true,,POST,http://20.210.36.32:8080/prediction/knn,HTTP/1.1,contacts,,200,,,http://20.210.36.32:8080/prediction/knn,,
http_req_sending,1678217730,0.067900,,,,true,,POST,http://20.210.36.32:8080/prediction/knn,HTTP/1.1,contacts,,200,,,http://20.210.36.32:8080/prediction/knn,,
http_req_waiting,1678217730,1114.417634,,,,true,,POST,http://20.210.36.32:8080/prediction/knn,HTTP/1.1,contacts,,200,,,http://20.210.36.32:8080/prediction/knn,,
http_req_receiving,1678217730,0.070401,,,,true,,POST,http://20.210.36.32:8080/prediction/knn,HTTP/1.1,contacts,,200,,,http://20.210.36.32:8080/prediction/knn,,
http_req_failed,1678217730,0.000000,,,,true,,POST,http://20.210.36.32:8080/prediction/knn,HTTP/1.1,contacts,,200,,,http://20.210.36.32:8080/prediction/knn,,
responseTime,1678217730,1114.555935,,,,,,,,,contacts,,,,,,,
http_reqs,1678217730,1.000000,,,,true,,POST,http://20.210.36.32:8080/prediction/knn,HTTP/1.1,contacts,,200,,,http://20.210.36.32:8080/prediction/knn,,
http_req_duration,1678217730,1098.578647,,,,true,,POST,http://20.210.36.32:8080/prediction/knn,HTTP/1.1,contacts,,200,,,http://20.210.36.32:8080/prediction/knn,,
http_req_blocked,1678217730,3.955922,,,,true,,POST,http://20.210.36.32:8080/prediction/knn,HTTP/1.1,contacts,,200,,,http://20.210.36.32:8080/prediction/knn,,
http_req_connecting,1678217730,3.910621,,,,true,,POST,http://20.210.36.32:8080/prediction/knn,HTTP/1.1,contacts,,200,,,http://20.210.36.32:8080/prediction/knn,,
http_req_tls_handshaking,1678217730,0.000000,,,,true,,POST,http://20.210.36.32:8080/prediction/knn,HTTP/1.1,contacts,,200,,,http://20.210.36.32:8080/prediction/knn,,
http_req_sending,1678217730,0.071301,,,,true,,POST,http://20.210.36.32:8080/prediction/knn,HTTP/1.1,contacts,,200,,,http://20.210.36.32:8080/prediction/knn,,
http_req_waiting,1678217730,1096.592936,,,,true,,POST,http://20.210.36.32:8080/prediction/knn,HTTP/1.1,contacts,,200,,,http://20.210.36.32:8080/prediction/knn,,
http_req_receiving,1678217730,1.914410,,,,true,,POST,http://20.210.36.32:8080/prediction/knn,HTTP/1.1,contacts,,200,,,http://20.210.36.32:8080/prediction/knn,,
http_req_failed,1678217730,0.000000,,,,true,,POST,http://20.210.36.32:8080/prediction/knn,HTTP/1.1,contacts,,200,,,http://20.210.36.32:8080/prediction/knn,,
responseTime,1678217730,1098.578647,,,,,,,,,contacts,,,,,,,
data_sent,1678217730,2088.000000,,,,,,,,,contacts,,,,,,,
data_received,1678217730,199.000000,,,,,,,,,contacts,,,,,,,
iteration_duration,1678217730,1103.163873,,,,,,,,,contacts,,,,,,,
iterations,1678217730,1.000000,,,,,,,,,contacts,,,,,,,
data_sent,1678217730,2088.000000,,,,,,,,,contacts,,,,,,,
data_received,1678217730,199.000000,,,,,,,,,contacts,,,,,,,
iteration_duration,1678217730,1120.233666,,,,,,,,,contacts,,,,,,,
iterations,1678217730,1.000000,,,,,,,,,contacts,,,,,,,
http_reqs,1678217730,1.000000,,,,true,,POST,http://20.210.36.32:8080/prediction/knn,HTTP/1.1,contacts,,200,,,http://20.210.36.32:8080/prediction/knn,,
http_req_duration,1678217730,1141.695285,,,,true,,POST,http://20.210.36.32:8080/prediction/knn,HTTP/1.1,contacts,,200,,,http://20.210.36.32:8080/prediction/knn,,
http_req_blocked,1678217730,3.946522,,,,true,,POST,http://20.210.36.32:8080/prediction/knn,HTTP/1.1,contacts,,200,,,http://20.210.36.32:8080/prediction/knn,,
http_req_connecting,1678217730,3.901121,,,,true,,POST,http://20.210.36.32:8080/prediction/knn,HTTP/1.1,contacts,,200,,,http://20.210.36.32:8080/prediction/knn,,
http_req_tls_handshaking,1678217730,0.000000,,,,true,,POST,http://20.210.36.32:8080/prediction/knn,HTTP/1.1,contacts,,200,,,http://20.210.36.32:8080/prediction/knn,,
http_req_sending,1678217730,0.044201,,,,true,,POST,http://20.210.36.32:8080/prediction/knn,HTTP/1.1,contacts,,200,,,http://20.210.36.32:8080/prediction/knn,,
http_req_waiting,1678217730,1140.870179,,,,true,,POST,http://20.210.36.32:8080/prediction/knn,HTTP/1.1,contacts,,200,,,http://20.210.36.32:8080/prediction/knn,,
http_req_receiving,1678217730,0.780905,,,,true,,POST,http://20.210.36.32:8080/prediction/knn,HTTP/1.1,contacts,,200,,,http://20.210.36.32:8080/prediction/knn,,
http_req_failed,1678217730,0.000000,,,,true,,POST,http://20.210.36.32:8080/prediction/knn,HTTP/1.1,contacts,,200,,,http://20.210.36.32:8080/prediction/knn,,
responseTime,1678217730,1141.695285,,,,,,,,,contacts,,,,,,,
data_sent,1678217730,2088.000000,,,,,,,,,contacts,,,,,,,
data_received,1678217730,199.000000,,,,,,,,,contacts,,,,,,,
iteration_duration,1678217730,1146.580311,,,,,,,,,contacts,,,,,,,
iterations,1678217730,1.000000,,,,,,,,,contacts,,,,,,,
http_reqs,1678217730,1.000000,,,,true,,POST,http://20.210.36.32:8080/prediction/knn,HTTP/1.1,contacts,,200,,,http://20.210.36.32:8080/prediction/knn,,
http_req_duration,1678217730,1067.875778,,,,true,,POST,http://20.210.36.32:8080/prediction/knn,HTTP/1.1,contacts,,200,,,http://20.210.36.32:8080/prediction/knn,,
http_req_blocked,1678217730,3.832721,,,,true,,POST,http://20.210.36.32:8080/prediction/knn,HTTP/1.1,contacts,,200,,,http://20.210.36.32:8080/prediction/knn,,
http_req_connecting,1678217730,3.753721,,,,true,,POST,http://20.210.36.32:8080/prediction/knn,HTTP/1.1,contacts,,200,,,http://20.210.36.32:8080/prediction/knn,,
http_req_tls_handshaking,1678217730,0.000000,,,,true,,POST,http://20.210.36.32:8080/prediction/knn,HTTP/1.1,contacts,,200,,,http://20.210.36.32:8080/prediction/knn,,
http_req_sending,1678217730,0.065200,,,,true,,POST,http://20.210.36.32:8080/prediction/knn,HTTP/1.1,contacts,,200,,,http://20.210.36.32:8080/prediction/knn,,
http_req_waiting,1678217730,1063.686955,,,,true,,POST,http://20.210.36.32:8080/prediction/knn,HTTP/1.1,contacts,,200,,,http://20.210.36.32:8080/prediction/knn,,
http_req_receiving,1678217730,4.123623,,,,true,,POST,http://20.210.36.32:8080/prediction/knn,HTTP/1.1,contacts,,200,,,http://20.210.36.32:8080/prediction/knn,,
http_req_failed,1678217730,0.000000,,,,true,,POST,http://20.210.36.32:8080/prediction/knn,HTTP/1.1,contacts,,200,,,http://20.210.36.32:8080/prediction/knn,,
responseTime,1678217730,1067.875778,,,,,,,,,contacts,,,,,,,
data_sent,1678217730,2088.000000,,,,,,,,,contacts,,,,,,,
data_received,1678217730,199.000000,,,,,,,,,contacts,,,,,,,
iteration_duration,1678217730,1072.109302,,,,,,,,,contacts,,,,,,,
iterations,1678217730,1.000000,,,,,,,,,contacts,,,,,,,
http_reqs,1678217730,1.000000,,,,true,,POST,http://20.210.36.32:8080/prediction/knn,HTTP/1.1,contacts,,200,,,http://20.210.36.32:8080/prediction/knn,,
http_req_duration,1678217730,1044.718651,,,,true,,POST,http://20.210.36.32:8080/prediction/knn,HTTP/1.1,contacts,,200,,,http://20.210.36.32:8080/prediction/knn,,
http_req_blocked,1678217730,2.083511,,,,true,,POST,http://20.210.36.32:8080/prediction/knn,HTTP/1.1,contacts,,200,,,http://20.210.36.32:8080/prediction/knn,,
http_req_connecting,1678217730,2.031611,,,,true,,POST,http://20.210.36.32:8080/prediction/knn,HTTP/1.1,contacts,,200,,,http://20.210.36.32:8080/prediction/knn,,
http_req_tls_handshaking,1678217730,0.000000,,,,true,,POST,http://20.210.36.32:8080/prediction/knn,HTTP/1.1,contacts,,200,,,http://20.210.36.32:8080/prediction/knn,,
http_req_sending,1678217730,0.078401,,,,true,,POST,http://20.210.36.32:8080/prediction/knn,HTTP/1.1,contacts,,200,,,http://20.210.36.32:8080/prediction/knn,,
http_req_waiting,1678217730,1042.926640,,,,true,,POST,http://20.210.36.32:8080/prediction/knn,HTTP/1.1,contacts,,200,,,http://20.210.36.32:8080/prediction/knn,,
http_req_receiving,1678217730,1.713610,,,,true,,POST,http://20.210.36.32:8080/prediction/knn,HTTP/1.1,contacts,,200,,,http://20.210.36.32:8080/prediction/knn,,
http_req_failed,1678217730,0.000000,,,,true,,POST,http://20.210.36.32:8080/prediction/knn,HTTP/1.1,contacts,,200,,,http://20.210.36.32:8080/prediction/knn,,
responseTime,1678217730,1044.718651,,,,,,,,,contacts,,,,,,,
data_sent,1678217730,2088.000000,,,,,,,,,contacts,,,,,,,
data_received,1678217730,199.000000,,,,,,,,,contacts,,,,,,,
iteration_duration,1678217730,1047.263065,,,,,,,,,contacts,,,,,,,
iterations,1678217730,1.000000,,,,,,,,,contacts,,,,,,,
http_reqs,1678217730,1.000000,,,,true,,POST,http://20.210.36.32:8080/prediction/knn,HTTP/1.1,contacts,,200,,,http://20.210.36.32:8080/prediction/knn,,
http_req_duration,1678217730,1033.067987,,,,true,,POST,http://20.210.36.32:8080/prediction/knn,HTTP/1.1,contacts,,200,,,http://20.210.36.32:8080/prediction/knn,,
http_req_blocked,1678217730,4.218523,,,,true,,POST,http://20.210.36.32:8080/prediction/knn,HTTP/1.1,contacts,,200,,,http://20.210.36.32:8080/prediction/knn,,
http_req_connecting,1678217730,4.109522,,,,true,,POST,http://20.210.36.32:8080/prediction/knn,HTTP/1.1,contacts,,200,,,http://20.210.36.32:8080/prediction/knn,,
http_req_tls_handshaking,1678217730,0.000000,,,,true,,POST,http://20.210.36.32:8080/prediction/knn,HTTP/1.1,contacts,,200,,,http://20.210.36.32:8080/prediction/knn,,
http_req_sending,1678217730,0.088701,,,,true,,POST,http://20.210.36.32:8080/prediction/knn,HTTP/1.1,contacts,,200,,,http://20.210.36.32:8080/prediction/knn,,
http_req_waiting,1678217730,1031.036075,,,,true,,POST,http://20.210.36.32:8080/prediction/knn,HTTP/1.1,contacts,,200,,,http://20.210.36.32:8080/prediction/knn,,
http_req_receiving,1678217730,1.943211,,,,true,,POST,http://20.210.36.32:8080/prediction/knn,HTTP/1.1,contacts,,200,,,http://20.210.36.32:8080/prediction/knn,,
http_req_failed,1678217730,0.000000,,,,true,,POST,http://20.210.36.32:8080/prediction/knn,HTTP/1.1,contacts,,200,,,http://20.210.36.32:8080/prediction/knn,,
responseTime,1678217730,1033.067987,,,,,,,,,contacts,,,,,,,
data_sent,1678217730,2088.000000,,,,,,,,,contacts,,,,,,,
data_received,1678217730,199.000000,,,,,,,,,contacts,,,,,,,
iteration_duration,1678217730,1037.600411,,,,,,,,,contacts,,,,,,,
iterations,1678217730,1.000000,,,,,,,,,contacts,,,,,,,
data_sent,1678217730,2088.000000,,,,,,,,,contacts,,,,,,,
data_received,1678217730,0.000000,,,,,,,,,contacts,,,,,,,
http_reqs,1678217730,1.000000,,,,true,,POST,http://20.210.36.32:8080/prediction/knn,HTTP/1.1,contacts,,200,,,http://20.210.36.32:8080/prediction/knn,,
http_req_duration,1678217730,1079.034539,,,,true,,POST,http://20.210.36.32:8080/prediction/knn,HTTP/1.1,contacts,,200,,,http://20.210.36.32:8080/prediction/knn,,
http_req_blocked,1678217730,4.221223,,,,true,,POST,http://20.210.36.32:8080/prediction/knn,HTTP/1.1,contacts,,200,,,http://20.210.36.32:8080/prediction/knn,,
http_req_connecting,1678217730,4.152823,,,,true,,POST,http://20.210.36.32:8080/prediction/knn,HTTP/1.1,contacts,,200,,,http://20.210.36.32:8080/prediction/knn,,
http_req_tls_handshaking,1678217730,0.000000,,,,true,,POST,http://20.210.36.32:8080/prediction/knn,HTTP/1.1,contacts,,200,,,http://20.210.36.32:8080/prediction/knn,,
http_req_sending,1678217730,0.079400,,,,true,,POST,http://20.210.36.32:8080/prediction/knn,HTTP/1.1,contacts,,200,,,http://20.210.36.32:8080/prediction/knn,,
http_req_waiting,1678217730,1078.832539,,,,true,,POST,http://20.210.36.32:8080/prediction/knn,HTTP/1.1,contacts,,200,,,http://20.210.36.32:8080/prediction/knn,,
http_req_receiving,1678217730,0.122600,,,,true,,POST,http://20.210.36.32:8080/prediction/knn,HTTP/1.1,contacts,,200,,,http://20.210.36.32:8080/prediction/knn,,
http_req_failed,1678217730,0.000000,,,,true,,POST,http://20.210.36.32:8080/prediction/knn,HTTP/1.1,contacts,,200,,,http://20.210.36.32:8080/prediction/knn,,
responseTime,1678217730,1079.034539,,,,,,,,,contacts,,,,,,,
data_sent,1678217730,2088.000000,,,,,,,,,contacts,,,,,,,
data_received,1678217730,199.000000,,,,,,,,,contacts,,,,,,,
iteration_duration,1678217730,1083.704166,,,,,,,,,contacts,,,,,,,
iterations,1678217730,1.000000,,,,,,,,,contacts,,,,,,,
http_reqs,1678217730,1.000000,,,,true,,POST,http://20.210.36.32:8080/prediction/knn,HTTP/1.1,contacts,,200,,,http://20.210.36.32:8080/prediction/knn,,
http_req_duration,1678217730,1038.895118,,,,true,,POST,http://20.210.36.32:8080/prediction/knn,HTTP/1.1,contacts,,200,,,http://20.210.36.32:8080/prediction/knn,,
http_req_blocked,1678217730,4.529525,,,,true,,POST,http://20.210.36.32:8080/prediction/knn,HTTP/1.1,contacts,,200,,,http://20.210.36.32:8080/prediction/knn,,
http_req_connecting,1678217730,4.482725,,,,true,,POST,http://20.210.36.32:8080/prediction/knn,HTTP/1.1,contacts,,200,,,http://20.210.36.32:8080/prediction/knn,,
http_req_tls_handshaking,1678217730,0.000000,,,,true,,POST,http://20.210.36.32:8080/prediction/knn,HTTP/1.1,contacts,,200,,,http://20.210.36.32:8080/prediction/knn,,
http_req_sending,1678217730,0.065700,,,,true,,POST,http://20.210.36.32:8080/prediction/knn,HTTP/1.1,contacts,,200,,,http://20.210.36.32:8080/prediction/knn,,
http_req_waiting,1678217730,1038.771818,,,,true,,POST,http://20.210.36.32:8080/prediction/knn,HTTP/1.1,contacts,,200,,,http://20.210.36.32:8080/prediction/knn,,
http_req_receiving,1678217730,0.057600,,,,true,,POST,http://20.210.36.32:8080/prediction/knn,HTTP/1.1,contacts,,200,,,http://20.210.36.32:8080/prediction/knn,,
http_req_failed,1678217730,0.000000,,,,true,,POST,http://20.210.36.32:8080/prediction/knn,HTTP/1.1,contacts,,200,,,http://20.210.36.32:8080/prediction/knn,,
responseTime,1678217730,1038.895118,,,,,,,,,contacts,,,,,,,
data_sent,1678217730,2088.000000,,,,,,,,,contacts,,,,,,,
data_received,1678217730,199.000000,,,,,,,,,contacts,,,,,,,
iteration_duration,1678217730,1043.789445,,,,,,,,,contacts,,,,,,,
iterations,1678217730,1.000000,,,,,,,,,contacts,,,,,,,
http_reqs,1678217730,1.000000,,,,true,,POST,http://20.210.36.32:8080/prediction/knn,HTTP/1.1,contacts,,200,,,http://20.210.36.32:8080/prediction/knn,,
http_req_duration,1678217730,1023.521034,,,,true,,POST,http://20.210.36.32:8080/prediction/knn,HTTP/1.1,contacts,,200,,,http://20.210.36.32:8080/prediction/knn,,
http_req_blocked,1678217730,3.891221,,,,true,,POST,http://20.210.36.32:8080/prediction/knn,HTTP/1.1,contacts,,200,,,http://20.210.36.32:8080/prediction/knn,,
http_req_connecting,1678217730,3.804121,,,,true,,POST,http://20.210.36.32:8080/prediction/knn,HTTP/1.1,contacts,,200,,,http://20.210.36.32:8080/prediction/knn,,
http_req_tls_handshaking,1678217730,0.000000,,,,true,,POST,http://20.210.36.32:8080/prediction/knn,HTTP/1.1,contacts,,200,,,http://20.210.36.32:8080/prediction/knn,,
http_req_sending,1678217730,0.076300,,,,true,,POST,http://20.210.36.32:8080/prediction/knn,HTTP/1.1,contacts,,200,,,http://20.210.36.32:8080/prediction/knn,,
http_req_waiting,1678217730,1023.330033,,,,true,,POST,http://20.210.36.32:8080/prediction/knn,HTTP/1.1,contacts,,200,,,http://20.210.36.32:8080/prediction/knn,,
http_req_receiving,1678217730,0.114701,,,,true,,POST,http://20.210.36.32:8080/prediction/knn,HTTP/1.1,contacts,,200,,,http://20.210.36.32:8080/prediction/knn,,
http_req_failed,1678217730,0.000000,,,,true,,POST,http://20.210.36.32:8080/prediction/knn,HTTP/1.1,contacts,,200,,,http://20.210.36.32:8080/prediction/knn,,
responseTime,1678217730,1023.521034,,,,,,,,,contacts,,,,,,,
data_sent,1678217730,2088.000000,,,,,,,,,contacts,,,,,,,
data_received,1678217730,199.000000,,,,,,,,,contacts,,,,,,,
iteration_duration,1678217730,1027.798058,,,,,,,,,contacts,,,,,,,
iterations,1678217730,1.000000,,,,,,,,,contacts,,,,,,,
http_reqs,1678217730,1.000000,,,,true,,POST,http://20.210.36.32:8080/prediction/knn,HTTP/1.1,contacts,,200,,,http://20.210.36.32:8080/prediction/knn,,
http_req_duration,1678217730,1110.919315,,,,true,,POST,http://20.210.36.32:8080/prediction/knn,HTTP/1.1,contacts,,200,,,http://20.210.36.32:8080/prediction/knn,,
http_req_blocked,1678217730,5.012528,,,,true,,POST,http://20.210.36.32:8080/prediction/knn,HTTP/1.1,contacts,,200,,,http://20.210.36.32:8080/prediction/knn,,
http_req_connecting,1678217730,4.886027,,,,true,,POST,http://20.210.36.32:8080/prediction/knn,HTTP/1.1,contacts,,200,,,http://20.210.36.32:8080/prediction/knn,,
http_req_tls_handshaking,1678217730,0.000000,,,,true,,POST,http://20.210.36.32:8080/prediction/knn,HTTP/1.1,contacts,,200,,,http://20.210.36.32:8080/prediction/knn,,
http_req_sending,1678217730,0.046400,,,,true,,POST,http://20.210.36.32:8080/prediction/knn,HTTP/1.1,contacts,,200,,,http://20.210.36.32:8080/prediction/knn,,
http_req_waiting,1678217730,1110.785414,,,,true,,POST,http://20.210.36.32:8080/prediction/knn,HTTP/1.1,contacts,,200,,,http://20.210.36.32:8080/prediction/knn,,
http_req_receiving,1678217730,0.087501,,,,true,,POST,http://20.210.36.32:8080/prediction/knn,HTTP/1.1,contacts,,200,,,http://20.210.36.32:8080/prediction/knn,,
http_req_failed,1678217730,0.000000,,,,true,,POST,http://20.210.36.32:8080/prediction/knn,HTTP/1.1,contacts,,200,,,http://20.210.36.32:8080/prediction/knn,,
responseTime,1678217730,1110.919315,,,,,,,,,contacts,,,,,,,
data_sent,1678217730,2088.000000,,,,,,,,,contacts,,,,,,,
data_received,1678217730,199.000000,,,,,,,,,contacts,,,,,,,
iteration_duration,1678217730,1116.370745,,,,,,,,,contacts,,,,,,,
iterations,1678217730,1.000000,,,,,,,,,contacts,,,,,,,
http_reqs,1678217730,1.000000,,,,true,,POST,http://20.210.36.32:8080/prediction/knn,HTTP/1.1,contacts,,200,,,http://20.210.36.32:8080/prediction/knn,,
http_req_duration,1678217730,1070.905194,,,,true,,POST,http://20.210.36.32:8080/prediction/knn,HTTP/1.1,contacts,,200,,,http://20.210.36.32:8080/prediction/knn,,
http_req_blocked,1678217730,3.735121,,,,true,,POST,http://20.210.36.32:8080/prediction/knn,HTTP/1.1,contacts,,200,,,http://20.210.36.32:8080/prediction/knn,,
http_req_connecting,1678217730,3.666020,,,,true,,POST,http://20.210.36.32:8080/prediction/knn,HTTP/1.1,contacts,,200,,,http://20.210.36.32:8080/prediction/knn,,
http_req_tls_handshaking,1678217730,0.000000,,,,true,,POST,http://20.210.36.32:8080/prediction/knn,HTTP/1.1,contacts,,200,,,http://20.210.36.32:8080/prediction/knn,,
http_req_sending,1678217730,0.078600,,,,true,,POST,http://20.210.36.32:8080/prediction/knn,HTTP/1.1,contacts,,200,,,http://20.210.36.32:8080/prediction/knn,,
http_req_waiting,1678217730,1070.221891,,,,true,,POST,http://20.210.36.32:8080/prediction/knn,HTTP/1.1,contacts,,200,,,http://20.210.36.32:8080/prediction/knn,,
http_req_receiving,1678217730,0.604703,,,,true,,POST,http://20.210.36.32:8080/prediction/knn,HTTP/1.1,contacts,,200,,,http://20.210.36.32:8080/prediction/knn,,
http_req_failed,1678217730,0.000000,,,,true,,POST,http://20.210.36.32:8080/prediction/knn,HTTP/1.1,contacts,,200,,,http://20.210.36.32:8080/prediction/knn,,
responseTime,1678217730,1070.905194,,,,,,,,,contacts,,,,,,,
data_sent,1678217730,2088.000000,,,,,,,,,contacts,,,,,,,
data_received,1678217730,199.000000,,,,,,,,,contacts,,,,,,,
iteration_duration,1678217730,1074.933617,,,,,,,,,contacts,,,,,,,
iterations,1678217730,1.000000,,,,,,,,,contacts,,,,,,,
data_sent,1678217730,2088.000000,,,,,,,,,contacts,,,,,,,
data_received,1678217730,0.000000,,,,,,,,,contacts,,,,,,,
http_reqs,1678217730,1.000000,,,,true,,POST,http://20.210.36.32:8080/prediction/knn,HTTP/1.1,contacts,,200,,,http://20.210.36.32:8080/prediction/knn,,
http_req_duration,1678217730,1051.771489,,,,true,,POST,http://20.210.36.32:8080/prediction/knn,HTTP/1.1,contacts,,200,,,http://20.210.36.32:8080/prediction/knn,,
http_req_blocked,1678217730,4.113423,,,,true,,POST,http://20.210.36.32:8080/prediction/knn,HTTP/1.1,contacts,,200,,,http://20.210.36.32:8080/prediction/knn,,
http_req_connecting,1678217730,4.056323,,,,true,,POST,http://20.210.36.32:8080/prediction/knn,HTTP/1.1,contacts,,200,,,http://20.210.36.32:8080/prediction/knn,,
http_req_tls_handshaking,1678217730,0.000000,,,,true,,POST,http://20.210.36.32:8080/prediction/knn,HTTP/1.1,contacts,,200,,,http://20.210.36.32:8080/prediction/knn,,
http_req_sending,1678217730,0.056500,,,,true,,POST,http://20.210.36.32:8080/prediction/knn,HTTP/1.1,contacts,,200,,,http://20.210.36.32:8080/prediction/knn,,
http_req_waiting,1678217730,1049.783278,,,,true,,POST,http://20.210.36.32:8080/prediction/knn,HTTP/1.1,contacts,,200,,,http://20.210.36.32:8080/prediction/knn,,
http_req_receiving,1678217730,1.931711,,,,true,,POST,http://20.210.36.32:8080/prediction/knn,HTTP/1.1,contacts,,200,,,http://20.210.36.32:8080/prediction/knn,,
http_req_failed,1678217730,0.000000,,,,true,,POST,http://20.210.36.32:8080/prediction/knn,HTTP/1.1,contacts,,200,,,http://20.210.36.32:8080/prediction/knn,,
responseTime,1678217730,1051.771489,,,,,,,,,contacts,,,,,,,
data_sent,1678217730,2088.000000,,,,,,,,,contacts,,,,,,,
data_received,1678217730,199.000000,,,,,,,,,contacts,,,,,,,
iteration_duration,1678217730,1056.242414,,,,,,,,,contacts,,,,,,,
iterations,1678217730,1.000000,,,,,,,,,contacts,,,,,,,
data_sent,1678217730,2088.000000,,,,,,,,,contacts,,,,,,,
data_received,1678217730,0.000000,,,,,,,,,contacts,,,,,,,
http_reqs,1678217730,1.000000,,,,true,,POST,http://20.210.36.32:8080/prediction/knn,HTTP/1.1,contacts,,200,,,http://20.210.36.32:8080/prediction/knn,,
http_req_duration,1678217730,1150.599933,,,,true,,POST,http://20.210.36.32:8080/prediction/knn,HTTP/1.1,contacts,,200,,,http://20.210.36.32:8080/prediction/knn,,
http_req_blocked,1678217730,3.981522,,,,true,,POST,http://20.210.36.32:8080/prediction/knn,HTTP/1.1,contacts,,200,,,http://20.210.36.32:8080/prediction/knn,,
http_req_connecting,1678217730,3.926522,,,,true,,POST,http://20.210.36.32:8080/prediction/knn,HTTP/1.1,contacts,,200,,,http://20.210.36.32:8080/prediction/knn,,
http_req_tls_handshaking,1678217730,0.000000,,,,true,,POST,http://20.210.36.32:8080/prediction/knn,HTTP/1.1,contacts,,200,,,http://20.210.36.32:8080/prediction/knn,,
http_req_sending,1678217730,0.040300,,,,true,,POST,http://20.210.36.32:8080/prediction/knn,HTTP/1.1,contacts,,200,,,http://20.210.36.32:8080/prediction/knn,,
http_req_waiting,1678217730,1150.416233,,,,true,,POST,http://20.210.36.32:8080/prediction/knn,HTTP/1.1,contacts,,200,,,http://20.210.36.32:8080/prediction/knn,,
http_req_receiving,1678217730,0.143400,,,,true,,POST,http://20.210.36.32:8080/prediction/knn,HTTP/1.1,contacts,,200,,,http://20.210.36.32:8080/prediction/knn,,
http_req_failed,1678217730,0.000000,,,,true,,POST,http://20.210.36.32:8080/prediction/knn,HTTP/1.1,contacts,,200,,,http://20.210.36.32:8080/prediction/knn,,
responseTime,1678217730,1150.599933,,,,,,,,,contacts,,,,,,,
data_sent,1678217730,2088.000000,,,,,,,,,contacts,,,,,,,
data_received,1678217730,199.000000,,,,,,,,,contacts,,,,,,,
iteration_duration,1678217730,1154.832557,,,,,,,,,contacts,,,,,,,
iterations,1678217730,1.000000,,,,,,,,,contacts,,,,,,,
http_reqs,1678217730,1.000000,,,,true,,POST,http://20.210.36.32:8080/prediction/knn,HTTP/1.1,contacts,,200,,,http://20.210.36.32:8080/prediction/knn,,
http_req_duration,1678217730,1172.422054,,,,true,,POST,http://20.210.36.32:8080/prediction/knn,HTTP/1.1,contacts,,200,,,http://20.210.36.32:8080/prediction/knn,,
http_req_blocked,1678217730,3.808521,,,,true,,POST,http://20.210.36.32:8080/prediction/knn,HTTP/1.1,contacts,,200,,,http://20.210.36.32:8080/prediction/knn,,
http_req_connecting,1678217730,3.694620,,,,true,,POST,http://20.210.36.32:8080/prediction/knn,HTTP/1.1,contacts,,200,,,http://20.210.36.32:8080/prediction/knn,,
http_req_tls_handshaking,1678217730,0.000000,,,,true,,POST,http://20.210.36.32:8080/prediction/knn,HTTP/1.1,contacts,,200,,,http://20.210.36.32:8080/prediction/knn,,
http_req_sending,1678217730,0.097901,,,,true,,POST,http://20.210.36.32:8080/prediction/knn,HTTP/1.1,contacts,,200,,,http://20.210.36.32:8080/prediction/knn,,
http_req_waiting,1678217730,1163.952007,,,,true,,POST,http://20.210.36.32:8080/prediction/knn,HTTP/1.1,contacts,,200,,,http://20.210.36.32:8080/prediction/knn,,
http_req_receiving,1678217730,8.372146,,,,true,,POST,http://20.210.36.32:8080/prediction/knn,HTTP/1.1,contacts,,200,,,http://20.210.36.32:8080/prediction/knn,,
http_req_failed,1678217730,0.000000,,,,true,,POST,http://20.210.36.32:8080/prediction/knn,HTTP/1.1,contacts,,200,,,http://20.210.36.32:8080/prediction/knn,,
responseTime,1678217730,1172.422054,,,,,,,,,contacts,,,,,,,
data_sent,1678217730,2088.000000,,,,,,,,,contacts,,,,,,,
data_received,1678217730,199.000000,,,,,,,,,contacts,,,,,,,
iteration_duration,1678217730,1176.500676,,,,,,,,,contacts,,,,,,,
iterations,1678217730,1.000000,,,,,,,,,contacts,,,,,,,
http_reqs,1678217730,1.000000,,,,true,,POST,http://20.210.36.32:8080/prediction/knn,HTTP/1.1,contacts,,200,,,http://20.210.36.32:8080/prediction/knn,,
http_req_duration,1678217730,1105.004182,,,,true,,POST,http://20.210.36.32:8080/prediction/knn,HTTP/1.1,contacts,,200,,,http://20.210.36.32:8080/prediction/knn,,
http_req_blocked,1678217730,4.023722,,,,true,,POST,http://20.210.36.32:8080/prediction/knn,HTTP/1.1,contacts,,200,,,http://20.210.36.32:8080/prediction/knn,,
http_req_connecting,1678217730,3.939822,,,,true,,POST,http://20.210.36.32:8080/prediction/knn,HTTP/1.1,contacts,,200,,,http://20.210.36.32:8080/prediction/knn,,
http_req_tls_handshaking,1678217730,0.000000,,,,true,,POST,http://20.210.36.32:8080/prediction/knn,HTTP/1.1,contacts,,200,,,http://20.210.36.32:8080/prediction/knn,,
http_req_sending,1678217730,0.150001,,,,true,,POST,http://20.210.36.32:8080/prediction/knn,HTTP/1.1,contacts,,200,,,http://20.210.36.32:8080/prediction/knn,,
http_req_waiting,1678217730,1103.506674,,,,true,,POST,http://20.210.36.32:8080/prediction/knn,HTTP/1.1,contacts,,200,,,http://20.210.36.32:8080/prediction/knn,,
http_req_receiving,1678217730,1.347507,,,,true,,POST,http://20.210.36.32:8080/prediction/knn,HTTP/1.1,contacts,,200,,,http://20.210.36.32:8080/prediction/knn,,
http_req_failed,1678217730,0.000000,,,,true,,POST,http://20.210.36.32:8080/prediction/knn,HTTP/1.1,contacts,,200,,,http://20.210.36.32:8080/prediction/knn,,
responseTime,1678217730,1105.004182,,,,,,,,,contacts,,,,,,,
data_sent,1678217730,2088.000000,,,,,,,,,contacts,,,,,,,
data_received,1678217730,199.000000,,,,,,,,,contacts,,,,,,,
iteration_duration,1678217730,1109.461607,,,,,,,,,contacts,,,,,,,
iterations,1678217730,1.000000,,,,,,,,,contacts,,,,,,,
data_sent,1678217730,2088.000000,,,,,,,,,contacts,,,,,,,
data_received,1678217730,0.000000,,,,,,,,,contacts,,,,,,,
http_reqs,1678217730,1.000000,,,,true,,POST,http://20.210.36.32:8080/prediction/knn,HTTP/1.1,contacts,,200,,,http://20.210.36.32:8080/prediction/knn,,
http_req_duration,1678217730,1182.394309,,,,true,,POST,http://20.210.36.32:8080/prediction/knn,HTTP/1.1,contacts,,200,,,http://20.210.36.32:8080/prediction/knn,,
http_req_blocked,1678217730,4.406924,,,,true,,POST,http://20.210.36.32:8080/prediction/knn,HTTP/1.1,contacts,,200,,,http://20.210.36.32:8080/prediction/knn,,
http_req_connecting,1678217730,4.365224,,,,true,,POST,http://20.210.36.32:8080/prediction/knn,HTTP/1.1,contacts,,200,,,http://20.210.36.32:8080/prediction/knn,,
http_req_tls_handshaking,1678217730,0.000000,,,,true,,POST,http://20.210.36.32:8080/prediction/knn,HTTP/1.1,contacts,,200,,,http://20.210.36.32:8080/prediction/knn,,
http_req_sending,1678217730,0.039701,,,,true,,POST,http://20.210.36.32:8080/prediction/knn,HTTP/1.1,contacts,,200,,,http://20.210.36.32:8080/prediction/knn,,
http_req_waiting,1678217730,1171.129546,,,,true,,POST,http://20.210.36.32:8080/prediction/knn,HTTP/1.1,contacts,,200,,,http://20.210.36.32:8080/prediction/knn,,
http_req_receiving,1678217730,11.225062,,,,true,,POST,http://20.210.36.32:8080/prediction/knn,HTTP/1.1,contacts,,200,,,http://20.210.36.32:8080/prediction/knn,,
http_req_failed,1678217730,0.000000,,,,true,,POST,http://20.210.36.32:8080/prediction/knn,HTTP/1.1,contacts,,200,,,http://20.210.36.32:8080/prediction/knn,,
responseTime,1678217730,1182.394309,,,,,,,,,contacts,,,,,,,
data_sent,1678217730,2088.000000,,,,,,,,,contacts,,,,,,,
data_received,1678217730,199.000000,,,,,,,,,contacts,,,,,,,
iteration_duration,1678217730,1187.249435,,,,,,,,,contacts,,,,,,,
iterations,1678217730,1.000000,,,,,,,,,contacts,,,,,,,
data_sent,1678217730,2088.000000,,,,,,,,,contacts,,,,,,,
data_received,1678217730,0.000000,,,,,,,,,contacts,,,,,,,
data_sent,1678217731,2088.000000,,,,,,,,,contacts,,,,,,,
data_received,1678217731,0.000000,,,,,,,,,contacts,,,,,,,
http_reqs,1678217731,1.000000,,,,true,,POST,http://20.210.36.32:8080/prediction/knn,HTTP/1.1,contacts,,200,,,http://20.210.36.32:8080/prediction/knn,,
http_req_duration,1678217731,1330.090239,,,,true,,POST,http://20.210.36.32:8080/prediction/knn,HTTP/1.1,contacts,,200,,,http://20.210.36.32:8080/prediction/knn,,
http_req_blocked,1678217731,4.227824,,,,true,,POST,http://20.210.36.32:8080/prediction/knn,HTTP/1.1,contacts,,200,,,http://20.210.36.32:8080/prediction/knn,,
http_req_connecting,1678217731,4.148722,,,,true,,POST,http://20.210.36.32:8080/prediction/knn,HTTP/1.1,contacts,,200,,,http://20.210.36.32:8080/prediction/knn,,
http_req_tls_handshaking,1678217731,0.000000,,,,true,,POST,http://20.210.36.32:8080/prediction/knn,HTTP/1.1,contacts,,200,,,http://20.210.36.32:8080/prediction/knn,,
http_req_sending,1678217731,0.068101,,,,true,,POST,http://20.210.36.32:8080/prediction/knn,HTTP/1.1,contacts,,200,,,http://20.210.36.32:8080/prediction/knn,,
http_req_waiting,1678217731,1329.848837,,,,true,,POST,http://20.210.36.32:8080/prediction/knn,HTTP/1.1,contacts,,200,,,http://20.210.36.32:8080/prediction/knn,,
http_req_receiving,1678217731,0.173301,,,,true,,POST,http://20.210.36.32:8080/prediction/knn,HTTP/1.1,contacts,,200,,,http://20.210.36.32:8080/prediction/knn,,
http_req_failed,1678217731,0.000000,,,,true,,POST,http://20.210.36.32:8080/prediction/knn,HTTP/1.1,contacts,,200,,,http://20.210.36.32:8080/prediction/knn,,
responseTime,1678217731,1330.090239,,,,,,,,,contacts,,,,,,,
data_sent,1678217731,2088.000000,,,,,,,,,contacts,,,,,,,
data_received,1678217731,199.000000,,,,,,,,,contacts,,,,,,,
iteration_duration,1678217731,1334.807364,,,,,,,,,contacts,,,,,,,
iterations,1678217731,1.000000,,,,,,,,,contacts,,,,,,,
http_reqs,1678217731,1.000000,,,,true,,POST,http://20.210.36.32:8080/prediction/knn,HTTP/1.1,contacts,,200,,,http://20.210.36.32:8080/prediction/knn,,
http_req_duration,1678217731,1301.496472,,,,true,,POST,http://20.210.36.32:8080/prediction/knn,HTTP/1.1,contacts,,200,,,http://20.210.36.32:8080/prediction/knn,,
http_req_blocked,1678217731,4.825926,,,,true,,POST,http://20.210.36.32:8080/prediction/knn,HTTP/1.1,contacts,,200,,,http://20.210.36.32:8080/prediction/knn,,
http_req_connecting,1678217731,4.759526,,,,true,,POST,http://20.210.36.32:8080/prediction/knn,HTTP/1.1,contacts,,200,,,http://20.210.36.32:8080/prediction/knn,,
http_req_tls_handshaking,1678217731,0.000000,,,,true,,POST,http://20.210.36.32:8080/prediction/knn,HTTP/1.1,contacts,,200,,,http://20.210.36.32:8080/prediction/knn,,
http_req_sending,1678217731,0.051901,,,,true,,POST,http://20.210.36.32:8080/prediction/knn,HTTP/1.1,contacts,,200,,,http://20.210.36.32:8080/prediction/knn,,
http_req_waiting,1678217731,1301.170370,,,,true,,POST,http://20.210.36.32:8080/prediction/knn,HTTP/1.1,contacts,,200,,,http://20.210.36.32:8080/prediction/knn,,
http_req_receiving,1678217731,0.274201,,,,true,,POST,http://20.210.36.32:8080/prediction/knn,HTTP/1.1,contacts,,200,,,http://20.210.36.32:8080/prediction/knn,,
http_req_failed,1678217731,0.000000,,,,true,,POST,http://20.210.36.32:8080/prediction/knn,HTTP/1.1,contacts,,200,,,http://20.210.36.32:8080/prediction/knn,,
responseTime,1678217731,1301.496472,,,,,,,,,contacts,,,,,,,
data_sent,1678217731,2088.000000,,,,,,,,,contacts,,,,,,,
data_received,1678217731,199.000000,,,,,,,,,contacts,,,,,,,
iteration_duration,1678217731,1306.626900,,,,,,,,,contacts,,,,,,,
iterations,1678217731,1.000000,,,,,,,,,contacts,,,,,,,
http_reqs,1678217731,1.000000,,,,true,,POST,http://20.210.36.32:8080/prediction/knn,HTTP/1.1,contacts,,200,,,http://20.210.36.32:8080/prediction/knn,,
http_req_duration,1678217731,963.558211,,,,true,,POST,http://20.210.36.32:8080/prediction/knn,HTTP/1.1,contacts,,200,,,http://20.210.36.32:8080/prediction/knn,,
http_req_blocked,1678217731,3.752620,,,,true,,POST,http://20.210.36.32:8080/prediction/knn,HTTP/1.1,contacts,,200,,,http://20.210.36.32:8080/prediction/knn,,
http_req_connecting,1678217731,3.684720,,,,true,,POST,http://20.210.36.32:8080/prediction/knn,HTTP/1.1,contacts,,200,,,http://20.210.36.32:8080/prediction/knn,,
http_req_tls_handshaking,1678217731,0.000000,,,,true,,POST,http://20.210.36.32:8080/prediction/knn,HTTP/1.1,contacts,,200,,,http://20.210.36.32:8080/prediction/knn,,
http_req_sending,1678217731,0.060901,,,,true,,POST,http://20.210.36.32:8080/prediction/knn,HTTP/1.1,contacts,,200,,,http://20.210.36.32:8080/prediction/knn,,
http_req_waiting,1678217731,963.306509,,,,true,,POST,http://20.210.36.32:8080/prediction/knn,HTTP/1.1,contacts,,200,,,http://20.210.36.32:8080/prediction/knn,,
http_req_receiving,1678217731,0.190801,,,,true,,POST,http://20.210.36.32:8080/prediction/knn,HTTP/1.1,contacts,,200,,,http://20.210.36.32:8080/prediction/knn,,
http_req_failed,1678217731,0.000000,,,,true,,POST,http://20.210.36.32:8080/prediction/knn,HTTP/1.1,contacts,,200,,,http://20.210.36.32:8080/prediction/knn,,
responseTime,1678217731,963.558211,,,,,,,,,contacts,,,,,,,
data_sent,1678217731,2088.000000,,,,,,,,,contacts,,,,,,,
data_received,1678217731,199.000000,,,,,,,,,contacts,,,,,,,
iteration_duration,1678217731,967.826035,,,,,,,,,contacts,,,,,,,
iterations,1678217731,1.000000,,,,,,,,,contacts,,,,,,,
http_reqs,1678217731,1.000000,,,,true,,POST,http://20.210.36.32:8080/prediction/knn,HTTP/1.1,contacts,,200,,,http://20.210.36.32:8080/prediction/knn,,
http_req_duration,1678217731,1221.497330,,,,true,,POST,http://20.210.36.32:8080/prediction/knn,HTTP/1.1,contacts,,200,,,http://20.210.36.32:8080/prediction/knn,,
http_req_blocked,1678217731,3.903221,,,,true,,POST,http://20.210.36.32:8080/prediction/knn,HTTP/1.1,contacts,,200,,,http://20.210.36.32:8080/prediction/knn,,
http_req_connecting,1678217731,3.813521,,,,true,,POST,http://20.210.36.32:8080/prediction/knn,HTTP/1.1,contacts,,200,,,http://20.210.36.32:8080/prediction/knn,,
http_req_tls_handshaking,1678217731,0.000000,,,,true,,POST,http://20.210.36.32:8080/prediction/knn,HTTP/1.1,contacts,,200,,,http://20.210.36.32:8080/prediction/knn,,
http_req_sending,1678217731,0.080200,,,,true,,POST,http://20.210.36.32:8080/prediction/knn,HTTP/1.1,contacts,,200,,,http://20.210.36.32:8080/prediction/knn,,
http_req_waiting,1678217731,1221.373430,,,,true,,POST,http://20.210.36.32:8080/prediction/knn,HTTP/1.1,contacts,,200,,,http://20.210.36.32:8080/prediction/knn,,
http_req_receiving,1678217731,0.043700,,,,true,,POST,http://20.210.36.32:8080/prediction/knn,HTTP/1.1,contacts,,200,,,http://20.210.36.32:8080/prediction/knn,,
http_req_failed,1678217731,0.000000,,,,true,,POST,http://20.210.36.32:8080/prediction/knn,HTTP/1.1,contacts,,200,,,http://20.210.36.32:8080/prediction/knn,,
responseTime,1678217731,1221.497330,,,,,,,,,contacts,,,,,,,
data_sent,1678217731,2088.000000,,,,,,,,,contacts,,,,,,,
data_received,1678217731,199.000000,,,,,,,,,contacts,,,,,,,
iteration_duration,1678217731,1225.792854,,,,,,,,,contacts,,,,,,,
iterations,1678217731,1.000000,,,,,,,,,contacts,,,,,,,
data_sent,1678217731,2088.000000,,,,,,,,,contacts,,,,,,,
data_received,1678217731,0.000000,,,,,,,,,contacts,,,,,,,
http_reqs,1678217731,1.000000,,,,true,,POST,http://20.210.36.32:8080/prediction/knn,HTTP/1.1,contacts,,200,,,http://20.210.36.32:8080/prediction/knn,,
http_req_duration,1678217731,917.927557,,,,true,,POST,http://20.210.36.32:8080/prediction/knn,HTTP/1.1,contacts,,200,,,http://20.210.36.32:8080/prediction/knn,,
http_req_blocked,1678217731,4.414425,,,,true,,POST,http://20.210.36.32:8080/prediction/knn,HTTP/1.1,contacts,,200,,,http://20.210.36.32:8080/prediction/knn,,
http_req_connecting,1678217731,4.356524,,,,true,,POST,http://20.210.36.32:8080/prediction/knn,HTTP/1.1,contacts,,200,,,http://20.210.36.32:8080/prediction/knn,,
http_req_tls_handshaking,1678217731,0.000000,,,,true,,POST,http://20.210.36.32:8080/prediction/knn,HTTP/1.1,contacts,,200,,,http://20.210.36.32:8080/prediction/knn,,
http_req_sending,1678217731,0.055000,,,,true,,POST,http://20.210.36.32:8080/prediction/knn,HTTP/1.1,contacts,,200,,,http://20.210.36.32:8080/prediction/knn,,
http_req_waiting,1678217731,917.808557,,,,true,,POST,http://20.210.36.32:8080/prediction/knn,HTTP/1.1,contacts,,200,,,http://20.210.36.32:8080/prediction/knn,,
http_req_receiving,1678217731,0.064000,,,,true,,POST,http://20.210.36.32:8080/prediction/knn,HTTP/1.1,contacts,,200,,,http://20.210.36.32:8080/prediction/knn,,
http_req_failed,1678217731,0.000000,,,,true,,POST,http://20.210.36.32:8080/prediction/knn,HTTP/1.1,contacts,,200,,,http://20.210.36.32:8080/prediction/knn,,
http_reqs,1678217731,1.000000,,,,true,,POST,http://20.210.36.32:8080/prediction/knn,HTTP/1.1,contacts,,200,,,http://20.210.36.32:8080/prediction/knn,,
http_req_duration,1678217731,980.449202,,,,true,,POST,http://20.210.36.32:8080/prediction/knn,HTTP/1.1,contacts,,200,,,http://20.210.36.32:8080/prediction/knn,,
http_req_blocked,1678217731,4.298324,,,,true,,POST,http://20.210.36.32:8080/prediction/knn,HTTP/1.1,contacts,,200,,,http://20.210.36.32:8080/prediction/knn,,
http_req_connecting,1678217731,4.205323,,,,true,,POST,http://20.210.36.32:8080/prediction/knn,HTTP/1.1,contacts,,200,,,http://20.210.36.32:8080/prediction/knn,,
http_req_tls_handshaking,1678217731,0.000000,,,,true,,POST,http://20.210.36.32:8080/prediction/knn,HTTP/1.1,contacts,,200,,,http://20.210.36.32:8080/prediction/knn,,
http_req_sending,1678217731,0.074301,,,,true,,POST,http://20.210.36.32:8080/prediction/knn,HTTP/1.1,contacts,,200,,,http://20.210.36.32:8080/prediction/knn,,
http_req_waiting,1678217731,980.320901,,,,true,,POST,http://20.210.36.32:8080/prediction/knn,HTTP/1.1,contacts,,200,,,http://20.210.36.32:8080/prediction/knn,,
http_req_receiving,1678217731,0.054000,,,,true,,POST,http://20.210.36.32:8080/prediction/knn,HTTP/1.1,contacts,,200,,,http://20.210.36.32:8080/prediction/knn,,
http_req_failed,1678217731,0.000000,,,,true,,POST,http://20.210.36.32:8080/prediction/knn,HTTP/1.1,contacts,,200,,,http://20.210.36.32:8080/prediction/knn,,
responseTime,1678217731,917.927557,,,,,,,,,contacts,,,,,,,
data_sent,1678217731,2088.000000,,,,,,,,,contacts,,,,,,,
data_received,1678217731,199.000000,,,,,,,,,contacts,,,,,,,
iteration_duration,1678217731,922.726184,,,,,,,,,contacts,,,,,,,
iterations,1678217731,1.000000,,,,,,,,,contacts,,,,,,,
responseTime,1678217731,980.449202,,,,,,,,,contacts,,,,,,,
data_sent,1678217731,2088.000000,,,,,,,,,contacts,,,,,,,
data_received,1678217731,199.000000,,,,,,,,,contacts,,,,,,,
iteration_duration,1678217731,985.362328,,,,,,,,,contacts,,,,,,,
iterations,1678217731,1.000000,,,,,,,,,contacts,,,,,,,
http_reqs,1678217731,1.000000,,,,true,,POST,http://20.210.36.32:8080/prediction/knn,HTTP/1.1,contacts,,200,,,http://20.210.36.32:8080/prediction/knn,,
http_req_duration,1678217731,975.011564,,,,true,,POST,http://20.210.36.32:8080/prediction/knn,HTTP/1.1,contacts,,200,,,http://20.210.36.32:8080/prediction/knn,,
http_req_blocked,1678217731,4.440324,,,,true,,POST,http://20.210.36.32:8080/prediction/knn,HTTP/1.1,contacts,,200,,,http://20.210.36.32:8080/prediction/knn,,
http_req_connecting,1678217731,4.333724,,,,true,,POST,http://20.210.36.32:8080/prediction/knn,HTTP/1.1,contacts,,200,,,http://20.210.36.32:8080/prediction/knn,,
http_req_tls_handshaking,1678217731,0.000000,,,,true,,POST,http://20.210.36.32:8080/prediction/knn,HTTP/1.1,contacts,,200,,,http://20.210.36.32:8080/prediction/knn,,
http_req_sending,1678217731,0.065901,,,,true,,POST,http://20.210.36.32:8080/prediction/knn,HTTP/1.1,contacts,,200,,,http://20.210.36.32:8080/prediction/knn,,
http_req_waiting,1678217731,974.868862,,,,true,,POST,http://20.210.36.32:8080/prediction/knn,HTTP/1.1,contacts,,200,,,http://20.210.36.32:8080/prediction/knn,,
http_req_receiving,1678217731,0.076801,,,,true,,POST,http://20.210.36.32:8080/prediction/knn,HTTP/1.1,contacts,,200,,,http://20.210.36.32:8080/prediction/knn,,
http_req_failed,1678217731,0.000000,,,,true,,POST,http://20.210.36.32:8080/prediction/knn,HTTP/1.1,contacts,,200,,,http://20.210.36.32:8080/prediction/knn,,
responseTime,1678217731,975.011564,,,,,,,,,contacts,,,,,,,
data_sent,1678217731,2088.000000,,,,,,,,,contacts,,,,,,,
data_received,1678217731,199.000000,,,,,,,,,contacts,,,,,,,
iteration_duration,1678217731,979.750989,,,,,,,,,contacts,,,,,,,
iterations,1678217731,1.000000,,,,,,,,,contacts,,,,,,,
http_reqs,1678217731,1.000000,,,,true,,POST,http://20.210.36.32:8080/prediction/knn,HTTP/1.1,contacts,,200,,,http://20.210.36.32:8080/prediction/knn,,
http_req_duration,1678217731,1212.198868,,,,true,,POST,http://20.210.36.32:8080/prediction/knn,HTTP/1.1,contacts,,200,,,http://20.210.36.32:8080/prediction/knn,,
http_req_blocked,1678217731,4.097123,,,,true,,POST,http://20.210.36.32:8080/prediction/knn,HTTP/1.1,contacts,,200,,,http://20.210.36.32:8080/prediction/knn,,
http_req_connecting,1678217731,4.044322,,,,true,,POST,http://20.210.36.32:8080/prediction/knn,HTTP/1.1,contacts,,200,,,http://20.210.36.32:8080/prediction/knn,,
http_req_tls_handshaking,1678217731,0.000000,,,,true,,POST,http://20.210.36.32:8080/prediction/knn,HTTP/1.1,contacts,,200,,,http://20.210.36.32:8080/prediction/knn,,
http_req_sending,1678217731,0.052700,,,,true,,POST,http://20.210.36.32:8080/prediction/knn,HTTP/1.1,contacts,,200,,,http://20.210.36.32:8080/prediction/knn,,
http_req_waiting,1678217731,1211.970867,,,,true,,POST,http://20.210.36.32:8080/prediction/knn,HTTP/1.1,contacts,,200,,,http://20.210.36.32:8080/prediction/knn,,
http_req_receiving,1678217731,0.175301,,,,true,,POST,http://20.210.36.32:8080/prediction/knn,HTTP/1.1,contacts,,200,,,http://20.210.36.32:8080/prediction/knn,,
http_req_failed,1678217731,0.000000,,,,true,,POST,http://20.210.36.32:8080/prediction/knn,HTTP/1.1,contacts,,200,,,http://20.210.36.32:8080/prediction/knn,,
responseTime,1678217731,1212.198868,,,,,,,,,contacts,,,,,,,
data_sent,1678217731,2088.000000,,,,,,,,,contacts,,,,,,,
data_received,1678217731,199.000000,,,,,,,,,contacts,,,,,,,
iteration_duration,1678217731,1216.632692,,,,,,,,,contacts,,,,,,,
iterations,1678217731,1.000000,,,,,,,,,contacts,,,,,,,
http_reqs,1678217731,1.000000,,,,true,,POST,http://20.210.36.32:8080/prediction/knn,HTTP/1.1,contacts,,200,,,http://20.210.36.32:8080/prediction/knn,,
http_req_duration,1678217731,919.039154,,,,true,,POST,http://20.210.36.32:8080/prediction/knn,HTTP/1.1,contacts,,200,,,http://20.210.36.32:8080/prediction/knn,,
http_req_blocked,1678217731,2.130912,,,,true,,POST,http://20.210.36.32:8080/prediction/knn,HTTP/1.1,contacts,,200,,,http://20.210.36.32:8080/prediction/knn,,
http_req_connecting,1678217731,1.965710,,,,true,,POST,http://20.210.36.32:8080/prediction/knn,HTTP/1.1,contacts,,200,,,http://20.210.36.32:8080/prediction/knn,,
http_req_tls_handshaking,1678217731,0.000000,,,,true,,POST,http://20.210.36.32:8080/prediction/knn,HTTP/1.1,contacts,,200,,,http://20.210.36.32:8080/prediction/knn,,
http_req_sending,1678217731,0.168501,,,,true,,POST,http://20.210.36.32:8080/prediction/knn,HTTP/1.1,contacts,,200,,,http://20.210.36.32:8080/prediction/knn,,
http_req_waiting,1678217731,918.816352,,,,true,,POST,http://20.210.36.32:8080/prediction/knn,HTTP/1.1,contacts,,200,,,http://20.210.36.32:8080/prediction/knn,,
http_req_receiving,1678217731,0.054301,,,,true,,POST,http://20.210.36.32:8080/prediction/knn,HTTP/1.1,contacts,,200,,,http://20.210.36.32:8080/prediction/knn,,
http_req_failed,1678217731,0.000000,,,,true,,POST,http://20.210.36.32:8080/prediction/knn,HTTP/1.1,contacts,,200,,,http://20.210.36.32:8080/prediction/knn,,
responseTime,1678217731,919.039154,,,,,,,,,contacts,,,,,,,
data_sent,1678217731,2088.000000,,,,,,,,,contacts,,,,,,,
data_received,1678217731,199.000000,,,,,,,,,contacts,,,,,,,
iteration_duration,1678217731,921.611067,,,,,,,,,contacts,,,,,,,
iterations,1678217731,1.000000,,,,,,,,,contacts,,,,,,,
http_reqs,1678217731,1.000000,,,,true,,POST,http://20.210.36.32:8080/prediction/knn,HTTP/1.1,contacts,,200,,,http://20.210.36.32:8080/prediction/knn,,
http_req_duration,1678217731,1233.417583,,,,true,,POST,http://20.210.36.32:8080/prediction/knn,HTTP/1.1,contacts,,200,,,http://20.210.36.32:8080/prediction/knn,,
http_req_blocked,1678217731,4.496425,,,,true,,POST,http://20.210.36.32:8080/prediction/knn,HTTP/1.1,contacts,,200,,,http://20.210.36.32:8080/prediction/knn,,
http_req_connecting,1678217731,4.430025,,,,true,,POST,http://20.210.36.32:8080/prediction/knn,HTTP/1.1,contacts,,200,,,http://20.210.36.32:8080/prediction/knn,,
http_req_tls_handshaking,1678217731,0.000000,,,,true,,POST,http://20.210.36.32:8080/prediction/knn,HTTP/1.1,contacts,,200,,,http://20.210.36.32:8080/prediction/knn,,
http_req_sending,1678217731,0.063800,,,,true,,POST,http://20.210.36.32:8080/prediction/knn,HTTP/1.1,contacts,,200,,,http://20.210.36.32:8080/prediction/knn,,
http_req_waiting,1678217731,1233.307182,,,,true,,POST,http://20.210.36.32:8080/prediction/knn,HTTP/1.1,contacts,,200,,,http://20.210.36.32:8080/prediction/knn,,
http_req_receiving,1678217731,0.046601,,,,true,,POST,http://20.210.36.32:8080/prediction/knn,HTTP/1.1,contacts,,200,,,http://20.210.36.32:8080/prediction/knn,,
http_req_failed,1678217731,0.000000,,,,true,,POST,http://20.210.36.32:8080/prediction/knn,HTTP/1.1,contacts,,200,,,http://20.210.36.32:8080/prediction/knn,,
responseTime,1678217731,1233.417583,,,,,,,,,contacts,,,,,,,
data_sent,1678217731,2088.000000,,,,,,,,,contacts,,,,,,,
data_received,1678217731,199.000000,,,,,,,,,contacts,,,,,,,
iteration_duration,1678217731,1238.151709,,,,,,,,,contacts,,,,,,,
iterations,1678217731,1.000000,,,,,,,,,contacts,,,,,,,
http_reqs,1678217731,1.000000,,,,true,,POST,http://20.210.36.32:8080/prediction/knn,HTTP/1.1,contacts,,200,,,http://20.210.36.32:8080/prediction/knn,,
http_req_duration,1678217731,977.733975,,,,true,,POST,http://20.210.36.32:8080/prediction/knn,HTTP/1.1,contacts,,200,,,http://20.210.36.32:8080/prediction/knn,,
http_req_blocked,1678217731,3.713620,,,,true,,POST,http://20.210.36.32:8080/prediction/knn,HTTP/1.1,contacts,,200,,,http://20.210.36.32:8080/prediction/knn,,
http_req_connecting,1678217731,3.654720,,,,true,,POST,http://20.210.36.32:8080/prediction/knn,HTTP/1.1,contacts,,200,,,http://20.210.36.32:8080/prediction/knn,,
http_req_tls_handshaking,1678217731,0.000000,,,,true,,POST,http://20.210.36.32:8080/prediction/knn,HTTP/1.1,contacts,,200,,,http://20.210.36.32:8080/prediction/knn,,
http_req_sending,1678217731,0.100600,,,,true,,POST,http://20.210.36.32:8080/prediction/knn,HTTP/1.1,contacts,,200,,,http://20.210.36.32:8080/prediction/knn,,
http_req_waiting,1678217731,977.512074,,,,true,,POST,http://20.210.36.32:8080/prediction/knn,HTTP/1.1,contacts,,200,,,http://20.210.36.32:8080/prediction/knn,,
http_req_receiving,1678217731,0.121301,,,,true,,POST,http://20.210.36.32:8080/prediction/knn,HTTP/1.1,contacts,,200,,,http://20.210.36.32:8080/prediction/knn,,
http_req_failed,1678217731,0.000000,,,,true,,POST,http://20.210.36.32:8080/prediction/knn,HTTP/1.1,contacts,,200,,,http://20.210.36.32:8080/prediction/knn,,
responseTime,1678217731,977.733975,,,,,,,,,contacts,,,,,,,
data_sent,1678217731,2088.000000,,,,,,,,,contacts,,,,,,,
data_received,1678217731,199.000000,,,,,,,,,contacts,,,,,,,
iteration_duration,1678217731,981.725896,,,,,,,,,contacts,,,,,,,
iterations,1678217731,1.000000,,,,,,,,,contacts,,,,,,,
http_reqs,1678217731,1.000000,,,,true,,POST,http://20.210.36.32:8080/prediction/knn,HTTP/1.1,contacts,,200,,,http://20.210.36.32:8080/prediction/knn,,
http_req_duration,1678217731,964.376700,,,,true,,POST,http://20.210.36.32:8080/prediction/knn,HTTP/1.1,contacts,,200,,,http://20.210.36.32:8080/prediction/knn,,
http_req_blocked,1678217731,4.730926,,,,true,,POST,http://20.210.36.32:8080/prediction/knn,HTTP/1.1,contacts,,200,,,http://20.210.36.32:8080/prediction/knn,,
http_req_connecting,1678217731,4.682426,,,,true,,POST,http://20.210.36.32:8080/prediction/knn,HTTP/1.1,contacts,,200,,,http://20.210.36.32:8080/prediction/knn,,
http_req_tls_handshaking,1678217731,0.000000,,,,true,,POST,http://20.210.36.32:8080/prediction/knn,HTTP/1.1,contacts,,200,,,http://20.210.36.32:8080/prediction/knn,,
http_req_sending,1678217731,0.048200,,,,true,,POST,http://20.210.36.32:8080/prediction/knn,HTTP/1.1,contacts,,200,,,http://20.210.36.32:8080/prediction/knn,,
http_req_waiting,1678217731,964.238199,,,,true,,POST,http://20.210.36.32:8080/prediction/knn,HTTP/1.1,contacts,,200,,,http://20.210.36.32:8080/prediction/knn,,
http_req_receiving,1678217731,0.090301,,,,true,,POST,http://20.210.36.32:8080/prediction/knn,HTTP/1.1,contacts,,200,,,http://20.210.36.32:8080/prediction/knn,,
http_req_failed,1678217731,0.000000,,,,true,,POST,http://20.210.36.32:8080/prediction/knn,HTTP/1.1,contacts,,200,,,http://20.210.36.32:8080/prediction/knn,,
responseTime,1678217731,964.376700,,,,,,,,,contacts,,,,,,,
data_sent,1678217731,2088.000000,,,,,,,,,contacts,,,,,,,
data_received,1678217731,199.000000,,,,,,,,,contacts,,,,,,,
iteration_duration,1678217731,969.544028,,,,,,,,,contacts,,,,,,,
iterations,1678217731,1.000000,,,,,,,,,contacts,,,,,,,
http_reqs,1678217731,1.000000,,,,true,,POST,http://20.210.36.32:8080/prediction/knn,HTTP/1.1,contacts,,200,,,http://20.210.36.32:8080/prediction/knn,,
http_req_duration,1678217731,915.893133,,,,true,,POST,http://20.210.36.32:8080/prediction/knn,HTTP/1.1,contacts,,200,,,http://20.210.36.32:8080/prediction/knn,,
http_req_blocked,1678217731,2.089211,,,,true,,POST,http://20.210.36.32:8080/prediction/knn,HTTP/1.1,contacts,,200,,,http://20.210.36.32:8080/prediction/knn,,
http_req_connecting,1678217731,2.034511,,,,true,,POST,http://20.210.36.32:8080/prediction/knn,HTTP/1.1,contacts,,200,,,http://20.210.36.32:8080/prediction/knn,,
http_req_tls_handshaking,1678217731,0.000000,,,,true,,POST,http://20.210.36.32:8080/prediction/knn,HTTP/1.1,contacts,,200,,,http://20.210.36.32:8080/prediction/knn,,
http_req_sending,1678217731,0.047500,,,,true,,POST,http://20.210.36.32:8080/prediction/knn,HTTP/1.1,contacts,,200,,,http://20.210.36.32:8080/prediction/knn,,
http_req_waiting,1678217731,912.112718,,,,true,,POST,http://20.210.36.32:8080/prediction/knn,HTTP/1.1,contacts,,200,,,http://20.210.36.32:8080/prediction/knn,,
http_req_receiving,1678217731,3.732915,,,,true,,POST,http://20.210.36.32:8080/prediction/knn,HTTP/1.1,contacts,,200,,,http://20.210.36.32:8080/prediction/knn,,
http_req_failed,1678217731,0.000000,,,,true,,POST,http://20.210.36.32:8080/prediction/knn,HTTP/1.1,contacts,,200,,,http://20.210.36.32:8080/prediction/knn,,
responseTime,1678217731,915.893133,,,,,,,,,contacts,,,,,,,
data_sent,1678217731,2088.000000,,,,,,,,,contacts,,,,,,,
data_received,1678217731,199.000000,,,,,,,,,contacts,,,,,,,
iteration_duration,1678217731,918.347346,,,,,,,,,contacts,,,,,,,
iterations,1678217731,1.000000,,,,,,,,,contacts,,,,,,,
http_reqs,1678217731,1.000000,,,,true,,POST,http://20.210.36.32:8080/prediction/knn,HTTP/1.1,contacts,,200,,,http://20.210.36.32:8080/prediction/knn,,
http_req_duration,1678217731,829.104542,,,,true,,POST,http://20.210.36.32:8080/prediction/knn,HTTP/1.1,contacts,,200,,,http://20.210.36.32:8080/prediction/knn,,
http_req_blocked,1678217731,2.303513,,,,true,,POST,http://20.210.36.32:8080/prediction/knn,HTTP/1.1,contacts,,200,,,http://20.210.36.32:8080/prediction/knn,,
http_req_connecting,1678217731,2.223613,,,,true,,POST,http://20.210.36.32:8080/prediction/knn,HTTP/1.1,contacts,,200,,,http://20.210.36.32:8080/prediction/knn,,
http_req_tls_handshaking,1678217731,0.000000,,,,true,,POST,http://20.210.36.32:8080/prediction/knn,HTTP/1.1,contacts,,200,,,http://20.210.36.32:8080/prediction/knn,,
http_req_sending,1678217731,0.074300,,,,true,,POST,http://20.210.36.32:8080/prediction/knn,HTTP/1.1,contacts,,200,,,http://20.210.36.32:8080/prediction/knn,,
http_req_waiting,1678217731,815.118785,,,,true,,POST,http://20.210.36.32:8080/prediction/knn,HTTP/1.1,contacts,,200,,,http://20.210.36.32:8080/prediction/knn,,
http_req_receiving,1678217731,13.911457,,,,true,,POST,http://20.210.36.32:8080/prediction/knn,HTTP/1.1,contacts,,200,,,http://20.210.36.32:8080/prediction/knn,,
http_req_failed,1678217731,0.000000,,,,true,,POST,http://20.210.36.32:8080/prediction/knn,HTTP/1.1,contacts,,200,,,http://20.210.36.32:8080/prediction/knn,,
responseTime,1678217731,829.104542,,,,,,,,,contacts,,,,,,,
data_sent,1678217731,2088.000000,,,,,,,,,contacts,,,,,,,
data_received,1678217731,199.000000,,,,,,,,,contacts,,,,,,,
iteration_duration,1678217731,831.834057,,,,,,,,,contacts,,,,,,,
iterations,1678217731,1.000000,,,,,,,,,contacts,,,,,,,
data_sent,1678217731,2088.000000,,,,,,,,,contacts,,,,,,,
data_received,1678217731,0.000000,,,,,,,,,contacts,,,,,,,
http_reqs,1678217731,1.000000,,,,true,,POST,http://20.210.36.32:8080/prediction/knn,HTTP/1.1,contacts,,200,,,http://20.210.36.32:8080/prediction/knn,,
http_req_duration,1678217731,979.724544,,,,true,,POST,http://20.210.36.32:8080/prediction/knn,HTTP/1.1,contacts,,200,,,http://20.210.36.32:8080/prediction/knn,,
http_req_blocked,1678217731,2.416513,,,,true,,POST,http://20.210.36.32:8080/prediction/knn,HTTP/1.1,contacts,,200,,,http://20.210.36.32:8080/prediction/knn,,
http_req_connecting,1678217731,2.322113,,,,true,,POST,http://20.210.36.32:8080/prediction/knn,HTTP/1.1,contacts,,200,,,http://20.210.36.32:8080/prediction/knn,,
http_req_tls_handshaking,1678217731,0.000000,,,,true,,POST,http://20.210.36.32:8080/prediction/knn,HTTP/1.1,contacts,,200,,,http://20.210.36.32:8080/prediction/knn,,
http_req_sending,1678217731,0.076800,,,,true,,POST,http://20.210.36.32:8080/prediction/knn,HTTP/1.1,contacts,,200,,,http://20.210.36.32:8080/prediction/knn,,
http_req_waiting,1678217731,979.521343,,,,true,,POST,http://20.210.36.32:8080/prediction/knn,HTTP/1.1,contacts,,200,,,http://20.210.36.32:8080/prediction/knn,,
http_req_receiving,1678217731,0.126401,,,,true,,POST,http://20.210.36.32:8080/prediction/knn,HTTP/1.1,contacts,,200,,,http://20.210.36.32:8080/prediction/knn,,
http_req_failed,1678217731,0.000000,,,,true,,POST,http://20.210.36.32:8080/prediction/knn,HTTP/1.1,contacts,,200,,,http://20.210.36.32:8080/prediction/knn,,
responseTime,1678217731,979.724544,,,,,,,,,contacts,,,,,,,
data_sent,1678217731,2088.000000,,,,,,,,,contacts,,,,,,,
data_received,1678217731,199.000000,,,,,,,,,contacts,,,,,,,
iteration_duration,1678217731,982.441659,,,,,,,,,contacts,,,,,,,
iterations,1678217731,1.000000,,,,,,,,,contacts,,,,,,,
http_reqs,1678217731,1.000000,,,,true,,POST,http://20.210.36.32:8080/prediction/knn,HTTP/1.1,contacts,,200,,,http://20.210.36.32:8080/prediction/knn,,
http_req_duration,1678217731,795.614826,,,,true,,POST,http://20.210.36.32:8080/prediction/knn,HTTP/1.1,contacts,,200,,,http://20.210.36.32:8080/prediction/knn,,
http_req_blocked,1678217731,2.335413,,,,true,,POST,http://20.210.36.32:8080/prediction/knn,HTTP/1.1,contacts,,200,,,http://20.210.36.32:8080/prediction/knn,,
http_req_connecting,1678217731,2.286512,,,,true,,POST,http://20.210.36.32:8080/prediction/knn,HTTP/1.1,contacts,,200,,,http://20.210.36.32:8080/prediction/knn,,
http_req_tls_handshaking,1678217731,0.000000,,,,true,,POST,http://20.210.36.32:8080/prediction/knn,HTTP/1.1,contacts,,200,,,http://20.210.36.32:8080/prediction/knn,,
http_req_sending,1678217731,0.121801,,,,true,,POST,http://20.210.36.32:8080/prediction/knn,HTTP/1.1,contacts,,200,,,http://20.210.36.32:8080/prediction/knn,,
http_req_waiting,1678217731,795.400524,,,,true,,POST,http://20.210.36.32:8080/prediction/knn,HTTP/1.1,contacts,,200,,,http://20.210.36.32:8080/prediction/knn,,
http_req_receiving,1678217731,0.092501,,,,true,,POST,http://20.210.36.32:8080/prediction/knn,HTTP/1.1,contacts,,200,,,http://20.210.36.32:8080/prediction/knn,,
http_req_failed,1678217731,0.000000,,,,true,,POST,http://20.210.36.32:8080/prediction/knn,HTTP/1.1,contacts,,200,,,http://20.210.36.32:8080/prediction/knn,,
responseTime,1678217731,795.614826,,,,,,,,,contacts,,,,,,,
data_sent,1678217731,2088.000000,,,,,,,,,contacts,,,,,,,
data_received,1678217731,199.000000,,,,,,,,,contacts,,,,,,,
iteration_duration,1678217731,798.534241,,,,,,,,,contacts,,,,,,,
iterations,1678217731,1.000000,,,,,,,,,contacts,,,,,,,
http_reqs,1678217731,1.000000,,,,true,,POST,http://20.210.36.32:8080/prediction/knn,HTTP/1.1,contacts,,200,,,http://20.210.36.32:8080/prediction/knn,,
http_req_duration,1678217731,1027.595201,,,,true,,POST,http://20.210.36.32:8080/prediction/knn,HTTP/1.1,contacts,,200,,,http://20.210.36.32:8080/prediction/knn,,
http_req_blocked,1678217731,4.140123,,,,true,,POST,http://20.210.36.32:8080/prediction/knn,HTTP/1.1,contacts,,200,,,http://20.210.36.32:8080/prediction/knn,,
http_req_connecting,1678217731,4.079923,,,,true,,POST,http://20.210.36.32:8080/prediction/knn,HTTP/1.1,contacts,,200,,,http://20.210.36.32:8080/prediction/knn,,
http_req_tls_handshaking,1678217731,0.000000,,,,true,,POST,http://20.210.36.32:8080/prediction/knn,HTTP/1.1,contacts,,200,,,http://20.210.36.32:8080/prediction/knn,,
http_req_sending,1678217731,0.054300,,,,true,,POST,http://20.210.36.32:8080/prediction/knn,HTTP/1.1,contacts,,200,,,http://20.210.36.32:8080/prediction/knn,,
http_req_waiting,1678217731,1027.461400,,,,true,,POST,http://20.210.36.32:8080/prediction/knn,HTTP/1.1,contacts,,200,,,http://20.210.36.32:8080/prediction/knn,,
http_req_receiving,1678217731,0.079501,,,,true,,POST,http://20.210.36.32:8080/prediction/knn,HTTP/1.1,contacts,,200,,,http://20.210.36.32:8080/prediction/knn,,
http_req_failed,1678217731,0.000000,,,,true,,POST,http://20.210.36.32:8080/prediction/knn,HTTP/1.1,contacts,,200,,,http://20.210.36.32:8080/prediction/knn,,
responseTime,1678217731,1027.595201,,,,,,,,,contacts,,,,,,,
data_sent,1678217731,2088.000000,,,,,,,,,contacts,,,,,,,
data_received,1678217731,199.000000,,,,,,,,,contacts,,,,,,,
iteration_duration,1678217731,1032.237226,,,,,,,,,contacts,,,,,,,
iterations,1678217731,1.000000,,,,,,,,,contacts,,,,,,,
http_reqs,1678217731,1.000000,,,,true,,POST,http://20.210.36.32:8080/prediction/knn,HTTP/1.1,contacts,,200,,,http://20.210.36.32:8080/prediction/knn,,
http_req_duration,1678217731,836.988896,,,,true,,POST,http://20.210.36.32:8080/prediction/knn,HTTP/1.1,contacts,,200,,,http://20.210.36.32:8080/prediction/knn,,
http_req_blocked,1678217731,2.001911,,,,true,,POST,http://20.210.36.32:8080/prediction/knn,HTTP/1.1,contacts,,200,,,http://20.210.36.32:8080/prediction/knn,,
http_req_connecting,1678217731,1.961211,,,,true,,POST,http://20.210.36.32:8080/prediction/knn,HTTP/1.1,contacts,,200,,,http://20.210.36.32:8080/prediction/knn,,
http_req_tls_handshaking,1678217731,0.000000,,,,true,,POST,http://20.210.36.32:8080/prediction/knn,HTTP/1.1,contacts,,200,,,http://20.210.36.32:8080/prediction/knn,,
http_req_sending,1678217731,0.048300,,,,true,,POST,http://20.210.36.32:8080/prediction/knn,HTTP/1.1,contacts,,200,,,http://20.210.36.32:8080/prediction/knn,,
http_req_waiting,1678217731,836.808395,,,,true,,POST,http://20.210.36.32:8080/prediction/knn,HTTP/1.1,contacts,,200,,,http://20.210.36.32:8080/prediction/knn,,
http_req_receiving,1678217731,0.132201,,,,true,,POST,http://20.210.36.32:8080/prediction/knn,HTTP/1.1,contacts,,200,,,http://20.210.36.32:8080/prediction/knn,,
http_req_failed,1678217731,0.000000,,,,true,,POST,http://20.210.36.32:8080/prediction/knn,HTTP/1.1,contacts,,200,,,http://20.210.36.32:8080/prediction/knn,,
responseTime,1678217731,836.988896,,,,,,,,,contacts,,,,,,,
data_sent,1678217731,2088.000000,,,,,,,,,contacts,,,,,,,
data_received,1678217731,199.000000,,,,,,,,,contacts,,,,,,,
iteration_duration,1678217731,839.332009,,,,,,,,,contacts,,,,,,,
iterations,1678217731,1.000000,,,,,,,,,contacts,,,,,,,
data_sent,1678217731,2088.000000,,,,,,,,,contacts,,,,,,,
data_received,1678217731,0.000000,,,,,,,,,contacts,,,,,,,
http_reqs,1678217731,1.000000,,,,true,,POST,http://20.210.36.32:8080/prediction/knn,HTTP/1.1,contacts,,200,,,http://20.210.36.32:8080/prediction/knn,,
http_req_duration,1678217731,871.481310,,,,true,,POST,http://20.210.36.32:8080/prediction/knn,HTTP/1.1,contacts,,200,,,http://20.210.36.32:8080/prediction/knn,,
http_req_blocked,1678217731,2.074111,,,,true,,POST,http://20.210.36.32:8080/prediction/knn,HTTP/1.1,contacts,,200,,,http://20.210.36.32:8080/prediction/knn,,
http_req_connecting,1678217731,2.028011,,,,true,,POST,http://20.210.36.32:8080/prediction/knn,HTTP/1.1,contacts,,200,,,http://20.210.36.32:8080/prediction/knn,,
http_req_tls_handshaking,1678217731,0.000000,,,,true,,POST,http://20.210.36.32:8080/prediction/knn,HTTP/1.1,contacts,,200,,,http://20.210.36.32:8080/prediction/knn,,
http_req_sending,1678217731,0.042500,,,,true,,POST,http://20.210.36.32:8080/prediction/knn,HTTP/1.1,contacts,,200,,,http://20.210.36.32:8080/prediction/knn,,
http_req_waiting,1678217731,859.423660,,,,true,,POST,http://20.210.36.32:8080/prediction/knn,HTTP/1.1,contacts,,200,,,http://20.210.36.32:8080/prediction/knn,,
http_req_receiving,1678217731,12.015150,,,,true,,POST,http://20.210.36.32:8080/prediction/knn,HTTP/1.1,contacts,,200,,,http://20.210.36.32:8080/prediction/knn,,
http_req_failed,1678217731,0.000000,,,,true,,POST,http://20.210.36.32:8080/prediction/knn,HTTP/1.1,contacts,,200,,,http://20.210.36.32:8080/prediction/knn,,
responseTime,1678217731,871.481310,,,,,,,,,contacts,,,,,,,
data_sent,1678217731,2088.000000,,,,,,,,,contacts,,,,,,,
data_received,1678217731,199.000000,,,,,,,,,contacts,,,,,,,
iteration_duration,1678217731,874.030223,,,,,,,,,contacts,,,,,,,
iterations,1678217731,1.000000,,,,,,,,,contacts,,,,,,,
http_reqs,1678217731,1.000000,,,,true,,POST,http://20.210.36.32:8080/prediction/knn,HTTP/1.1,contacts,,200,,,http://20.210.36.32:8080/prediction/knn,,
http_req_duration,1678217731,931.829910,,,,true,,POST,http://20.210.36.32:8080/prediction/knn,HTTP/1.1,contacts,,200,,,http://20.210.36.32:8080/prediction/knn,,
http_req_blocked,1678217731,2.627114,,,,true,,POST,http://20.210.36.32:8080/prediction/knn,HTTP/1.1,contacts,,200,,,http://20.210.36.32:8080/prediction/knn,,
http_req_connecting,1678217731,2.472114,,,,true,,POST,http://20.210.36.32:8080/prediction/knn,HTTP/1.1,contacts,,200,,,http://20.210.36.32:8080/prediction/knn,,
http_req_tls_handshaking,1678217731,0.000000,,,,true,,POST,http://20.210.36.32:8080/prediction/knn,HTTP/1.1,contacts,,200,,,http://20.210.36.32:8080/prediction/knn,,
http_req_sending,1678217731,0.059400,,,,true,,POST,http://20.210.36.32:8080/prediction/knn,HTTP/1.1,contacts,,200,,,http://20.210.36.32:8080/prediction/knn,,
http_req_waiting,1678217731,931.680310,,,,true,,POST,http://20.210.36.32:8080/prediction/knn,HTTP/1.1,contacts,,200,,,http://20.210.36.32:8080/prediction/knn,,
http_req_receiving,1678217731,0.090200,,,,true,,POST,http://20.210.36.32:8080/prediction/knn,HTTP/1.1,contacts,,200,,,http://20.210.36.32:8080/prediction/knn,,
http_req_failed,1678217731,0.000000,,,,true,,POST,http://20.210.36.32:8080/prediction/knn,HTTP/1.1,contacts,,200,,,http://20.210.36.32:8080/prediction/knn,,
responseTime,1678217731,931.829910,,,,,,,,,contacts,,,,,,,
data_sent,1678217731,2088.000000,,,,,,,,,contacts,,,,,,,
data_received,1678217731,199.000000,,,,,,,,,contacts,,,,,,,
iteration_duration,1678217731,934.763426,,,,,,,,,contacts,,,,,,,
iterations,1678217731,1.000000,,,,,,,,,contacts,,,,,,,
http_reqs,1678217731,1.000000,,,,true,,POST,http://20.210.36.32:8080/prediction/knn,HTTP/1.1,contacts,,200,,,http://20.210.36.32:8080/prediction/knn,,
http_req_duration,1678217731,931.976159,,,,true,,POST,http://20.210.36.32:8080/prediction/knn,HTTP/1.1,contacts,,200,,,http://20.210.36.32:8080/prediction/knn,,
http_req_blocked,1678217731,2.020211,,,,true,,POST,http://20.210.36.32:8080/prediction/knn,HTTP/1.1,contacts,,200,,,http://20.210.36.32:8080/prediction/knn,,
http_req_connecting,1678217731,1.971411,,,,true,,POST,http://20.210.36.32:8080/prediction/knn,HTTP/1.1,contacts,,200,,,http://20.210.36.32:8080/prediction/knn,,
http_req_tls_handshaking,1678217731,0.000000,,,,true,,POST,http://20.210.36.32:8080/prediction/knn,HTTP/1.1,contacts,,200,,,http://20.210.36.32:8080/prediction/knn,,
http_req_sending,1678217731,0.158401,,,,true,,POST,http://20.210.36.32:8080/prediction/knn,HTTP/1.1,contacts,,200,,,http://20.210.36.32:8080/prediction/knn,,
http_req_waiting,1678217731,931.707857,,,,true,,POST,http://20.210.36.32:8080/prediction/knn,HTTP/1.1,contacts,,200,,,http://20.210.36.32:8080/prediction/knn,,
http_req_receiving,1678217731,0.109901,,,,true,,POST,http://20.210.36.32:8080/prediction/knn,HTTP/1.1,contacts,,200,,,http://20.210.36.32:8080/prediction/knn,,
http_req_failed,1678217731,0.000000,,,,true,,POST,http://20.210.36.32:8080/prediction/knn,HTTP/1.1,contacts,,200,,,http://20.210.36.32:8080/prediction/knn,,
responseTime,1678217731,931.976159,,,,,,,,,contacts,,,,,,,
data_sent,1678217731,2088.000000,,,,,,,,,contacts,,,,,,,
data_received,1678217731,199.000000,,,,,,,,,contacts,,,,,,,
iteration_duration,1678217731,934.506772,,,,,,,,,contacts,,,,,,,
iterations,1678217731,1.000000,,,,,,,,,contacts,,,,,,,
http_reqs,1678217731,1.000000,,,,true,,POST,http://20.210.36.32:8080/prediction/knn,HTTP/1.1,contacts,,200,,,http://20.210.36.32:8080/prediction/knn,,
http_req_duration,1678217731,932.098558,,,,true,,POST,http://20.210.36.32:8080/prediction/knn,HTTP/1.1,contacts,,200,,,http://20.210.36.32:8080/prediction/knn,,
http_req_blocked,1678217731,2.124212,,,,true,,POST,http://20.210.36.32:8080/prediction/knn,HTTP/1.1,contacts,,200,,,http://20.210.36.32:8080/prediction/knn,,
http_req_connecting,1678217731,2.018412,,,,true,,POST,http://20.210.36.32:8080/prediction/knn,HTTP/1.1,contacts,,200,,,http://20.210.36.32:8080/prediction/knn,,
http_req_tls_handshaking,1678217731,0.000000,,,,true,,POST,http://20.210.36.32:8080/prediction/knn,HTTP/1.1,contacts,,200,,,http://20.210.36.32:8080/prediction/knn,,
http_req_sending,1678217731,0.072500,,,,true,,POST,http://20.210.36.32:8080/prediction/knn,HTTP/1.1,contacts,,200,,,http://20.210.36.32:8080/prediction/knn,,
http_req_waiting,1678217731,931.960357,,,,true,,POST,http://20.210.36.32:8080/prediction/knn,HTTP/1.1,contacts,,200,,,http://20.210.36.32:8080/prediction/knn,,
http_req_receiving,1678217731,0.065701,,,,true,,POST,http://20.210.36.32:8080/prediction/knn,HTTP/1.1,contacts,,200,,,http://20.210.36.32:8080/prediction/knn,,
http_req_failed,1678217731,0.000000,,,,true,,POST,http://20.210.36.32:8080/prediction/knn,HTTP/1.1,contacts,,200,,,http://20.210.36.32:8080/prediction/knn,,
http_reqs,1678217731,1.000000,,,,true,,POST,http://20.210.36.32:8080/prediction/knn,HTTP/1.1,contacts,,200,,,http://20.210.36.32:8080/prediction/knn,,
http_req_duration,1678217731,844.497876,,,,true,,POST,http://20.210.36.32:8080/prediction/knn,HTTP/1.1,contacts,,200,,,http://20.210.36.32:8080/prediction/knn,,
http_req_blocked,1678217731,2.304613,,,,true,,POST,http://20.210.36.32:8080/prediction/knn,HTTP/1.1,contacts,,200,,,http://20.210.36.32:8080/prediction/knn,,
http_req_connecting,1678217731,2.226713,,,,true,,POST,http://20.210.36.32:8080/prediction/knn,HTTP/1.1,contacts,,200,,,http://20.210.36.32:8080/prediction/knn,,
http_req_tls_handshaking,1678217731,0.000000,,,,true,,POST,http://20.210.36.32:8080/prediction/knn,HTTP/1.1,contacts,,200,,,http://20.210.36.32:8080/prediction/knn,,
http_req_sending,1678217731,0.060800,,,,true,,POST,http://20.210.36.32:8080/prediction/knn,HTTP/1.1,contacts,,200,,,http://20.210.36.32:8080/prediction/knn,,
http_req_waiting,1678217731,844.393475,,,,true,,POST,http://20.210.36.32:8080/prediction/knn,HTTP/1.1,contacts,,200,,,http://20.210.36.32:8080/prediction/knn,,
http_req_receiving,1678217731,0.043601,,,,true,,POST,http://20.210.36.32:8080/prediction/knn,HTTP/1.1,contacts,,200,,,http://20.210.36.32:8080/prediction/knn,,
http_req_failed,1678217731,0.000000,,,,true,,POST,http://20.210.36.32:8080/prediction/knn,HTTP/1.1,contacts,,200,,,http://20.210.36.32:8080/prediction/knn,,
responseTime,1678217731,844.497876,,,,,,,,,contacts,,,,,,,
data_sent,1678217731,2088.000000,,,,,,,,,contacts,,,,,,,
data_received,1678217731,199.000000,,,,,,,,,contacts,,,,,,,
iteration_duration,1678217731,847.188990,,,,,,,,,contacts,,,,,,,
iterations,1678217731,1.000000,,,,,,,,,contacts,,,,,,,
responseTime,1678217731,932.098558,,,,,,,,,contacts,,,,,,,
data_sent,1678217731,2088.000000,,,,,,,,,contacts,,,,,,,
data_received,1678217731,199.000000,,,,,,,,,contacts,,,,,,,
iteration_duration,1678217731,934.925473,,,,,,,,,contacts,,,,,,,
iterations,1678217731,1.000000,,,,,,,,,contacts,,,,,,,
http_reqs,1678217731,1.000000,,,,true,,POST,http://20.210.36.32:8080/prediction/knn,HTTP/1.1,contacts,,200,,,http://20.210.36.32:8080/prediction/knn,,
http_req_duration,1678217731,937.908782,,,,true,,POST,http://20.210.36.32:8080/prediction/knn,HTTP/1.1,contacts,,200,,,http://20.210.36.32:8080/prediction/knn,,
http_req_blocked,1678217731,1.773109,,,,true,,POST,http://20.210.36.32:8080/prediction/knn,HTTP/1.1,contacts,,200,,,http://20.210.36.32:8080/prediction/knn,,
http_req_connecting,1678217731,1.718609,,,,true,,POST,http://20.210.36.32:8080/prediction/knn,HTTP/1.1,contacts,,200,,,http://20.210.36.32:8080/prediction/knn,,
http_req_tls_handshaking,1678217731,0.000000,,,,true,,POST,http://20.210.36.32:8080/prediction/knn,HTTP/1.1,contacts,,200,,,http://20.210.36.32:8080/prediction/knn,,
http_req_sending,1678217731,0.050000,,,,true,,POST,http://20.210.36.32:8080/prediction/knn,HTTP/1.1,contacts,,200,,,http://20.210.36.32:8080/prediction/knn,,
http_req_waiting,1678217731,937.788582,,,,true,,POST,http://20.210.36.32:8080/prediction/knn,HTTP/1.1,contacts,,200,,,http://20.210.36.32:8080/prediction/knn,,
http_req_receiving,1678217731,0.070200,,,,true,,POST,http://20.210.36.32:8080/prediction/knn,HTTP/1.1,contacts,,200,,,http://20.210.36.32:8080/prediction/knn,,
http_req_failed,1678217731,0.000000,,,,true,,POST,http://20.210.36.32:8080/prediction/knn,HTTP/1.1,contacts,,200,,,http://20.210.36.32:8080/prediction/knn,,
responseTime,1678217731,937.908782,,,,,,,,,contacts,,,,,,,
data_sent,1678217731,2088.000000,,,,,,,,,contacts,,,,,,,
data_received,1678217731,199.000000,,,,,,,,,contacts,,,,,,,
iteration_duration,1678217731,940.045993,,,,,,,,,contacts,,,,,,,
iterations,1678217731,1.000000,,,,,,,,,contacts,,,,,,,
http_reqs,1678217731,1.000000,,,,true,,POST,http://20.210.36.32:8080/prediction/knn,HTTP/1.1,contacts,,200,,,http://20.210.36.32:8080/prediction/knn,,
http_req_duration,1678217731,853.558912,,,,true,,POST,http://20.210.36.32:8080/prediction/knn,HTTP/1.1,contacts,,200,,,http://20.210.36.32:8080/prediction/knn,,
http_req_blocked,1678217731,2.206712,,,,true,,POST,http://20.210.36.32:8080/prediction/knn,HTTP/1.1,contacts,,200,,,http://20.210.36.32:8080/prediction/knn,,
http_req_connecting,1678217731,2.096111,,,,true,,POST,http://20.210.36.32:8080/prediction/knn,HTTP/1.1,contacts,,200,,,http://20.210.36.32:8080/prediction/knn,,
http_req_tls_handshaking,1678217731,0.000000,,,,true,,POST,http://20.210.36.32:8080/prediction/knn,HTTP/1.1,contacts,,200,,,http://20.210.36.32:8080/prediction/knn,,
http_req_sending,1678217731,0.040300,,,,true,,POST,http://20.210.36.32:8080/prediction/knn,HTTP/1.1,contacts,,200,,,http://20.210.36.32:8080/prediction/knn,,
http_req_waiting,1678217731,853.413712,,,,true,,POST,http://20.210.36.32:8080/prediction/knn,HTTP/1.1,contacts,,200,,,http://20.210.36.32:8080/prediction/knn,,
http_req_receiving,1678217731,0.104900,,,,true,,POST,http://20.210.36.32:8080/prediction/knn,HTTP/1.1,contacts,,200,,,http://20.210.36.32:8080/prediction/knn,,
http_req_failed,1678217731,0.000000,,,,true,,POST,http://20.210.36.32:8080/prediction/knn,HTTP/1.1,contacts,,200,,,http://20.210.36.32:8080/prediction/knn,,
responseTime,1678217731,853.558912,,,,,,,,,contacts,,,,,,,
data_sent,1678217731,2088.000000,,,,,,,,,contacts,,,,,,,
data_received,1678217731,199.000000,,,,,,,,,contacts,,,,,,,
iteration_duration,1678217731,856.299127,,,,,,,,,contacts,,,,,,,
iterations,1678217731,1.000000,,,,,,,,,contacts,,,,,,,
data_sent,1678217731,2088.000000,,,,,,,,,contacts,,,,,,,
data_received,1678217731,0.000000,,,,,,,,,contacts,,,,,,,
http_reqs,1678217731,1.000000,,,,true,,POST,http://20.210.36.32:8080/prediction/knn,HTTP/1.1,contacts,,200,,,http://20.210.36.32:8080/prediction/knn,,
http_req_duration,1678217731,940.089565,,,,true,,POST,http://20.210.36.32:8080/prediction/knn,HTTP/1.1,contacts,,200,,,http://20.210.36.32:8080/prediction/knn,,
http_req_blocked,1678217731,2.227612,,,,true,,POST,http://20.210.36.32:8080/prediction/knn,HTTP/1.1,contacts,,200,,,http://20.210.36.32:8080/prediction/knn,,
http_req_connecting,1678217731,2.180112,,,,true,,POST,http://20.210.36.32:8080/prediction/knn,HTTP/1.1,contacts,,200,,,http://20.210.36.32:8080/prediction/knn,,
http_req_tls_handshaking,1678217731,0.000000,,,,true,,POST,http://20.210.36.32:8080/prediction/knn,HTTP/1.1,contacts,,200,,,http://20.210.36.32:8080/prediction/knn,,
http_req_sending,1678217731,0.047400,,,,true,,POST,http://20.210.36.32:8080/prediction/knn,HTTP/1.1,contacts,,200,,,http://20.210.36.32:8080/prediction/knn,,
http_req_waiting,1678217731,939.915264,,,,true,,POST,http://20.210.36.32:8080/prediction/knn,HTTP/1.1,contacts,,200,,,http://20.210.36.32:8080/prediction/knn,,
http_req_receiving,1678217731,0.126901,,,,true,,POST,http://20.210.36.32:8080/prediction/knn,HTTP/1.1,contacts,,200,,,http://20.210.36.32:8080/prediction/knn,,
http_req_failed,1678217731,0.000000,,,,true,,POST,http://20.210.36.32:8080/prediction/knn,HTTP/1.1,contacts,,200,,,http://20.210.36.32:8080/prediction/knn,,
responseTime,1678217731,940.089565,,,,,,,,,contacts,,,,,,,
data_sent,1678217731,2088.000000,,,,,,,,,contacts,,,,,,,
data_received,1678217731,199.000000,,,,,,,,,contacts,,,,,,,
iteration_duration,1678217731,942.823480,,,,,,,,,contacts,,,,,,,
iterations,1678217731,1.000000,,,,,,,,,contacts,,,,,,,
vus,1678217731,31.000000,,,,,,,,,,,,,,,,
vus_max,1678217731,100.000000,,,,,,,,,,,,,,,,
http_reqs,1678217731,1.000000,,,,true,,POST,http://20.210.36.32:8080/prediction/knn,HTTP/1.1,contacts,,200,,,http://20.210.36.32:8080/prediction/knn,,
http_req_duration,1678217731,820.660889,,,,true,,POST,http://20.210.36.32:8080/prediction/knn,HTTP/1.1,contacts,,200,,,http://20.210.36.32:8080/prediction/knn,,
http_req_blocked,1678217731,2.217412,,,,true,,POST,http://20.210.36.32:8080/prediction/knn,HTTP/1.1,contacts,,200,,,http://20.210.36.32:8080/prediction/knn,,
http_req_connecting,1678217731,2.157812,,,,true,,POST,http://20.210.36.32:8080/prediction/knn,HTTP/1.1,contacts,,200,,,http://20.210.36.32:8080/prediction/knn,,
http_req_tls_handshaking,1678217731,0.000000,,,,true,,POST,http://20.210.36.32:8080/prediction/knn,HTTP/1.1,contacts,,200,,,http://20.210.36.32:8080/prediction/knn,,
http_req_sending,1678217731,0.050100,,,,true,,POST,http://20.210.36.32:8080/prediction/knn,HTTP/1.1,contacts,,200,,,http://20.210.36.32:8080/prediction/knn,,
http_req_waiting,1678217731,820.540289,,,,true,,POST,http://20.210.36.32:8080/prediction/knn,HTTP/1.1,contacts,,200,,,http://20.210.36.32:8080/prediction/knn,,
http_req_receiving,1678217731,0.070500,,,,true,,POST,http://20.210.36.32:8080/prediction/knn,HTTP/1.1,contacts,,200,,,http://20.210.36.32:8080/prediction/knn,,
http_req_failed,1678217731,0.000000,,,,true,,POST,http://20.210.36.32:8080/prediction/knn,HTTP/1.1,contacts,,200,,,http://20.210.36.32:8080/prediction/knn,,
responseTime,1678217731,820.660889,,,,,,,,,contacts,,,,,,,
data_sent,1678217731,2088.000000,,,,,,,,,contacts,,,,,,,
data_received,1678217731,199.000000,,,,,,,,,contacts,,,,,,,
iteration_duration,1678217731,823.212104,,,,,,,,,contacts,,,,,,,
iterations,1678217731,1.000000,,,,,,,,,contacts,,,,,,,
http_reqs,1678217731,1.000000,,,,true,,POST,http://20.210.36.32:8080/prediction/knn,HTTP/1.1,contacts,,200,,,http://20.210.36.32:8080/prediction/knn,,
http_req_duration,1678217731,949.403077,,,,true,,POST,http://20.210.36.32:8080/prediction/knn,HTTP/1.1,contacts,,200,,,http://20.210.36.32:8080/prediction/knn,,
http_req_blocked,1678217731,2.197012,,,,true,,POST,http://20.210.36.32:8080/prediction/knn,HTTP/1.1,contacts,,200,,,http://20.210.36.32:8080/prediction/knn,,
http_req_connecting,1678217731,2.118312,,,,true,,POST,http://20.210.36.32:8080/prediction/knn,HTTP/1.1,contacts,,200,,,http://20.210.36.32:8080/prediction/knn,,
http_req_tls_handshaking,1678217731,0.000000,,,,true,,POST,http://20.210.36.32:8080/prediction/knn,HTTP/1.1,contacts,,200,,,http://20.210.36.32:8080/prediction/knn,,
http_req_sending,1678217731,0.054400,,,,true,,POST,http://20.210.36.32:8080/prediction/knn,HTTP/1.1,contacts,,200,,,http://20.210.36.32:8080/prediction/knn,,
http_req_waiting,1678217731,949.244476,,,,true,,POST,http://20.210.36.32:8080/prediction/knn,HTTP/1.1,contacts,,200,,,http://20.210.36.32:8080/prediction/knn,,
http_req_receiving,1678217731,0.104201,,,,true,,POST,http://20.210.36.32:8080/prediction/knn,HTTP/1.1,contacts,,200,,,http://20.210.36.32:8080/prediction/knn,,
http_req_failed,1678217731,0.000000,,,,true,,POST,http://20.210.36.32:8080/prediction/knn,HTTP/1.1,contacts,,200,,,http://20.210.36.32:8080/prediction/knn,,
responseTime,1678217731,949.403077,,,,,,,,,contacts,,,,,,,
data_sent,1678217731,2088.000000,,,,,,,,,contacts,,,,,,,
data_received,1678217731,199.000000,,,,,,,,,contacts,,,,,,,
iteration_duration,1678217731,952.161892,,,,,,,,,contacts,,,,,,,
iterations,1678217731,1.000000,,,,,,,,,contacts,,,,,,,
http_reqs,1678217731,1.000000,,,,true,,POST,http://20.210.36.32:8080/prediction/knn,HTTP/1.1,contacts,,200,,,http://20.210.36.32:8080/prediction/knn,,
http_req_duration,1678217731,854.603652,,,,true,,POST,http://20.210.36.32:8080/prediction/knn,HTTP/1.1,contacts,,200,,,http://20.210.36.32:8080/prediction/knn,,
http_req_blocked,1678217731,2.165012,,,,true,,POST,http://20.210.36.32:8080/prediction/knn,HTTP/1.1,contacts,,200,,,http://20.210.36.32:8080/prediction/knn,,
http_req_connecting,1678217731,2.086211,,,,true,,POST,http://20.210.36.32:8080/prediction/knn,HTTP/1.1,contacts,,200,,,http://20.210.36.32:8080/prediction/knn,,
http_req_tls_handshaking,1678217731,0.000000,,,,true,,POST,http://20.210.36.32:8080/prediction/knn,HTTP/1.1,contacts,,200,,,http://20.210.36.32:8080/prediction/knn,,
http_req_sending,1678217731,0.055600,,,,true,,POST,http://20.210.36.32:8080/prediction/knn,HTTP/1.1,contacts,,200,,,http://20.210.36.32:8080/prediction/knn,,
http_req_waiting,1678217731,854.476351,,,,true,,POST,http://20.210.36.32:8080/prediction/knn,HTTP/1.1,contacts,,200,,,http://20.210.36.32:8080/prediction/knn,,
http_req_receiving,1678217731,0.071701,,,,true,,POST,http://20.210.36.32:8080/prediction/knn,HTTP/1.1,contacts,,200,,,http://20.210.36.32:8080/prediction/knn,,
http_req_failed,1678217731,0.000000,,,,true,,POST,http://20.210.36.32:8080/prediction/knn,HTTP/1.1,contacts,,200,,,http://20.210.36.32:8080/prediction/knn,,
responseTime,1678217731,854.603652,,,,,,,,,contacts,,,,,,,
data_sent,1678217731,2088.000000,,,,,,,,,contacts,,,,,,,
data_received,1678217731,199.000000,,,,,,,,,contacts,,,,,,,
iteration_duration,1678217731,857.132065,,,,,,,,,contacts,,,,,,,
iterations,1678217731,1.000000,,,,,,,,,contacts,,,,,,,
http_reqs,1678217731,1.000000,,,,true,,POST,http://20.210.36.32:8080/prediction/knn,HTTP/1.1,contacts,,200,,,http://20.210.36.32:8080/prediction/knn,,
http_req_duration,1678217731,768.010306,,,,true,,POST,http://20.210.36.32:8080/prediction/knn,HTTP/1.1,contacts,,200,,,http://20.210.36.32:8080/prediction/knn,,
http_req_blocked,1678217731,5.343930,,,,true,,POST,http://20.210.36.32:8080/prediction/knn,HTTP/1.1,contacts,,200,,,http://20.210.36.32:8080/prediction/knn,,
http_req_connecting,1678217731,5.267129,,,,true,,POST,http://20.210.36.32:8080/prediction/knn,HTTP/1.1,contacts,,200,,,http://20.210.36.32:8080/prediction/knn,,
http_req_tls_handshaking,1678217731,0.000000,,,,true,,POST,http://20.210.36.32:8080/prediction/knn,HTTP/1.1,contacts,,200,,,http://20.210.36.32:8080/prediction/knn,,
http_req_sending,1678217731,0.140600,,,,true,,POST,http://20.210.36.32:8080/prediction/knn,HTTP/1.1,contacts,,200,,,http://20.210.36.32:8080/prediction/knn,,
http_req_waiting,1678217731,767.784206,,,,true,,POST,http://20.210.36.32:8080/prediction/knn,HTTP/1.1,contacts,,200,,,http://20.210.36.32:8080/prediction/knn,,
http_req_receiving,1678217731,0.085500,,,,true,,POST,http://20.210.36.32:8080/prediction/knn,HTTP/1.1,contacts,,200,,,http://20.210.36.32:8080/prediction/knn,,
http_req_failed,1678217731,0.000000,,,,true,,POST,http://20.210.36.32:8080/prediction/knn,HTTP/1.1,contacts,,200,,,http://20.210.36.32:8080/prediction/knn,,
responseTime,1678217731,768.010306,,,,,,,,,contacts,,,,,,,
data_sent,1678217731,2088.000000,,,,,,,,,contacts,,,,,,,
data_received,1678217731,199.000000,,,,,,,,,contacts,,,,,,,
iteration_duration,1678217731,773.805238,,,,,,,,,contacts,,,,,,,
iterations,1678217731,1.000000,,,,,,,,,contacts,,,,,,,
data_sent,1678217731,2088.000000,,,,,,,,,contacts,,,,,,,
data_received,1678217731,0.000000,,,,,,,,,contacts,,,,,,,
http_reqs,1678217731,1.000000,,,,true,,POST,http://20.210.36.32:8080/prediction/knn,HTTP/1.1,contacts,,200,,,http://20.210.36.32:8080/prediction/knn,,
http_req_duration,1678217731,739.987708,,,,true,,POST,http://20.210.36.32:8080/prediction/knn,HTTP/1.1,contacts,,200,,,http://20.210.36.32:8080/prediction/knn,,
http_req_blocked,1678217731,2.238612,,,,true,,POST,http://20.210.36.32:8080/prediction/knn,HTTP/1.1,contacts,,200,,,http://20.210.36.32:8080/prediction/knn,,
http_req_connecting,1678217731,2.184112,,,,true,,POST,http://20.210.36.32:8080/prediction/knn,HTTP/1.1,contacts,,200,,,http://20.210.36.32:8080/prediction/knn,,
http_req_tls_handshaking,1678217731,0.000000,,,,true,,POST,http://20.210.36.32:8080/prediction/knn,HTTP/1.1,contacts,,200,,,http://20.210.36.32:8080/prediction/knn,,
http_req_sending,1678217731,0.046300,,,,true,,POST,http://20.210.36.32:8080/prediction/knn,HTTP/1.1,contacts,,200,,,http://20.210.36.32:8080/prediction/knn,,
http_req_waiting,1678217731,739.838008,,,,true,,POST,http://20.210.36.32:8080/prediction/knn,HTTP/1.1,contacts,,200,,,http://20.210.36.32:8080/prediction/knn,,
http_req_receiving,1678217731,0.103400,,,,true,,POST,http://20.210.36.32:8080/prediction/knn,HTTP/1.1,contacts,,200,,,http://20.210.36.32:8080/prediction/knn,,
http_req_failed,1678217731,0.000000,,,,true,,POST,http://20.210.36.32:8080/prediction/knn,HTTP/1.1,contacts,,200,,,http://20.210.36.32:8080/prediction/knn,,
responseTime,1678217731,739.987708,,,,,,,,,contacts,,,,,,,
data_sent,1678217731,2088.000000,,,,,,,,,contacts,,,,,,,
data_received,1678217731,199.000000,,,,,,,,,contacts,,,,,,,
iteration_duration,1678217731,742.732523,,,,,,,,,contacts,,,,,,,
iterations,1678217731,1.000000,,,,,,,,,contacts,,,,,,,
http_reqs,1678217731,1.000000,,,,true,,POST,http://20.210.36.32:8080/prediction/knn,HTTP/1.1,contacts,,200,,,http://20.210.36.32:8080/prediction/knn,,
http_req_duration,1678217731,816.922791,,,,true,,POST,http://20.210.36.32:8080/prediction/knn,HTTP/1.1,contacts,,200,,,http://20.210.36.32:8080/prediction/knn,,
http_req_blocked,1678217731,2.627614,,,,true,,POST,http://20.210.36.32:8080/prediction/knn,HTTP/1.1,contacts,,200,,,http://20.210.36.32:8080/prediction/knn,,
http_req_connecting,1678217731,2.508414,,,,true,,POST,http://20.210.36.32:8080/prediction/knn,HTTP/1.1,contacts,,200,,,http://20.210.36.32:8080/prediction/knn,,
http_req_tls_handshaking,1678217731,0.000000,,,,true,,POST,http://20.210.36.32:8080/prediction/knn,HTTP/1.1,contacts,,200,,,http://20.210.36.32:8080/prediction/knn,,
http_req_sending,1678217731,0.091300,,,,true,,POST,http://20.210.36.32:8080/prediction/knn,HTTP/1.1,contacts,,200,,,http://20.210.36.32:8080/prediction/knn,,
http_req_waiting,1678217731,802.794733,,,,true,,POST,http://20.210.36.32:8080/prediction/knn,HTTP/1.1,contacts,,200,,,http://20.210.36.32:8080/prediction/knn,,
http_req_receiving,1678217731,14.036758,,,,true,,POST,http://20.210.36.32:8080/prediction/knn,HTTP/1.1,contacts,,200,,,http://20.210.36.32:8080/prediction/knn,,
http_req_failed,1678217731,0.000000,,,,true,,POST,http://20.210.36.32:8080/prediction/knn,HTTP/1.1,contacts,,200,,,http://20.210.36.32:8080/prediction/knn,,
responseTime,1678217731,816.922791,,,,,,,,,contacts,,,,,,,
data_sent,1678217731,2088.000000,,,,,,,,,contacts,,,,,,,
data_received,1678217731,199.000000,,,,,,,,,contacts,,,,,,,
iteration_duration,1678217731,819.851007,,,,,,,,,contacts,,,,,,,
iterations,1678217731,1.000000,,,,,,,,,contacts,,,,,,,
http_reqs,1678217731,1.000000,,,,true,,POST,http://20.210.36.32:8080/prediction/knn,HTTP/1.1,contacts,,200,,,http://20.210.36.32:8080/prediction/knn,,
http_req_duration,1678217731,711.336677,,,,true,,POST,http://20.210.36.32:8080/prediction/knn,HTTP/1.1,contacts,,200,,,http://20.210.36.32:8080/prediction/knn,,
http_req_blocked,1678217731,4.814026,,,,true,,POST,http://20.210.36.32:8080/prediction/knn,HTTP/1.1,contacts,,200,,,http://20.210.36.32:8080/prediction/knn,,
http_req_connecting,1678217731,4.735726,,,,true,,POST,http://20.210.36.32:8080/prediction/knn,HTTP/1.1,contacts,,200,,,http://20.210.36.32:8080/prediction/knn,,
http_req_tls_handshaking,1678217731,0.000000,,,,true,,POST,http://20.210.36.32:8080/prediction/knn,HTTP/1.1,contacts,,200,,,http://20.210.36.32:8080/prediction/knn,,
http_req_sending,1678217731,0.068400,,,,true,,POST,http://20.210.36.32:8080/prediction/knn,HTTP/1.1,contacts,,200,,,http://20.210.36.32:8080/prediction/knn,,
http_req_waiting,1678217731,711.193776,,,,true,,POST,http://20.210.36.32:8080/prediction/knn,HTTP/1.1,contacts,,200,,,http://20.210.36.32:8080/prediction/knn,,
http_req_receiving,1678217731,0.074501,,,,true,,POST,http://20.210.36.32:8080/prediction/knn,HTTP/1.1,contacts,,200,,,http://20.210.36.32:8080/prediction/knn,,
http_req_failed,1678217731,0.000000,,,,true,,POST,http://20.210.36.32:8080/prediction/knn,HTTP/1.1,contacts,,200,,,http://20.210.36.32:8080/prediction/knn,,
responseTime,1678217731,711.336677,,,,,,,,,contacts,,,,,,,
data_sent,1678217731,2088.000000,,,,,,,,,contacts,,,,,,,
data_received,1678217731,199.000000,,,,,,,,,contacts,,,,,,,
iteration_duration,1678217731,716.666605,,,,,,,,,contacts,,,,,,,
iterations,1678217731,1.000000,,,,,,,,,contacts,,,,,,,
data_sent,1678217731,2088.000000,,,,,,,,,contacts,,,,,,,
data_received,1678217731,0.000000,,,,,,,,,contacts,,,,,,,
data_sent,1678217731,2088.000000,,,,,,,,,contacts,,,,,,,
data_received,1678217731,0.000000,,,,,,,,,contacts,,,,,,,
http_reqs,1678217731,1.000000,,,,true,,POST,http://20.210.36.32:8080/prediction/knn,HTTP/1.1,contacts,,200,,,http://20.210.36.32:8080/prediction/knn,,
http_req_duration,1678217731,608.008216,,,,true,,POST,http://20.210.36.32:8080/prediction/knn,HTTP/1.1,contacts,,200,,,http://20.210.36.32:8080/prediction/knn,,
http_req_blocked,1678217731,3.844216,,,,true,,POST,http://20.210.36.32:8080/prediction/knn,HTTP/1.1,contacts,,200,,,http://20.210.36.32:8080/prediction/knn,,
http_req_connecting,1678217731,3.754616,,,,true,,POST,http://20.210.36.32:8080/prediction/knn,HTTP/1.1,contacts,,200,,,http://20.210.36.32:8080/prediction/knn,,
http_req_tls_handshaking,1678217731,0.000000,,,,true,,POST,http://20.210.36.32:8080/prediction/knn,HTTP/1.1,contacts,,200,,,http://20.210.36.32:8080/prediction/knn,,
http_req_sending,1678217731,0.088000,,,,true,,POST,http://20.210.36.32:8080/prediction/knn,HTTP/1.1,contacts,,200,,,http://20.210.36.32:8080/prediction/knn,,
http_req_waiting,1678217731,598.556177,,,,true,,POST,http://20.210.36.32:8080/prediction/knn,HTTP/1.1,contacts,,200,,,http://20.210.36.32:8080/prediction/knn,,
http_req_receiving,1678217731,9.364039,,,,true,,POST,http://20.210.36.32:8080/prediction/knn,HTTP/1.1,contacts,,200,,,http://20.210.36.32:8080/prediction/knn,,
http_req_failed,1678217731,0.000000,,,,true,,POST,http://20.210.36.32:8080/prediction/knn,HTTP/1.1,contacts,,200,,,http://20.210.36.32:8080/prediction/knn,,
http_reqs,1678217731,1.000000,,,,true,,POST,http://20.210.36.32:8080/prediction/knn,HTTP/1.1,contacts,,200,,,http://20.210.36.32:8080/prediction/knn,,
http_req_duration,1678217731,608.153717,,,,true,,POST,http://20.210.36.32:8080/prediction/knn,HTTP/1.1,contacts,,200,,,http://20.210.36.32:8080/prediction/knn,,
http_req_blocked,1678217731,3.544915,,,,true,,POST,http://20.210.36.32:8080/prediction/knn,HTTP/1.1,contacts,,200,,,http://20.210.36.32:8080/prediction/knn,,
http_req_connecting,1678217731,3.499814,,,,true,,POST,http://20.210.36.32:8080/prediction/knn,HTTP/1.1,contacts,,200,,,http://20.210.36.32:8080/prediction/knn,,
http_req_tls_handshaking,1678217731,0.000000,,,,true,,POST,http://20.210.36.32:8080/prediction/knn,HTTP/1.1,contacts,,200,,,http://20.210.36.32:8080/prediction/knn,,
http_req_sending,1678217731,0.049900,,,,true,,POST,http://20.210.36.32:8080/prediction/knn,HTTP/1.1,contacts,,200,,,http://20.210.36.32:8080/prediction/knn,,
http_req_waiting,1678217731,608.009517,,,,true,,POST,http://20.210.36.32:8080/prediction/knn,HTTP/1.1,contacts,,200,,,http://20.210.36.32:8080/prediction/knn,,
http_req_receiving,1678217731,0.094300,,,,true,,POST,http://20.210.36.32:8080/prediction/knn,HTTP/1.1,contacts,,200,,,http://20.210.36.32:8080/prediction/knn,,
http_req_failed,1678217731,0.000000,,,,true,,POST,http://20.210.36.32:8080/prediction/knn,HTTP/1.1,contacts,,200,,,http://20.210.36.32:8080/prediction/knn,,
responseTime,1678217731,608.008216,,,,,,,,,contacts,,,,,,,
data_sent,1678217731,2088.000000,,,,,,,,,contacts,,,,,,,
data_received,1678217731,199.000000,,,,,,,,,contacts,,,,,,,
iteration_duration,1678217731,612.784136,,,,,,,,,contacts,,,,,,,
iterations,1678217731,1.000000,,,,,,,,,contacts,,,,,,,
http_reqs,1678217731,1.000000,,,,true,,POST,http://20.210.36.32:8080/prediction/knn,HTTP/1.1,contacts,,200,,,http://20.210.36.32:8080/prediction/knn,,
http_req_duration,1678217731,600.417285,,,,true,,POST,http://20.210.36.32:8080/prediction/knn,HTTP/1.1,contacts,,200,,,http://20.210.36.32:8080/prediction/knn,,
http_req_blocked,1678217731,4.141317,,,,true,,POST,http://20.210.36.32:8080/prediction/knn,HTTP/1.1,contacts,,200,,,http://20.210.36.32:8080/prediction/knn,,
http_req_connecting,1678217731,4.071517,,,,true,,POST,http://20.210.36.32:8080/prediction/knn,HTTP/1.1,contacts,,200,,,http://20.210.36.32:8080/prediction/knn,,
http_req_tls_handshaking,1678217731,0.000000,,,,true,,POST,http://20.210.36.32:8080/prediction/knn,HTTP/1.1,contacts,,200,,,http://20.210.36.32:8080/prediction/knn,,
http_req_sending,1678217731,0.091100,,,,true,,POST,http://20.210.36.32:8080/prediction/knn,HTTP/1.1,contacts,,200,,,http://20.210.36.32:8080/prediction/knn,,
http_req_waiting,1678217731,600.166884,,,,true,,POST,http://20.210.36.32:8080/prediction/knn,HTTP/1.1,contacts,,200,,,http://20.210.36.32:8080/prediction/knn,,
http_req_receiving,1678217731,0.159301,,,,true,,POST,http://20.210.36.32:8080/prediction/knn,HTTP/1.1,contacts,,200,,,http://20.210.36.32:8080/prediction/knn,,
http_req_failed,1678217731,0.000000,,,,true,,POST,http://20.210.36.32:8080/prediction/knn,HTTP/1.1,contacts,,200,,,http://20.210.36.32:8080/prediction/knn,,
http_reqs,1678217731,1.000000,,,,true,,POST,http://20.210.36.32:8080/prediction/knn,HTTP/1.1,contacts,,200,,,http://20.210.36.32:8080/prediction/knn,,
http_req_duration,1678217731,607.680615,,,,true,,POST,http://20.210.36.32:8080/prediction/knn,HTTP/1.1,contacts,,200,,,http://20.210.36.32:8080/prediction/knn,,
http_req_blocked,1678217731,2.956512,,,,true,,POST,http://20.210.36.32:8080/prediction/knn,HTTP/1.1,contacts,,200,,,http://20.210.36.32:8080/prediction/knn,,
http_req_connecting,1678217731,2.898812,,,,true,,POST,http://20.210.36.32:8080/prediction/knn,HTTP/1.1,contacts,,200,,,http://20.210.36.32:8080/prediction/knn,,
http_req_tls_handshaking,1678217731,0.000000,,,,true,,POST,http://20.210.36.32:8080/prediction/knn,HTTP/1.1,contacts,,200,,,http://20.210.36.32:8080/prediction/knn,,
http_req_sending,1678217731,0.045000,,,,true,,POST,http://20.210.36.32:8080/prediction/knn,HTTP/1.1,contacts,,200,,,http://20.210.36.32:8080/prediction/knn,,
http_req_waiting,1678217731,607.561415,,,,true,,POST,http://20.210.36.32:8080/prediction/knn,HTTP/1.1,contacts,,200,,,http://20.210.36.32:8080/prediction/knn,,
http_req_receiving,1678217731,0.074200,,,,true,,POST,http://20.210.36.32:8080/prediction/knn,HTTP/1.1,contacts,,200,,,http://20.210.36.32:8080/prediction/knn,,
http_req_failed,1678217731,0.000000,,,,true,,POST,http://20.210.36.32:8080/prediction/knn,HTTP/1.1,contacts,,200,,,http://20.210.36.32:8080/prediction/knn,,
responseTime,1678217731,600.417285,,,,,,,,,contacts,,,,,,,
data_sent,1678217731,2088.000000,,,,,,,,,contacts,,,,,,,
data_received,1678217731,199.000000,,,,,,,,,contacts,,,,,,,
iteration_duration,1678217731,605.277305,,,,,,,,,contacts,,,,,,,
iterations,1678217731,1.000000,,,,,,,,,contacts,,,,,,,
responseTime,1678217731,608.153717,,,,,,,,,contacts,,,,,,,
data_sent,1678217731,2088.000000,,,,,,,,,contacts,,,,,,,
data_received,1678217731,199.000000,,,,,,,,,contacts,,,,,,,
iteration_duration,1678217731,613.315338,,,,,,,,,contacts,,,,,,,
iterations,1678217731,1.000000,,,,,,,,,contacts,,,,,,,
responseTime,1678217731,607.680615,,,,,,,,,contacts,,,,,,,
data_sent,1678217731,2088.000000,,,,,,,,,contacts,,,,,,,
data_received,1678217731,199.000000,,,,,,,,,contacts,,,,,,,
iteration_duration,1678217731,611.940332,,,,,,,,,contacts,,,,,,,
iterations,1678217731,1.000000,,,,,,,,,contacts,,,,,,,
http_reqs,1678217731,1.000000,,,,true,,POST,http://20.210.36.32:8080/prediction/knn,HTTP/1.1,contacts,,200,,,http://20.210.36.32:8080/prediction/knn,,
http_req_duration,1678217731,608.282017,,,,true,,POST,http://20.210.36.32:8080/prediction/knn,HTTP/1.1,contacts,,200,,,http://20.210.36.32:8080/prediction/knn,,
http_req_blocked,1678217731,3.722915,,,,true,,POST,http://20.210.36.32:8080/prediction/knn,HTTP/1.1,contacts,,200,,,http://20.210.36.32:8080/prediction/knn,,
http_req_connecting,1678217731,3.675615,,,,true,,POST,http://20.210.36.32:8080/prediction/knn,HTTP/1.1,contacts,,200,,,http://20.210.36.32:8080/prediction/knn,,
http_req_tls_handshaking,1678217731,0.000000,,,,true,,POST,http://20.210.36.32:8080/prediction/knn,HTTP/1.1,contacts,,200,,,http://20.210.36.32:8080/prediction/knn,,
http_req_sending,1678217731,0.039200,,,,true,,POST,http://20.210.36.32:8080/prediction/knn,HTTP/1.1,contacts,,200,,,http://20.210.36.32:8080/prediction/knn,,
http_req_waiting,1678217731,608.060117,,,,true,,POST,http://20.210.36.32:8080/prediction/knn,HTTP/1.1,contacts,,200,,,http://20.210.36.32:8080/prediction/knn,,
http_req_receiving,1678217731,0.182700,,,,true,,POST,http://20.210.36.32:8080/prediction/knn,HTTP/1.1,contacts,,200,,,http://20.210.36.32:8080/prediction/knn,,
http_req_failed,1678217731,0.000000,,,,true,,POST,http://20.210.36.32:8080/prediction/knn,HTTP/1.1,contacts,,200,,,http://20.210.36.32:8080/prediction/knn,,
responseTime,1678217731,608.282017,,,,,,,,,contacts,,,,,,,
data_sent,1678217731,2088.000000,,,,,,,,,contacts,,,,,,,
data_received,1678217731,199.000000,,,,,,,,,contacts,,,,,,,
iteration_duration,1678217731,612.415434,,,,,,,,,contacts,,,,,,,
iterations,1678217731,1.000000,,,,,,,,,contacts,,,,,,,
http_reqs,1678217731,1.000000,,,,true,,POST,http://20.210.36.32:8080/prediction/knn,HTTP/1.1,contacts,,200,,,http://20.210.36.32:8080/prediction/knn,,
http_req_duration,1678217731,627.384896,,,,true,,POST,http://20.210.36.32:8080/prediction/knn,HTTP/1.1,contacts,,200,,,http://20.210.36.32:8080/prediction/knn,,
http_req_blocked,1678217731,3.435214,,,,true,,POST,http://20.210.36.32:8080/prediction/knn,HTTP/1.1,contacts,,200,,,http://20.210.36.32:8080/prediction/knn,,
http_req_connecting,1678217731,3.391614,,,,true,,POST,http://20.210.36.32:8080/prediction/knn,HTTP/1.1,contacts,,200,,,http://20.210.36.32:8080/prediction/knn,,
http_req_tls_handshaking,1678217731,0.000000,,,,true,,POST,http://20.210.36.32:8080/prediction/knn,HTTP/1.1,contacts,,200,,,http://20.210.36.32:8080/prediction/knn,,
http_req_sending,1678217731,0.034700,,,,true,,POST,http://20.210.36.32:8080/prediction/knn,HTTP/1.1,contacts,,200,,,http://20.210.36.32:8080/prediction/knn,,
http_req_waiting,1678217731,625.197888,,,,true,,POST,http://20.210.36.32:8080/prediction/knn,HTTP/1.1,contacts,,200,,,http://20.210.36.32:8080/prediction/knn,,
http_req_receiving,1678217731,2.152308,,,,true,,POST,http://20.210.36.32:8080/prediction/knn,HTTP/1.1,contacts,,200,,,http://20.210.36.32:8080/prediction/knn,,
http_req_failed,1678217731,0.000000,,,,true,,POST,http://20.210.36.32:8080/prediction/knn,HTTP/1.1,contacts,,200,,,http://20.210.36.32:8080/prediction/knn,,
responseTime,1678217731,627.384896,,,,,,,,,contacts,,,,,,,
data_sent,1678217731,2088.000000,,,,,,,,,contacts,,,,,,,
data_received,1678217731,199.000000,,,,,,,,,contacts,,,,,,,
iteration_duration,1678217731,631.187412,,,,,,,,,contacts,,,,,,,
iterations,1678217731,1.000000,,,,,,,,,contacts,,,,,,,
http_reqs,1678217731,1.000000,,,,true,,POST,http://20.210.36.32:8080/prediction/knn,HTTP/1.1,contacts,,200,,,http://20.210.36.32:8080/prediction/knn,,
http_req_duration,1678217731,662.941444,,,,true,,POST,http://20.210.36.32:8080/prediction/knn,HTTP/1.1,contacts,,200,,,http://20.210.36.32:8080/prediction/knn,,
http_req_blocked,1678217731,3.244313,,,,true,,POST,http://20.210.36.32:8080/prediction/knn,HTTP/1.1,contacts,,200,,,http://20.210.36.32:8080/prediction/knn,,
http_req_connecting,1678217731,3.195613,,,,true,,POST,http://20.210.36.32:8080/prediction/knn,HTTP/1.1,contacts,,200,,,http://20.210.36.32:8080/prediction/knn,,
http_req_tls_handshaking,1678217731,0.000000,,,,true,,POST,http://20.210.36.32:8080/prediction/knn,HTTP/1.1,contacts,,200,,,http://20.210.36.32:8080/prediction/knn,,
http_req_sending,1678217731,0.049001,,,,true,,POST,http://20.210.36.32:8080/prediction/knn,HTTP/1.1,contacts,,200,,,http://20.210.36.32:8080/prediction/knn,,
http_req_waiting,1678217731,662.802943,,,,true,,POST,http://20.210.36.32:8080/prediction/knn,HTTP/1.1,contacts,,200,,,http://20.210.36.32:8080/prediction/knn,,
http_req_receiving,1678217731,0.089500,,,,true,,POST,http://20.210.36.32:8080/prediction/knn,HTTP/1.1,contacts,,200,,,http://20.210.36.32:8080/prediction/knn,,
http_req_failed,1678217731,0.000000,,,,true,,POST,http://20.210.36.32:8080/prediction/knn,HTTP/1.1,contacts,,200,,,http://20.210.36.32:8080/prediction/knn,,
responseTime,1678217731,662.941444,,,,,,,,,contacts,,,,,,,
data_sent,1678217731,2088.000000,,,,,,,,,contacts,,,,,,,
data_received,1678217731,199.000000,,,,,,,,,contacts,,,,,,,
iteration_duration,1678217731,666.574159,,,,,,,,,contacts,,,,,,,
iterations,1678217731,1.000000,,,,,,,,,contacts,,,,,,,
http_reqs,1678217731,1.000000,,,,true,,POST,http://20.210.36.32:8080/prediction/knn,HTTP/1.1,contacts,,200,,,http://20.210.36.32:8080/prediction/knn,,
http_req_duration,1678217731,662.292341,,,,true,,POST,http://20.210.36.32:8080/prediction/knn,HTTP/1.1,contacts,,200,,,http://20.210.36.32:8080/prediction/knn,,
http_req_blocked,1678217731,3.666215,,,,true,,POST,http://20.210.36.32:8080/prediction/knn,HTTP/1.1,contacts,,200,,,http://20.210.36.32:8080/prediction/knn,,
http_req_connecting,1678217731,3.621715,,,,true,,POST,http://20.210.36.32:8080/prediction/knn,HTTP/1.1,contacts,,200,,,http://20.210.36.32:8080/prediction/knn,,
http_req_tls_handshaking,1678217731,0.000000,,,,true,,POST,http://20.210.36.32:8080/prediction/knn,HTTP/1.1,contacts,,200,,,http://20.210.36.32:8080/prediction/knn,,
http_req_sending,1678217731,0.050000,,,,true,,POST,http://20.210.36.32:8080/prediction/knn,HTTP/1.1,contacts,,200,,,http://20.210.36.32:8080/prediction/knn,,
http_req_waiting,1678217731,662.063240,,,,true,,POST,http://20.210.36.32:8080/prediction/knn,HTTP/1.1,contacts,,200,,,http://20.210.36.32:8080/prediction/knn,,
http_req_receiving,1678217731,0.179101,,,,true,,POST,http://20.210.36.32:8080/prediction/knn,HTTP/1.1,contacts,,200,,,http://20.210.36.32:8080/prediction/knn,,
http_req_failed,1678217731,0.000000,,,,true,,POST,http://20.210.36.32:8080/prediction/knn,HTTP/1.1,contacts,,200,,,http://20.210.36.32:8080/prediction/knn,,
responseTime,1678217731,662.292341,,,,,,,,,contacts,,,,,,,
data_sent,1678217731,2088.000000,,,,,,,,,contacts,,,,,,,
data_received,1678217731,199.000000,,,,,,,,,contacts,,,,,,,
iteration_duration,1678217731,666.378258,,,,,,,,,contacts,,,,,,,
iterations,1678217731,1.000000,,,,,,,,,contacts,,,,,,,
data_sent,1678217731,2088.000000,,,,,,,,,contacts,,,,,,,
data_received,1678217731,0.000000,,,,,,,,,contacts,,,,,,,
http_reqs,1678217731,1.000000,,,,true,,POST,http://20.210.36.32:8080/prediction/knn,HTTP/1.1,contacts,,200,,,http://20.210.36.32:8080/prediction/knn,,
http_req_duration,1678217731,742.110872,,,,true,,POST,http://20.210.36.32:8080/prediction/knn,HTTP/1.1,contacts,,200,,,http://20.210.36.32:8080/prediction/knn,,
http_req_blocked,1678217731,3.563514,,,,true,,POST,http://20.210.36.32:8080/prediction/knn,HTTP/1.1,contacts,,200,,,http://20.210.36.32:8080/prediction/knn,,
http_req_connecting,1678217731,3.271513,,,,true,,POST,http://20.210.36.32:8080/prediction/knn,HTTP/1.1,contacts,,200,,,http://20.210.36.32:8080/prediction/knn,,
http_req_tls_handshaking,1678217731,0.000000,,,,true,,POST,http://20.210.36.32:8080/prediction/knn,HTTP/1.1,contacts,,200,,,http://20.210.36.32:8080/prediction/knn,,
http_req_sending,1678217731,0.322502,,,,true,,POST,http://20.210.36.32:8080/prediction/knn,HTTP/1.1,contacts,,200,,,http://20.210.36.32:8080/prediction/knn,,
http_req_waiting,1678217731,741.682869,,,,true,,POST,http://20.210.36.32:8080/prediction/knn,HTTP/1.1,contacts,,200,,,http://20.210.36.32:8080/prediction/knn,,
http_req_receiving,1678217731,0.105501,,,,true,,POST,http://20.210.36.32:8080/prediction/knn,HTTP/1.1,contacts,,200,,,http://20.210.36.32:8080/prediction/knn,,
http_req_failed,1678217731,0.000000,,,,true,,POST,http://20.210.36.32:8080/prediction/knn,HTTP/1.1,contacts,,200,,,http://20.210.36.32:8080/prediction/knn,,
responseTime,1678217731,742.110872,,,,,,,,,contacts,,,,,,,
data_sent,1678217731,2088.000000,,,,,,,,,contacts,,,,,,,
data_received,1678217731,199.000000,,,,,,,,,contacts,,,,,,,
iteration_duration,1678217731,746.714691,,,,,,,,,contacts,,,,,,,
iterations,1678217731,1.000000,,,,,,,,,contacts,,,,,,,
http_reqs,1678217731,1.000000,,,,true,,POST,http://20.210.36.32:8080/prediction/knn,HTTP/1.1,contacts,,200,,,http://20.210.36.32:8080/prediction/knn,,
http_req_duration,1678217731,758.451539,,,,true,,POST,http://20.210.36.32:8080/prediction/knn,HTTP/1.1,contacts,,200,,,http://20.210.36.32:8080/prediction/knn,,
http_req_blocked,1678217731,3.595615,,,,true,,POST,http://20.210.36.32:8080/prediction/knn,HTTP/1.1,contacts,,200,,,http://20.210.36.32:8080/prediction/knn,,
http_req_connecting,1678217731,3.537715,,,,true,,POST,http://20.210.36.32:8080/prediction/knn,HTTP/1.1,contacts,,200,,,http://20.210.36.32:8080/prediction/knn,,
http_req_tls_handshaking,1678217731,0.000000,,,,true,,POST,http://20.210.36.32:8080/prediction/knn,HTTP/1.1,contacts,,200,,,http://20.210.36.32:8080/prediction/knn,,
http_req_sending,1678217731,0.054000,,,,true,,POST,http://20.210.36.32:8080/prediction/knn,HTTP/1.1,contacts,,200,,,http://20.210.36.32:8080/prediction/knn,,
http_req_waiting,1678217731,758.339438,,,,true,,POST,http://20.210.36.32:8080/prediction/knn,HTTP/1.1,contacts,,200,,,http://20.210.36.32:8080/prediction/knn,,
http_req_receiving,1678217731,0.058101,,,,true,,POST,http://20.210.36.32:8080/prediction/knn,HTTP/1.1,contacts,,200,,,http://20.210.36.32:8080/prediction/knn,,
http_req_failed,1678217731,0.000000,,,,true,,POST,http://20.210.36.32:8080/prediction/knn,HTTP/1.1,contacts,,200,,,http://20.210.36.32:8080/prediction/knn,,
responseTime,1678217731,758.451539,,,,,,,,,contacts,,,,,,,
data_sent,1678217731,2088.000000,,,,,,,,,contacts,,,,,,,
data_received,1678217731,199.000000,,,,,,,,,contacts,,,,,,,
iteration_duration,1678217731,762.701157,,,,,,,,,contacts,,,,,,,
iterations,1678217731,1.000000,,,,,,,,,contacts,,,,,,,
http_reqs,1678217731,1.000000,,,,true,,POST,http://20.210.36.32:8080/prediction/knn,HTTP/1.1,contacts,,200,,,http://20.210.36.32:8080/prediction/knn,,
http_req_duration,1678217731,573.521273,,,,true,,POST,http://20.210.36.32:8080/prediction/knn,HTTP/1.1,contacts,,200,,,http://20.210.36.32:8080/prediction/knn,,
http_req_blocked,1678217731,4.255418,,,,true,,POST,http://20.210.36.32:8080/prediction/knn,HTTP/1.1,contacts,,200,,,http://20.210.36.32:8080/prediction/knn,,
http_req_connecting,1678217731,4.178518,,,,true,,POST,http://20.210.36.32:8080/prediction/knn,HTTP/1.1,contacts,,200,,,http://20.210.36.32:8080/prediction/knn,,
http_req_tls_handshaking,1678217731,0.000000,,,,true,,POST,http://20.210.36.32:8080/prediction/knn,HTTP/1.1,contacts,,200,,,http://20.210.36.32:8080/prediction/knn,,
http_req_sending,1678217731,0.060900,,,,true,,POST,http://20.210.36.32:8080/prediction/knn,HTTP/1.1,contacts,,200,,,http://20.210.36.32:8080/prediction/knn,,
http_req_waiting,1678217731,573.365473,,,,true,,POST,http://20.210.36.32:8080/prediction/knn,HTTP/1.1,contacts,,200,,,http://20.210.36.32:8080/prediction/knn,,
http_req_receiving,1678217731,0.094900,,,,true,,POST,http://20.210.36.32:8080/prediction/knn,HTTP/1.1,contacts,,200,,,http://20.210.36.32:8080/prediction/knn,,
http_req_failed,1678217731,0.000000,,,,true,,POST,http://20.210.36.32:8080/prediction/knn,HTTP/1.1,contacts,,200,,,http://20.210.36.32:8080/prediction/knn,,
responseTime,1678217731,573.521273,,,,,,,,,contacts,,,,,,,
data_sent,1678217731,2088.000000,,,,,,,,,contacts,,,,,,,
data_received,1678217731,199.000000,,,,,,,,,contacts,,,,,,,
iteration_duration,1678217731,578.184793,,,,,,,,,contacts,,,,,,,
iterations,1678217731,1.000000,,,,,,,,,contacts,,,,,,,
data_sent,1678217731,2088.000000,,,,,,,,,contacts,,,,,,,
data_received,1678217731,0.000000,,,,,,,,,contacts,,,,,,,
http_reqs,1678217732,1.000000,,,,true,,POST,http://20.210.36.32:8080/prediction/knn,HTTP/1.1,contacts,,200,,,http://20.210.36.32:8080/prediction/knn,,
http_req_duration,1678217732,761.389851,,,,true,,POST,http://20.210.36.32:8080/prediction/knn,HTTP/1.1,contacts,,200,,,http://20.210.36.32:8080/prediction/knn,,
http_req_blocked,1678217732,4.617919,,,,true,,POST,http://20.210.36.32:8080/prediction/knn,HTTP/1.1,contacts,,200,,,http://20.210.36.32:8080/prediction/knn,,
http_req_connecting,1678217732,4.526319,,,,true,,POST,http://20.210.36.32:8080/prediction/knn,HTTP/1.1,contacts,,200,,,http://20.210.36.32:8080/prediction/knn,,
http_req_tls_handshaking,1678217732,0.000000,,,,true,,POST,http://20.210.36.32:8080/prediction/knn,HTTP/1.1,contacts,,200,,,http://20.210.36.32:8080/prediction/knn,,
http_req_sending,1678217732,0.053900,,,,true,,POST,http://20.210.36.32:8080/prediction/knn,HTTP/1.1,contacts,,200,,,http://20.210.36.32:8080/prediction/knn,,
http_req_waiting,1678217732,753.532519,,,,true,,POST,http://20.210.36.32:8080/prediction/knn,HTTP/1.1,contacts,,200,,,http://20.210.36.32:8080/prediction/knn,,
http_req_receiving,1678217732,7.803432,,,,true,,POST,http://20.210.36.32:8080/prediction/knn,HTTP/1.1,contacts,,200,,,http://20.210.36.32:8080/prediction/knn,,
http_req_failed,1678217732,0.000000,,,,true,,POST,http://20.210.36.32:8080/prediction/knn,HTTP/1.1,contacts,,200,,,http://20.210.36.32:8080/prediction/knn,,
responseTime,1678217732,761.389851,,,,,,,,,contacts,,,,,,,
data_sent,1678217732,2088.000000,,,,,,,,,contacts,,,,,,,
data_received,1678217732,199.000000,,,,,,,,,contacts,,,,,,,
iteration_duration,1678217732,766.409972,,,,,,,,,contacts,,,,,,,
iterations,1678217732,1.000000,,,,,,,,,contacts,,,,,,,
data_sent,1678217732,2088.000000,,,,,,,,,contacts,,,,,,,
data_received,1678217732,0.000000,,,,,,,,,contacts,,,,,,,
http_reqs,1678217732,1.000000,,,,true,,POST,http://20.210.36.32:8080/prediction/knn,HTTP/1.1,contacts,,200,,,http://20.210.36.32:8080/prediction/knn,,
http_req_duration,1678217732,782.731939,,,,true,,POST,http://20.210.36.32:8080/prediction/knn,HTTP/1.1,contacts,,200,,,http://20.210.36.32:8080/prediction/knn,,
http_req_blocked,1678217732,5.268722,,,,true,,POST,http://20.210.36.32:8080/prediction/knn,HTTP/1.1,contacts,,200,,,http://20.210.36.32:8080/prediction/knn,,
http_req_connecting,1678217732,5.171722,,,,true,,POST,http://20.210.36.32:8080/prediction/knn,HTTP/1.1,contacts,,200,,,http://20.210.36.32:8080/prediction/knn,,
http_req_tls_handshaking,1678217732,0.000000,,,,true,,POST,http://20.210.36.32:8080/prediction/knn,HTTP/1.1,contacts,,200,,,http://20.210.36.32:8080/prediction/knn,,
http_req_sending,1678217732,0.090800,,,,true,,POST,http://20.210.36.32:8080/prediction/knn,HTTP/1.1,contacts,,200,,,http://20.210.36.32:8080/prediction/knn,,
http_req_waiting,1678217732,782.434839,,,,true,,POST,http://20.210.36.32:8080/prediction/knn,HTTP/1.1,contacts,,200,,,http://20.210.36.32:8080/prediction/knn,,
http_req_receiving,1678217732,0.206300,,,,true,,POST,http://20.210.36.32:8080/prediction/knn,HTTP/1.1,contacts,,200,,,http://20.210.36.32:8080/prediction/knn,,
http_req_failed,1678217732,0.000000,,,,true,,POST,http://20.210.36.32:8080/prediction/knn,HTTP/1.1,contacts,,200,,,http://20.210.36.32:8080/prediction/knn,,
responseTime,1678217732,782.731939,,,,,,,,,contacts,,,,,,,
data_sent,1678217732,2088.000000,,,,,,,,,contacts,,,,,,,
data_received,1678217732,199.000000,,,,,,,,,contacts,,,,,,,
iteration_duration,1678217732,788.597563,,,,,,,,,contacts,,,,,,,
iterations,1678217732,1.000000,,,,,,,,,contacts,,,,,,,
http_reqs,1678217732,1.000000,,,,true,,POST,http://20.210.36.32:8080/prediction/knn,HTTP/1.1,contacts,,200,,,http://20.210.36.32:8080/prediction/knn,,
http_req_duration,1678217732,857.757650,,,,true,,POST,http://20.210.36.32:8080/prediction/knn,HTTP/1.1,contacts,,200,,,http://20.210.36.32:8080/prediction/knn,,
http_req_blocked,1678217732,3.597115,,,,true,,POST,http://20.210.36.32:8080/prediction/knn,HTTP/1.1,contacts,,200,,,http://20.210.36.32:8080/prediction/knn,,
http_req_connecting,1678217732,3.506115,,,,true,,POST,http://20.210.36.32:8080/prediction/knn,HTTP/1.1,contacts,,200,,,http://20.210.36.32:8080/prediction/knn,,
http_req_tls_handshaking,1678217732,0.000000,,,,true,,POST,http://20.210.36.32:8080/prediction/knn,HTTP/1.1,contacts,,200,,,http://20.210.36.32:8080/prediction/knn,,
http_req_sending,1678217732,0.150900,,,,true,,POST,http://20.210.36.32:8080/prediction/knn,HTTP/1.1,contacts,,200,,,http://20.210.36.32:8080/prediction/knn,,
http_req_waiting,1678217732,857.308349,,,,true,,POST,http://20.210.36.32:8080/prediction/knn,HTTP/1.1,contacts,,200,,,http://20.210.36.32:8080/prediction/knn,,
http_req_receiving,1678217732,0.298401,,,,true,,POST,http://20.210.36.32:8080/prediction/knn,HTTP/1.1,contacts,,200,,,http://20.210.36.32:8080/prediction/knn,,
http_req_failed,1678217732,0.000000,,,,true,,POST,http://20.210.36.32:8080/prediction/knn,HTTP/1.1,contacts,,200,,,http://20.210.36.32:8080/prediction/knn,,
responseTime,1678217732,857.757650,,,,,,,,,contacts,,,,,,,
data_sent,1678217732,2088.000000,,,,,,,,,contacts,,,,,,,
data_received,1678217732,199.000000,,,,,,,,,contacts,,,,,,,
iteration_duration,1678217732,861.687966,,,,,,,,,contacts,,,,,,,
iterations,1678217732,1.000000,,,,,,,,,contacts,,,,,,,
data_sent,1678217732,2088.000000,,,,,,,,,contacts,,,,,,,
data_received,1678217732,0.000000,,,,,,,,,contacts,,,,,,,
http_reqs,1678217732,1.000000,,,,true,,POST,http://20.210.36.32:8080/prediction/knn,HTTP/1.1,contacts,,200,,,http://20.210.36.32:8080/prediction/knn,,
http_req_duration,1678217732,895.197205,,,,true,,POST,http://20.210.36.32:8080/prediction/knn,HTTP/1.1,contacts,,200,,,http://20.210.36.32:8080/prediction/knn,,
http_req_blocked,1678217732,3.661215,,,,true,,POST,http://20.210.36.32:8080/prediction/knn,HTTP/1.1,contacts,,200,,,http://20.210.36.32:8080/prediction/knn,,
http_req_connecting,1678217732,3.587415,,,,true,,POST,http://20.210.36.32:8080/prediction/knn,HTTP/1.1,contacts,,200,,,http://20.210.36.32:8080/prediction/knn,,
http_req_tls_handshaking,1678217732,0.000000,,,,true,,POST,http://20.210.36.32:8080/prediction/knn,HTTP/1.1,contacts,,200,,,http://20.210.36.32:8080/prediction/knn,,
http_req_sending,1678217732,0.060600,,,,true,,POST,http://20.210.36.32:8080/prediction/knn,HTTP/1.1,contacts,,200,,,http://20.210.36.32:8080/prediction/knn,,
http_req_waiting,1678217732,895.062405,,,,true,,POST,http://20.210.36.32:8080/prediction/knn,HTTP/1.1,contacts,,200,,,http://20.210.36.32:8080/prediction/knn,,
http_req_receiving,1678217732,0.074200,,,,true,,POST,http://20.210.36.32:8080/prediction/knn,HTTP/1.1,contacts,,200,,,http://20.210.36.32:8080/prediction/knn,,
http_req_failed,1678217732,0.000000,,,,true,,POST,http://20.210.36.32:8080/prediction/knn,HTTP/1.1,contacts,,200,,,http://20.210.36.32:8080/prediction/knn,,
responseTime,1678217732,895.197205,,,,,,,,,contacts,,,,,,,
data_sent,1678217732,2088.000000,,,,,,,,,contacts,,,,,,,
data_received,1678217732,199.000000,,,,,,,,,contacts,,,,,,,
iteration_duration,1678217732,899.265122,,,,,,,,,contacts,,,,,,,
iterations,1678217732,1.000000,,,,,,,,,contacts,,,,,,,
http_reqs,1678217732,1.000000,,,,true,,POST,http://20.210.36.32:8080/prediction/knn,HTTP/1.1,contacts,,200,,,http://20.210.36.32:8080/prediction/knn,,
http_req_duration,1678217732,992.421207,,,,true,,POST,http://20.210.36.32:8080/prediction/knn,HTTP/1.1,contacts,,200,,,http://20.210.36.32:8080/prediction/knn,,
http_req_blocked,1678217732,4.018417,,,,true,,POST,http://20.210.36.32:8080/prediction/knn,HTTP/1.1,contacts,,200,,,http://20.210.36.32:8080/prediction/knn,,
http_req_connecting,1678217732,3.951816,,,,true,,POST,http://20.210.36.32:8080/prediction/knn,HTTP/1.1,contacts,,200,,,http://20.210.36.32:8080/prediction/knn,,
http_req_tls_handshaking,1678217732,0.000000,,,,true,,POST,http://20.210.36.32:8080/prediction/knn,HTTP/1.1,contacts,,200,,,http://20.210.36.32:8080/prediction/knn,,
http_req_sending,1678217732,0.075600,,,,true,,POST,http://20.210.36.32:8080/prediction/knn,HTTP/1.1,contacts,,200,,,http://20.210.36.32:8080/prediction/knn,,
http_req_waiting,1678217732,992.234207,,,,true,,POST,http://20.210.36.32:8080/prediction/knn,HTTP/1.1,contacts,,200,,,http://20.210.36.32:8080/prediction/knn,,
http_req_receiving,1678217732,0.111400,,,,true,,POST,http://20.210.36.32:8080/prediction/knn,HTTP/1.1,contacts,,200,,,http://20.210.36.32:8080/prediction/knn,,
http_req_failed,1678217732,0.000000,,,,true,,POST,http://20.210.36.32:8080/prediction/knn,HTTP/1.1,contacts,,200,,,http://20.210.36.32:8080/prediction/knn,,
responseTime,1678217732,992.421207,,,,,,,,,contacts,,,,,,,
data_sent,1678217732,2088.000000,,,,,,,,,contacts,,,,,,,
data_received,1678217732,199.000000,,,,,,,,,contacts,,,,,,,
iteration_duration,1678217732,996.969427,,,,,,,,,contacts,,,,,,,
iterations,1678217732,1.000000,,,,,,,,,contacts,,,,,,,
http_reqs,1678217732,1.000000,,,,true,,POST,http://20.210.36.32:8080/prediction/knn,HTTP/1.1,contacts,,200,,,http://20.210.36.32:8080/prediction/knn,,
http_req_duration,1678217732,810.780656,,,,true,,POST,http://20.210.36.32:8080/prediction/knn,HTTP/1.1,contacts,,200,,,http://20.210.36.32:8080/prediction/knn,,
http_req_blocked,1678217732,4.363319,,,,true,,POST,http://20.210.36.32:8080/prediction/knn,HTTP/1.1,contacts,,200,,,http://20.210.36.32:8080/prediction/knn,,
http_req_connecting,1678217732,4.286017,,,,true,,POST,http://20.210.36.32:8080/prediction/knn,HTTP/1.1,contacts,,200,,,http://20.210.36.32:8080/prediction/knn,,
http_req_tls_handshaking,1678217732,0.000000,,,,true,,POST,http://20.210.36.32:8080/prediction/knn,HTTP/1.1,contacts,,200,,,http://20.210.36.32:8080/prediction/knn,,
http_req_sending,1678217732,0.069701,,,,true,,POST,http://20.210.36.32:8080/prediction/knn,HTTP/1.1,contacts,,200,,,http://20.210.36.32:8080/prediction/knn,,
http_req_waiting,1678217732,810.636655,,,,true,,POST,http://20.210.36.32:8080/prediction/knn,HTTP/1.1,contacts,,200,,,http://20.210.36.32:8080/prediction/knn,,
http_req_receiving,1678217732,0.074300,,,,true,,POST,http://20.210.36.32:8080/prediction/knn,HTTP/1.1,contacts,,200,,,http://20.210.36.32:8080/prediction/knn,,
http_req_failed,1678217732,0.000000,,,,true,,POST,http://20.210.36.32:8080/prediction/knn,HTTP/1.1,contacts,,200,,,http://20.210.36.32:8080/prediction/knn,,
responseTime,1678217732,810.780656,,,,,,,,,contacts,,,,,,,
data_sent,1678217732,2088.000000,,,,,,,,,contacts,,,,,,,
data_received,1678217732,199.000000,,,,,,,,,contacts,,,,,,,
iteration_duration,1678217732,815.808177,,,,,,,,,contacts,,,,,,,
iterations,1678217732,1.000000,,,,,,,,,contacts,,,,,,,
http_reqs,1678217732,1.000000,,,,true,,POST,http://20.210.36.32:8080/prediction/knn,HTTP/1.1,contacts,,200,,,http://20.210.36.32:8080/prediction/knn,,
http_req_duration,1678217732,810.690655,,,,true,,POST,http://20.210.36.32:8080/prediction/knn,HTTP/1.1,contacts,,200,,,http://20.210.36.32:8080/prediction/knn,,
http_req_blocked,1678217732,3.623415,,,,true,,POST,http://20.210.36.32:8080/prediction/knn,HTTP/1.1,contacts,,200,,,http://20.210.36.32:8080/prediction/knn,,
http_req_connecting,1678217732,3.570015,,,,true,,POST,http://20.210.36.32:8080/prediction/knn,HTTP/1.1,contacts,,200,,,http://20.210.36.32:8080/prediction/knn,,
http_req_tls_handshaking,1678217732,0.000000,,,,true,,POST,http://20.210.36.32:8080/prediction/knn,HTTP/1.1,contacts,,200,,,http://20.210.36.32:8080/prediction/knn,,
http_req_sending,1678217732,0.057300,,,,true,,POST,http://20.210.36.32:8080/prediction/knn,HTTP/1.1,contacts,,200,,,http://20.210.36.32:8080/prediction/knn,,
http_req_waiting,1678217732,810.543955,,,,true,,POST,http://20.210.36.32:8080/prediction/knn,HTTP/1.1,contacts,,200,,,http://20.210.36.32:8080/prediction/knn,,
http_req_receiving,1678217732,0.089400,,,,true,,POST,http://20.210.36.32:8080/prediction/knn,HTTP/1.1,contacts,,200,,,http://20.210.36.32:8080/prediction/knn,,
http_req_failed,1678217732,0.000000,,,,true,,POST,http://20.210.36.32:8080/prediction/knn,HTTP/1.1,contacts,,200,,,http://20.210.36.32:8080/prediction/knn,,
responseTime,1678217732,810.690655,,,,,,,,,contacts,,,,,,,
data_sent,1678217732,2088.000000,,,,,,,,,contacts,,,,,,,
data_received,1678217732,199.000000,,,,,,,,,contacts,,,,,,,
iteration_duration,1678217732,814.863072,,,,,,,,,contacts,,,,,,,
iterations,1678217732,1.000000,,,,,,,,,contacts,,,,,,,
http_reqs,1678217732,1.000000,,,,true,,POST,http://20.210.36.32:8080/prediction/knn,HTTP/1.1,contacts,,200,,,http://20.210.36.32:8080/prediction/knn,,
http_req_duration,1678217732,773.367001,,,,true,,POST,http://20.210.36.32:8080/prediction/knn,HTTP/1.1,contacts,,200,,,http://20.210.36.32:8080/prediction/knn,,
http_req_blocked,1678217732,2.526811,,,,true,,POST,http://20.210.36.32:8080/prediction/knn,HTTP/1.1,contacts,,200,,,http://20.210.36.32:8080/prediction/knn,,
http_req_connecting,1678217732,2.207109,,,,true,,POST,http://20.210.36.32:8080/prediction/knn,HTTP/1.1,contacts,,200,,,http://20.210.36.32:8080/prediction/knn,,
http_req_tls_handshaking,1678217732,0.000000,,,,true,,POST,http://20.210.36.32:8080/prediction/knn,HTTP/1.1,contacts,,200,,,http://20.210.36.32:8080/prediction/knn,,
http_req_sending,1678217732,0.074200,,,,true,,POST,http://20.210.36.32:8080/prediction/knn,HTTP/1.1,contacts,,200,,,http://20.210.36.32:8080/prediction/knn,,
http_req_waiting,1678217732,772.501297,,,,true,,POST,http://20.210.36.32:8080/prediction/knn,HTTP/1.1,contacts,,200,,,http://20.210.36.32:8080/prediction/knn,,
http_req_receiving,1678217732,0.791504,,,,true,,POST,http://20.210.36.32:8080/prediction/knn,HTTP/1.1,contacts,,200,,,http://20.210.36.32:8080/prediction/knn,,
http_req_failed,1678217732,0.000000,,,,true,,POST,http://20.210.36.32:8080/prediction/knn,HTTP/1.1,contacts,,200,,,http://20.210.36.32:8080/prediction/knn,,
http_reqs,1678217732,1.000000,,,,true,,POST,http://20.210.36.32:8080/prediction/knn,HTTP/1.1,contacts,,200,,,http://20.210.36.32:8080/prediction/knn,,
http_req_duration,1678217732,850.987922,,,,true,,POST,http://20.210.36.32:8080/prediction/knn,HTTP/1.1,contacts,,200,,,http://20.210.36.32:8080/prediction/knn,,
http_req_blocked,1678217732,4.223118,,,,true,,POST,http://20.210.36.32:8080/prediction/knn,HTTP/1.1,contacts,,200,,,http://20.210.36.32:8080/prediction/knn,,
http_req_connecting,1678217732,4.145517,,,,true,,POST,http://20.210.36.32:8080/prediction/knn,HTTP/1.1,contacts,,200,,,http://20.210.36.32:8080/prediction/knn,,
http_req_tls_handshaking,1678217732,0.000000,,,,true,,POST,http://20.210.36.32:8080/prediction/knn,HTTP/1.1,contacts,,200,,,http://20.210.36.32:8080/prediction/knn,,
http_req_sending,1678217732,0.056200,,,,true,,POST,http://20.210.36.32:8080/prediction/knn,HTTP/1.1,contacts,,200,,,http://20.210.36.32:8080/prediction/knn,,
http_req_waiting,1678217732,848.964614,,,,true,,POST,http://20.210.36.32:8080/prediction/knn,HTTP/1.1,contacts,,200,,,http://20.210.36.32:8080/prediction/knn,,
http_req_receiving,1678217732,1.967108,,,,true,,POST,http://20.210.36.32:8080/prediction/knn,HTTP/1.1,contacts,,200,,,http://20.210.36.32:8080/prediction/knn,,
http_req_failed,1678217732,0.000000,,,,true,,POST,http://20.210.36.32:8080/prediction/knn,HTTP/1.1,contacts,,200,,,http://20.210.36.32:8080/prediction/knn,,
responseTime,1678217732,773.367001,,,,,,,,,contacts,,,,,,,
data_sent,1678217732,2088.000000,,,,,,,,,contacts,,,,,,,
data_received,1678217732,199.000000,,,,,,,,,contacts,,,,,,,
iteration_duration,1678217732,776.483814,,,,,,,,,contacts,,,,,,,
iterations,1678217732,1.000000,,,,,,,,,contacts,,,,,,,
responseTime,1678217732,850.987922,,,,,,,,,contacts,,,,,,,
data_sent,1678217732,2088.000000,,,,,,,,,contacts,,,,,,,
data_received,1678217732,199.000000,,,,,,,,,contacts,,,,,,,
iteration_duration,1678217732,856.050043,,,,,,,,,contacts,,,,,,,
iterations,1678217732,1.000000,,,,,,,,,contacts,,,,,,,
http_reqs,1678217732,1.000000,,,,true,,POST,http://20.210.36.32:8080/prediction/knn,HTTP/1.1,contacts,,200,,,http://20.210.36.32:8080/prediction/knn,,
http_req_duration,1678217732,803.626726,,,,true,,POST,http://20.210.36.32:8080/prediction/knn,HTTP/1.1,contacts,,200,,,http://20.210.36.32:8080/prediction/knn,,
http_req_blocked,1678217732,3.915317,,,,true,,POST,http://20.210.36.32:8080/prediction/knn,HTTP/1.1,contacts,,200,,,http://20.210.36.32:8080/prediction/knn,,
http_req_connecting,1678217732,3.852916,,,,true,,POST,http://20.210.36.32:8080/prediction/knn,HTTP/1.1,contacts,,200,,,http://20.210.36.32:8080/prediction/knn,,
http_req_tls_handshaking,1678217732,0.000000,,,,true,,POST,http://20.210.36.32:8080/prediction/knn,HTTP/1.1,contacts,,200,,,http://20.210.36.32:8080/prediction/knn,,
http_req_sending,1678217732,0.053001,,,,true,,POST,http://20.210.36.32:8080/prediction/knn,HTTP/1.1,contacts,,200,,,http://20.210.36.32:8080/prediction/knn,,
http_req_waiting,1678217732,803.384325,,,,true,,POST,http://20.210.36.32:8080/prediction/knn,HTTP/1.1,contacts,,200,,,http://20.210.36.32:8080/prediction/knn,,
http_req_receiving,1678217732,0.189400,,,,true,,POST,http://20.210.36.32:8080/prediction/knn,HTTP/1.1,contacts,,200,,,http://20.210.36.32:8080/prediction/knn,,
http_req_failed,1678217732,0.000000,,,,true,,POST,http://20.210.36.32:8080/prediction/knn,HTTP/1.1,contacts,,200,,,http://20.210.36.32:8080/prediction/knn,,
responseTime,1678217732,803.626726,,,,,,,,,contacts,,,,,,,
data_sent,1678217732,2088.000000,,,,,,,,,contacts,,,,,,,
data_received,1678217732,199.000000,,,,,,,,,contacts,,,,,,,
iteration_duration,1678217732,807.946044,,,,,,,,,contacts,,,,,,,
iterations,1678217732,1.000000,,,,,,,,,contacts,,,,,,,
data_sent,1678217732,2088.000000,,,,,,,,,contacts,,,,,,,
data_received,1678217732,0.000000,,,,,,,,,contacts,,,,,,,
http_reqs,1678217732,1.000000,,,,true,,POST,http://20.210.36.32:8080/prediction/knn,HTTP/1.1,contacts,,200,,,http://20.210.36.32:8080/prediction/knn,,
http_req_duration,1678217732,772.764498,,,,true,,POST,http://20.210.36.32:8080/prediction/knn,HTTP/1.1,contacts,,200,,,http://20.210.36.32:8080/prediction/knn,,
http_req_blocked,1678217732,2.396310,,,,true,,POST,http://20.210.36.32:8080/prediction/knn,HTTP/1.1,contacts,,200,,,http://20.210.36.32:8080/prediction/knn,,
http_req_connecting,1678217732,2.334010,,,,true,,POST,http://20.210.36.32:8080/prediction/knn,HTTP/1.1,contacts,,200,,,http://20.210.36.32:8080/prediction/knn,,
http_req_tls_handshaking,1678217732,0.000000,,,,true,,POST,http://20.210.36.32:8080/prediction/knn,HTTP/1.1,contacts,,200,,,http://20.210.36.32:8080/prediction/knn,,
http_req_sending,1678217732,0.041000,,,,true,,POST,http://20.210.36.32:8080/prediction/knn,HTTP/1.1,contacts,,200,,,http://20.210.36.32:8080/prediction/knn,,
http_req_waiting,1678217732,772.462697,,,,true,,POST,http://20.210.36.32:8080/prediction/knn,HTTP/1.1,contacts,,200,,,http://20.210.36.32:8080/prediction/knn,,
http_req_receiving,1678217732,0.260801,,,,true,,POST,http://20.210.36.32:8080/prediction/knn,HTTP/1.1,contacts,,200,,,http://20.210.36.32:8080/prediction/knn,,
http_req_failed,1678217732,0.000000,,,,true,,POST,http://20.210.36.32:8080/prediction/knn,HTTP/1.1,contacts,,200,,,http://20.210.36.32:8080/prediction/knn,,
responseTime,1678217732,772.764498,,,,,,,,,contacts,,,,,,,
data_sent,1678217732,2088.000000,,,,,,,,,contacts,,,,,,,
data_received,1678217732,199.000000,,,,,,,,,contacts,,,,,,,
iteration_duration,1678217732,775.702811,,,,,,,,,contacts,,,,,,,
iterations,1678217732,1.000000,,,,,,,,,contacts,,,,,,,
http_reqs,1678217732,1.000000,,,,true,,POST,http://20.210.36.32:8080/prediction/knn,HTTP/1.1,contacts,,200,,,http://20.210.36.32:8080/prediction/knn,,
http_req_duration,1678217732,500.584672,,,,true,,POST,http://20.210.36.32:8080/prediction/knn,HTTP/1.1,contacts,,200,,,http://20.210.36.32:8080/prediction/knn,,
http_req_blocked,1678217732,2.854312,,,,true,,POST,http://20.210.36.32:8080/prediction/knn,HTTP/1.1,contacts,,200,,,http://20.210.36.32:8080/prediction/knn,,
http_req_connecting,1678217732,2.789011,,,,true,,POST,http://20.210.36.32:8080/prediction/knn,HTTP/1.1,contacts,,200,,,http://20.210.36.32:8080/prediction/knn,,
http_req_tls_handshaking,1678217732,0.000000,,,,true,,POST,http://20.210.36.32:8080/prediction/knn,HTTP/1.1,contacts,,200,,,http://20.210.36.32:8080/prediction/knn,,
http_req_sending,1678217732,0.041100,,,,true,,POST,http://20.210.36.32:8080/prediction/knn,HTTP/1.1,contacts,,200,,,http://20.210.36.32:8080/prediction/knn,,
http_req_waiting,1678217732,500.182170,,,,true,,POST,http://20.210.36.32:8080/prediction/knn,HTTP/1.1,contacts,,200,,,http://20.210.36.32:8080/prediction/knn,,
http_req_receiving,1678217732,0.361402,,,,true,,POST,http://20.210.36.32:8080/prediction/knn,HTTP/1.1,contacts,,200,,,http://20.210.36.32:8080/prediction/knn,,
http_req_failed,1678217732,0.000000,,,,true,,POST,http://20.210.36.32:8080/prediction/knn,HTTP/1.1,contacts,,200,,,http://20.210.36.32:8080/prediction/knn,,
responseTime,1678217732,500.584672,,,,,,,,,contacts,,,,,,,
data_sent,1678217732,2088.000000,,,,,,,,,contacts,,,,,,,
data_received,1678217732,199.000000,,,,,,,,,contacts,,,,,,,
iteration_duration,1678217732,503.791885,,,,,,,,,contacts,,,,,,,
iterations,1678217732,1.000000,,,,,,,,,contacts,,,,,,,
http_reqs,1678217732,1.000000,,,,true,,POST,http://20.210.36.32:8080/prediction/knn,HTTP/1.1,contacts,,200,,,http://20.210.36.32:8080/prediction/knn,,
http_req_duration,1678217732,680.886618,,,,true,,POST,http://20.210.36.32:8080/prediction/knn,HTTP/1.1,contacts,,200,,,http://20.210.36.32:8080/prediction/knn,,
http_req_blocked,1678217732,3.243513,,,,true,,POST,http://20.210.36.32:8080/prediction/knn,HTTP/1.1,contacts,,200,,,http://20.210.36.32:8080/prediction/knn,,
http_req_connecting,1678217732,3.180813,,,,true,,POST,http://20.210.36.32:8080/prediction/knn,HTTP/1.1,contacts,,200,,,http://20.210.36.32:8080/prediction/knn,,
http_req_tls_handshaking,1678217732,0.000000,,,,true,,POST,http://20.210.36.32:8080/prediction/knn,HTTP/1.1,contacts,,200,,,http://20.210.36.32:8080/prediction/knn,,
http_req_sending,1678217732,0.042001,,,,true,,POST,http://20.210.36.32:8080/prediction/knn,HTTP/1.1,contacts,,200,,,http://20.210.36.32:8080/prediction/knn,,
http_req_waiting,1678217732,680.759717,,,,true,,POST,http://20.210.36.32:8080/prediction/knn,HTTP/1.1,contacts,,200,,,http://20.210.36.32:8080/prediction/knn,,
http_req_receiving,1678217732,0.084900,,,,true,,POST,http://20.210.36.32:8080/prediction/knn,HTTP/1.1,contacts,,200,,,http://20.210.36.32:8080/prediction/knn,,
http_req_failed,1678217732,0.000000,,,,true,,POST,http://20.210.36.32:8080/prediction/knn,HTTP/1.1,contacts,,200,,,http://20.210.36.32:8080/prediction/knn,,
responseTime,1678217732,680.886618,,,,,,,,,contacts,,,,,,,
data_sent,1678217732,2088.000000,,,,,,,,,contacts,,,,,,,
data_received,1678217732,199.000000,,,,,,,,,contacts,,,,,,,
iteration_duration,1678217732,684.768634,,,,,,,,,contacts,,,,,,,
iterations,1678217732,1.000000,,,,,,,,,contacts,,,,,,,
http_reqs,1678217732,1.000000,,,,true,,POST,http://20.210.36.32:8080/prediction/knn,HTTP/1.1,contacts,,200,,,http://20.210.36.32:8080/prediction/knn,,
http_req_duration,1678217732,579.170797,,,,true,,POST,http://20.210.36.32:8080/prediction/knn,HTTP/1.1,contacts,,200,,,http://20.210.36.32:8080/prediction/knn,,
http_req_blocked,1678217732,2.373210,,,,true,,POST,http://20.210.36.32:8080/prediction/knn,HTTP/1.1,contacts,,200,,,http://20.210.36.32:8080/prediction/knn,,
http_req_connecting,1678217732,2.301609,,,,true,,POST,http://20.210.36.32:8080/prediction/knn,HTTP/1.1,contacts,,200,,,http://20.210.36.32:8080/prediction/knn,,
http_req_tls_handshaking,1678217732,0.000000,,,,true,,POST,http://20.210.36.32:8080/prediction/knn,HTTP/1.1,contacts,,200,,,http://20.210.36.32:8080/prediction/knn,,
http_req_sending,1678217732,0.132301,,,,true,,POST,http://20.210.36.32:8080/prediction/knn,HTTP/1.1,contacts,,200,,,http://20.210.36.32:8080/prediction/knn,,
http_req_waiting,1678217732,578.908796,,,,true,,POST,http://20.210.36.32:8080/prediction/knn,HTTP/1.1,contacts,,200,,,http://20.210.36.32:8080/prediction/knn,,
http_req_receiving,1678217732,0.129700,,,,true,,POST,http://20.210.36.32:8080/prediction/knn,HTTP/1.1,contacts,,200,,,http://20.210.36.32:8080/prediction/knn,,
http_req_failed,1678217732,0.000000,,,,true,,POST,http://20.210.36.32:8080/prediction/knn,HTTP/1.1,contacts,,200,,,http://20.210.36.32:8080/prediction/knn,,
responseTime,1678217732,579.170797,,,,,,,,,contacts,,,,,,,
data_sent,1678217732,2088.000000,,,,,,,,,contacts,,,,,,,
data_received,1678217732,199.000000,,,,,,,,,contacts,,,,,,,
iteration_duration,1678217732,582.013309,,,,,,,,,contacts,,,,,,,
iterations,1678217732,1.000000,,,,,,,,,contacts,,,,,,,
http_reqs,1678217732,1.000000,,,,true,,POST,http://20.210.36.32:8080/prediction/knn,HTTP/1.1,contacts,,200,,,http://20.210.36.32:8080/prediction/knn,,
http_req_duration,1678217732,774.419505,,,,true,,POST,http://20.210.36.32:8080/prediction/knn,HTTP/1.1,contacts,,200,,,http://20.210.36.32:8080/prediction/knn,,
http_req_blocked,1678217732,2.119809,,,,true,,POST,http://20.210.36.32:8080/prediction/knn,HTTP/1.1,contacts,,200,,,http://20.210.36.32:8080/prediction/knn,,
http_req_connecting,1678217732,2.059509,,,,true,,POST,http://20.210.36.32:8080/prediction/knn,HTTP/1.1,contacts,,200,,,http://20.210.36.32:8080/prediction/knn,,
http_req_tls_handshaking,1678217732,0.000000,,,,true,,POST,http://20.210.36.32:8080/prediction/knn,HTTP/1.1,contacts,,200,,,http://20.210.36.32:8080/prediction/knn,,
http_req_sending,1678217732,0.119500,,,,true,,POST,http://20.210.36.32:8080/prediction/knn,HTTP/1.1,contacts,,200,,,http://20.210.36.32:8080/prediction/knn,,
http_req_waiting,1678217732,774.184305,,,,true,,POST,http://20.210.36.32:8080/prediction/knn,HTTP/1.1,contacts,,200,,,http://20.210.36.32:8080/prediction/knn,,
http_req_receiving,1678217732,0.115700,,,,true,,POST,http://20.210.36.32:8080/prediction/knn,HTTP/1.1,contacts,,200,,,http://20.210.36.32:8080/prediction/knn,,
http_req_failed,1678217732,0.000000,,,,true,,POST,http://20.210.36.32:8080/prediction/knn,HTTP/1.1,contacts,,200,,,http://20.210.36.32:8080/prediction/knn,,
responseTime,1678217732,774.419505,,,,,,,,,contacts,,,,,,,
data_sent,1678217732,2088.000000,,,,,,,,,contacts,,,,,,,
data_received,1678217732,199.000000,,,,,,,,,contacts,,,,,,,
iteration_duration,1678217732,776.853516,,,,,,,,,contacts,,,,,,,
iterations,1678217732,1.000000,,,,,,,,,contacts,,,,,,,
http_reqs,1678217732,1.000000,,,,true,,POST,http://20.210.36.32:8080/prediction/knn,HTTP/1.1,contacts,,200,,,http://20.210.36.32:8080/prediction/knn,,
http_req_duration,1678217732,808.009644,,,,true,,POST,http://20.210.36.32:8080/prediction/knn,HTTP/1.1,contacts,,200,,,http://20.210.36.32:8080/prediction/knn,,
http_req_blocked,1678217732,2.340210,,,,true,,POST,http://20.210.36.32:8080/prediction/knn,HTTP/1.1,contacts,,200,,,http://20.210.36.32:8080/prediction/knn,,
http_req_connecting,1678217732,2.263909,,,,true,,POST,http://20.210.36.32:8080/prediction/knn,HTTP/1.1,contacts,,200,,,http://20.210.36.32:8080/prediction/knn,,
http_req_tls_handshaking,1678217732,0.000000,,,,true,,POST,http://20.210.36.32:8080/prediction/knn,HTTP/1.1,contacts,,200,,,http://20.210.36.32:8080/prediction/knn,,
http_req_sending,1678217732,0.055000,,,,true,,POST,http://20.210.36.32:8080/prediction/knn,HTTP/1.1,contacts,,200,,,http://20.210.36.32:8080/prediction/knn,,
http_req_waiting,1678217732,807.882944,,,,true,,POST,http://20.210.36.32:8080/prediction/knn,HTTP/1.1,contacts,,200,,,http://20.210.36.32:8080/prediction/knn,,
http_req_receiving,1678217732,0.071700,,,,true,,POST,http://20.210.36.32:8080/prediction/knn,HTTP/1.1,contacts,,200,,,http://20.210.36.32:8080/prediction/knn,,
http_req_failed,1678217732,0.000000,,,,true,,POST,http://20.210.36.32:8080/prediction/knn,HTTP/1.1,contacts,,200,,,http://20.210.36.32:8080/prediction/knn,,
responseTime,1678217732,808.009644,,,,,,,,,contacts,,,,,,,
data_sent,1678217732,2088.000000,,,,,,,,,contacts,,,,,,,
data_received,1678217732,199.000000,,,,,,,,,contacts,,,,,,,
iteration_duration,1678217732,810.675155,,,,,,,,,contacts,,,,,,,
iterations,1678217732,1.000000,,,,,,,,,contacts,,,,,,,
data_sent,1678217732,2088.000000,,,,,,,,,contacts,,,,,,,
data_received,1678217732,0.000000,,,,,,,,,contacts,,,,,,,
http_reqs,1678217732,1.000000,,,,true,,POST,http://20.210.36.32:8080/prediction/knn,HTTP/1.1,contacts,,200,,,http://20.210.36.32:8080/prediction/knn,,
http_req_duration,1678217732,590.582045,,,,true,,POST,http://20.210.36.32:8080/prediction/knn,HTTP/1.1,contacts,,200,,,http://20.210.36.32:8080/prediction/knn,,
http_req_blocked,1678217732,3.548714,,,,true,,POST,http://20.210.36.32:8080/prediction/knn,HTTP/1.1,contacts,,200,,,http://20.210.36.32:8080/prediction/knn,,
http_req_connecting,1678217732,3.428214,,,,true,,POST,http://20.210.36.32:8080/prediction/knn,HTTP/1.1,contacts,,200,,,http://20.210.36.32:8080/prediction/knn,,
http_req_tls_handshaking,1678217732,0.000000,,,,true,,POST,http://20.210.36.32:8080/prediction/knn,HTTP/1.1,contacts,,200,,,http://20.210.36.32:8080/prediction/knn,,
http_req_sending,1678217732,0.146701,,,,true,,POST,http://20.210.36.32:8080/prediction/knn,HTTP/1.1,contacts,,200,,,http://20.210.36.32:8080/prediction/knn,,
http_req_waiting,1678217732,590.346143,,,,true,,POST,http://20.210.36.32:8080/prediction/knn,HTTP/1.1,contacts,,200,,,http://20.210.36.32:8080/prediction/knn,,
http_req_receiving,1678217732,0.089201,,,,true,,POST,http://20.210.36.32:8080/prediction/knn,HTTP/1.1,contacts,,200,,,http://20.210.36.32:8080/prediction/knn,,
http_req_failed,1678217732,0.000000,,,,true,,POST,http://20.210.36.32:8080/prediction/knn,HTTP/1.1,contacts,,200,,,http://20.210.36.32:8080/prediction/knn,,
responseTime,1678217732,590.582045,,,,,,,,,contacts,,,,,,,
data_sent,1678217732,2088.000000,,,,,,,,,contacts,,,,,,,
data_received,1678217732,199.000000,,,,,,,,,contacts,,,,,,,
iteration_duration,1678217732,594.653261,,,,,,,,,contacts,,,,,,,
iterations,1678217732,1.000000,,,,,,,,,contacts,,,,,,,
http_reqs,1678217732,1.000000,,,,true,,POST,http://20.210.36.32:8080/prediction/knn,HTTP/1.1,contacts,,200,,,http://20.210.36.32:8080/prediction/knn,,
http_req_duration,1678217732,606.188608,,,,true,,POST,http://20.210.36.32:8080/prediction/knn,HTTP/1.1,contacts,,200,,,http://20.210.36.32:8080/prediction/knn,,
http_req_blocked,1678217732,2.407210,,,,true,,POST,http://20.210.36.32:8080/prediction/knn,HTTP/1.1,contacts,,200,,,http://20.210.36.32:8080/prediction/knn,,
http_req_connecting,1678217732,2.342410,,,,true,,POST,http://20.210.36.32:8080/prediction/knn,HTTP/1.1,contacts,,200,,,http://20.210.36.32:8080/prediction/knn,,
http_req_tls_handshaking,1678217732,0.000000,,,,true,,POST,http://20.210.36.32:8080/prediction/knn,HTTP/1.1,contacts,,200,,,http://20.210.36.32:8080/prediction/knn,,
http_req_sending,1678217732,0.052600,,,,true,,POST,http://20.210.36.32:8080/prediction/knn,HTTP/1.1,contacts,,200,,,http://20.210.36.32:8080/prediction/knn,,
http_req_waiting,1678217732,606.051808,,,,true,,POST,http://20.210.36.32:8080/prediction/knn,HTTP/1.1,contacts,,200,,,http://20.210.36.32:8080/prediction/knn,,
http_req_receiving,1678217732,0.084200,,,,true,,POST,http://20.210.36.32:8080/prediction/knn,HTTP/1.1,contacts,,200,,,http://20.210.36.32:8080/prediction/knn,,
http_req_failed,1678217732,0.000000,,,,true,,POST,http://20.210.36.32:8080/prediction/knn,HTTP/1.1,contacts,,200,,,http://20.210.36.32:8080/prediction/knn,,
responseTime,1678217732,606.188608,,,,,,,,,contacts,,,,,,,
data_sent,1678217732,2088.000000,,,,,,,,,contacts,,,,,,,
data_received,1678217732,199.000000,,,,,,,,,contacts,,,,,,,
iteration_duration,1678217732,609.095421,,,,,,,,,contacts,,,,,,,
iterations,1678217732,1.000000,,,,,,,,,contacts,,,,,,,
http_reqs,1678217732,1.000000,,,,true,,POST,http://20.210.36.32:8080/prediction/knn,HTTP/1.1,contacts,,200,,,http://20.210.36.32:8080/prediction/knn,,
http_req_duration,1678217732,589.186839,,,,true,,POST,http://20.210.36.32:8080/prediction/knn,HTTP/1.1,contacts,,200,,,http://20.210.36.32:8080/prediction/knn,,
http_req_blocked,1678217732,2.155909,,,,true,,POST,http://20.210.36.32:8080/prediction/knn,HTTP/1.1,contacts,,200,,,http://20.210.36.32:8080/prediction/knn,,
http_req_connecting,1678217732,2.107608,,,,true,,POST,http://20.210.36.32:8080/prediction/knn,HTTP/1.1,contacts,,200,,,http://20.210.36.32:8080/prediction/knn,,
http_req_tls_handshaking,1678217732,0.000000,,,,true,,POST,http://20.210.36.32:8080/prediction/knn,HTTP/1.1,contacts,,200,,,http://20.210.36.32:8080/prediction/knn,,
http_req_sending,1678217732,0.070401,,,,true,,POST,http://20.210.36.32:8080/prediction/knn,HTTP/1.1,contacts,,200,,,http://20.210.36.32:8080/prediction/knn,,
http_req_waiting,1678217732,589.014937,,,,true,,POST,http://20.210.36.32:8080/prediction/knn,HTTP/1.1,contacts,,200,,,http://20.210.36.32:8080/prediction/knn,,
http_req_receiving,1678217732,0.101501,,,,true,,POST,http://20.210.36.32:8080/prediction/knn,HTTP/1.1,contacts,,200,,,http://20.210.36.32:8080/prediction/knn,,
http_req_failed,1678217732,0.000000,,,,true,,POST,http://20.210.36.32:8080/prediction/knn,HTTP/1.1,contacts,,200,,,http://20.210.36.32:8080/prediction/knn,,
responseTime,1678217732,589.186839,,,,,,,,,contacts,,,,,,,
data_sent,1678217732,2088.000000,,,,,,,,,contacts,,,,,,,
data_received,1678217732,199.000000,,,,,,,,,contacts,,,,,,,
iteration_duration,1678217732,591.797449,,,,,,,,,contacts,,,,,,,
iterations,1678217732,1.000000,,,,,,,,,contacts,,,,,,,
http_reqs,1678217732,1.000000,,,,true,,POST,http://20.210.36.32:8080/prediction/knn,HTTP/1.1,contacts,,200,,,http://20.210.36.32:8080/prediction/knn,,
http_req_duration,1678217732,677.128903,,,,true,,POST,http://20.210.36.32:8080/prediction/knn,HTTP/1.1,contacts,,200,,,http://20.210.36.32:8080/prediction/knn,,
http_req_blocked,1678217732,1.930708,,,,true,,POST,http://20.210.36.32:8080/prediction/knn,HTTP/1.1,contacts,,200,,,http://20.210.36.32:8080/prediction/knn,,
http_req_connecting,1678217732,1.876407,,,,true,,POST,http://20.210.36.32:8080/prediction/knn,HTTP/1.1,contacts,,200,,,http://20.210.36.32:8080/prediction/knn,,
http_req_tls_handshaking,1678217732,0.000000,,,,true,,POST,http://20.210.36.32:8080/prediction/knn,HTTP/1.1,contacts,,200,,,http://20.210.36.32:8080/prediction/knn,,
http_req_sending,1678217732,0.051001,,,,true,,POST,http://20.210.36.32:8080/prediction/knn,HTTP/1.1,contacts,,200,,,http://20.210.36.32:8080/prediction/knn,,
http_req_waiting,1678217732,676.994701,,,,true,,POST,http://20.210.36.32:8080/prediction/knn,HTTP/1.1,contacts,,200,,,http://20.210.36.32:8080/prediction/knn,,
http_req_receiving,1678217732,0.083201,,,,true,,POST,http://20.210.36.32:8080/prediction/knn,HTTP/1.1,contacts,,200,,,http://20.210.36.32:8080/prediction/knn,,
http_req_failed,1678217732,0.000000,,,,true,,POST,http://20.210.36.32:8080/prediction/knn,HTTP/1.1,contacts,,200,,,http://20.210.36.32:8080/prediction/knn,,
responseTime,1678217732,677.128903,,,,,,,,,contacts,,,,,,,
data_sent,1678217732,2088.000000,,,,,,,,,contacts,,,,,,,
data_received,1678217732,199.000000,,,,,,,,,contacts,,,,,,,
iteration_duration,1678217732,679.554513,,,,,,,,,contacts,,,,,,,
iterations,1678217732,1.000000,,,,,,,,,contacts,,,,,,,
http_reqs,1678217732,1.000000,,,,true,,POST,http://20.210.36.32:8080/prediction/knn,HTTP/1.1,contacts,,200,,,http://20.210.36.32:8080/prediction/knn,,
http_req_duration,1678217732,522.542263,,,,true,,POST,http://20.210.36.32:8080/prediction/knn,HTTP/1.1,contacts,,200,,,http://20.210.36.32:8080/prediction/knn,,
http_req_blocked,1678217732,2.060108,,,,true,,POST,http://20.210.36.32:8080/prediction/knn,HTTP/1.1,contacts,,200,,,http://20.210.36.32:8080/prediction/knn,,
http_req_connecting,1678217732,1.988708,,,,true,,POST,http://20.210.36.32:8080/prediction/knn,HTTP/1.1,contacts,,200,,,http://20.210.36.32:8080/prediction/knn,,
http_req_tls_handshaking,1678217732,0.000000,,,,true,,POST,http://20.210.36.32:8080/prediction/knn,HTTP/1.1,contacts,,200,,,http://20.210.36.32:8080/prediction/knn,,
http_req_sending,1678217732,0.056100,,,,true,,POST,http://20.210.36.32:8080/prediction/knn,HTTP/1.1,contacts,,200,,,http://20.210.36.32:8080/prediction/knn,,
http_req_waiting,1678217732,522.408863,,,,true,,POST,http://20.210.36.32:8080/prediction/knn,HTTP/1.1,contacts,,200,,,http://20.210.36.32:8080/prediction/knn,,
http_req_receiving,1678217732,0.077300,,,,true,,POST,http://20.210.36.32:8080/prediction/knn,HTTP/1.1,contacts,,200,,,http://20.210.36.32:8080/prediction/knn,,
http_req_failed,1678217732,0.000000,,,,true,,POST,http://20.210.36.32:8080/prediction/knn,HTTP/1.1,contacts,,200,,,http://20.210.36.32:8080/prediction/knn,,
data_sent,1678217732,2088.000000,,,,,,,,,contacts,,,,,,,
data_received,1678217732,0.000000,,,,,,,,,contacts,,,,,,,
responseTime,1678217732,522.542263,,,,,,,,,contacts,,,,,,,
data_sent,1678217732,2088.000000,,,,,,,,,contacts,,,,,,,
data_received,1678217732,199.000000,,,,,,,,,contacts,,,,,,,
iteration_duration,1678217732,524.981172,,,,,,,,,contacts,,,,,,,
iterations,1678217732,1.000000,,,,,,,,,contacts,,,,,,,
vus,1678217732,21.000000,,,,,,,,,,,,,,,,
vus_max,1678217732,100.000000,,,,,,,,,,,,,,,,
http_reqs,1678217732,1.000000,,,,true,,POST,http://20.210.36.32:8080/prediction/knn,HTTP/1.1,contacts,,200,,,http://20.210.36.32:8080/prediction/knn,,
http_req_duration,1678217732,641.522055,,,,true,,POST,http://20.210.36.32:8080/prediction/knn,HTTP/1.1,contacts,,200,,,http://20.210.36.32:8080/prediction/knn,,
http_req_blocked,1678217732,2.625310,,,,true,,POST,http://20.210.36.32:8080/prediction/knn,HTTP/1.1,contacts,,200,,,http://20.210.36.32:8080/prediction/knn,,
http_req_connecting,1678217732,2.560010,,,,true,,POST,http://20.210.36.32:8080/prediction/knn,HTTP/1.1,contacts,,200,,,http://20.210.36.32:8080/prediction/knn,,
http_req_tls_handshaking,1678217732,0.000000,,,,true,,POST,http://20.210.36.32:8080/prediction/knn,HTTP/1.1,contacts,,200,,,http://20.210.36.32:8080/prediction/knn,,
http_req_sending,1678217732,0.061401,,,,true,,POST,http://20.210.36.32:8080/prediction/knn,HTTP/1.1,contacts,,200,,,http://20.210.36.32:8080/prediction/knn,,
http_req_waiting,1678217732,635.326929,,,,true,,POST,http://20.210.36.32:8080/prediction/knn,HTTP/1.1,contacts,,200,,,http://20.210.36.32:8080/prediction/knn,,
http_req_receiving,1678217732,6.133725,,,,true,,POST,http://20.210.36.32:8080/prediction/knn,HTTP/1.1,contacts,,200,,,http://20.210.36.32:8080/prediction/knn,,
http_req_failed,1678217732,0.000000,,,,true,,POST,http://20.210.36.32:8080/prediction/knn,HTTP/1.1,contacts,,200,,,http://20.210.36.32:8080/prediction/knn,,
responseTime,1678217732,641.522055,,,,,,,,,contacts,,,,,,,
data_sent,1678217732,2088.000000,,,,,,,,,contacts,,,,,,,
data_received,1678217732,199.000000,,,,,,,,,contacts,,,,,,,
iteration_duration,1678217732,644.615368,,,,,,,,,contacts,,,,,,,
iterations,1678217732,1.000000,,,,,,,,,contacts,,,,,,,
http_reqs,1678217732,1.000000,,,,true,,POST,http://20.210.36.32:8080/prediction/knn,HTTP/1.1,contacts,,200,,,http://20.210.36.32:8080/prediction/knn,,
http_req_duration,1678217732,476.796773,,,,true,,POST,http://20.210.36.32:8080/prediction/knn,HTTP/1.1,contacts,,200,,,http://20.210.36.32:8080/prediction/knn,,
http_req_blocked,1678217732,2.591111,,,,true,,POST,http://20.210.36.32:8080/prediction/knn,HTTP/1.1,contacts,,200,,,http://20.210.36.32:8080/prediction/knn,,
http_req_connecting,1678217732,2.477411,,,,true,,POST,http://20.210.36.32:8080/prediction/knn,HTTP/1.1,contacts,,200,,,http://20.210.36.32:8080/prediction/knn,,
http_req_tls_handshaking,1678217732,0.000000,,,,true,,POST,http://20.210.36.32:8080/prediction/knn,HTTP/1.1,contacts,,200,,,http://20.210.36.32:8080/prediction/knn,,
http_req_sending,1678217732,0.063600,,,,true,,POST,http://20.210.36.32:8080/prediction/knn,HTTP/1.1,contacts,,200,,,http://20.210.36.32:8080/prediction/knn,,
http_req_waiting,1678217732,471.075550,,,,true,,POST,http://20.210.36.32:8080/prediction/knn,HTTP/1.1,contacts,,200,,,http://20.210.36.32:8080/prediction/knn,,
http_req_receiving,1678217732,5.657623,,,,true,,POST,http://20.210.36.32:8080/prediction/knn,HTTP/1.1,contacts,,200,,,http://20.210.36.32:8080/prediction/knn,,
http_req_failed,1678217732,0.000000,,,,true,,POST,http://20.210.36.32:8080/prediction/knn,HTTP/1.1,contacts,,200,,,http://20.210.36.32:8080/prediction/knn,,
responseTime,1678217732,476.796773,,,,,,,,,contacts,,,,,,,
data_sent,1678217732,2088.000000,,,,,,,,,contacts,,,,,,,
data_received,1678217732,199.000000,,,,,,,,,contacts,,,,,,,
iteration_duration,1678217732,480.055487,,,,,,,,,contacts,,,,,,,
iterations,1678217732,1.000000,,,,,,,,,contacts,,,,,,,
http_reqs,1678217732,1.000000,,,,true,,POST,http://20.210.36.32:8080/prediction/knn,HTTP/1.1,contacts,,200,,,http://20.210.36.32:8080/prediction/knn,,
http_req_duration,1678217732,594.593261,,,,true,,POST,http://20.210.36.32:8080/prediction/knn,HTTP/1.1,contacts,,200,,,http://20.210.36.32:8080/prediction/knn,,
http_req_blocked,1678217732,2.105808,,,,true,,POST,http://20.210.36.32:8080/prediction/knn,HTTP/1.1,contacts,,200,,,http://20.210.36.32:8080/prediction/knn,,
http_req_connecting,1678217732,2.028808,,,,true,,POST,http://20.210.36.32:8080/prediction/knn,HTTP/1.1,contacts,,200,,,http://20.210.36.32:8080/prediction/knn,,
http_req_tls_handshaking,1678217732,0.000000,,,,true,,POST,http://20.210.36.32:8080/prediction/knn,HTTP/1.1,contacts,,200,,,http://20.210.36.32:8080/prediction/knn,,
http_req_sending,1678217732,0.245301,,,,true,,POST,http://20.210.36.32:8080/prediction/knn,HTTP/1.1,contacts,,200,,,http://20.210.36.32:8080/prediction/knn,,
http_req_waiting,1678217732,593.114555,,,,true,,POST,http://20.210.36.32:8080/prediction/knn,HTTP/1.1,contacts,,200,,,http://20.210.36.32:8080/prediction/knn,,
http_req_receiving,1678217732,1.233405,,,,true,,POST,http://20.210.36.32:8080/prediction/knn,HTTP/1.1,contacts,,200,,,http://20.210.36.32:8080/prediction/knn,,
http_req_failed,1678217732,0.000000,,,,true,,POST,http://20.210.36.32:8080/prediction/knn,HTTP/1.1,contacts,,200,,,http://20.210.36.32:8080/prediction/knn,,
responseTime,1678217732,594.593261,,,,,,,,,contacts,,,,,,,
data_sent,1678217732,2088.000000,,,,,,,,,contacts,,,,,,,
data_received,1678217732,199.000000,,,,,,,,,contacts,,,,,,,
iteration_duration,1678217732,597.149472,,,,,,,,,contacts,,,,,,,
iterations,1678217732,1.000000,,,,,,,,,contacts,,,,,,,
data_sent,1678217732,2088.000000,,,,,,,,,contacts,,,,,,,
data_received,1678217732,0.000000,,,,,,,,,contacts,,,,,,,
http_reqs,1678217732,1.000000,,,,true,,POST,http://20.210.36.32:8080/prediction/knn,HTTP/1.1,contacts,,200,,,http://20.210.36.32:8080/prediction/knn,,
http_req_duration,1678217732,346.661135,,,,true,,POST,http://20.210.36.32:8080/prediction/knn,HTTP/1.1,contacts,,200,,,http://20.210.36.32:8080/prediction/knn,,
http_req_blocked,1678217732,2.578110,,,,true,,POST,http://20.210.36.32:8080/prediction/knn,HTTP/1.1,contacts,,200,,,http://20.210.36.32:8080/prediction/knn,,
http_req_connecting,1678217732,2.498310,,,,true,,POST,http://20.210.36.32:8080/prediction/knn,HTTP/1.1,contacts,,200,,,http://20.210.36.32:8080/prediction/knn,,
http_req_tls_handshaking,1678217732,0.000000,,,,true,,POST,http://20.210.36.32:8080/prediction/knn,HTTP/1.1,contacts,,200,,,http://20.210.36.32:8080/prediction/knn,,
http_req_sending,1678217732,0.048801,,,,true,,POST,http://20.210.36.32:8080/prediction/knn,HTTP/1.1,contacts,,200,,,http://20.210.36.32:8080/prediction/knn,,
http_req_waiting,1678217732,346.547334,,,,true,,POST,http://20.210.36.32:8080/prediction/knn,HTTP/1.1,contacts,,200,,,http://20.210.36.32:8080/prediction/knn,,
http_req_receiving,1678217732,0.065000,,,,true,,POST,http://20.210.36.32:8080/prediction/knn,HTTP/1.1,contacts,,200,,,http://20.210.36.32:8080/prediction/knn,,
http_req_failed,1678217732,0.000000,,,,true,,POST,http://20.210.36.32:8080/prediction/knn,HTTP/1.1,contacts,,200,,,http://20.210.36.32:8080/prediction/knn,,
responseTime,1678217732,346.661135,,,,,,,,,contacts,,,,,,,
data_sent,1678217732,2088.000000,,,,,,,,,contacts,,,,,,,
data_received,1678217732,199.000000,,,,,,,,,contacts,,,,,,,
iteration_duration,1678217732,349.631947,,,,,,,,,contacts,,,,,,,
iterations,1678217732,1.000000,,,,,,,,,contacts,,,,,,,
data_sent,1678217732,2088.000000,,,,,,,,,contacts,,,,,,,
data_received,1678217732,0.000000,,,,,,,,,contacts,,,,,,,
http_reqs,1678217732,1.000000,,,,true,,POST,http://20.210.36.32:8080/prediction/knn,HTTP/1.1,contacts,,200,,,http://20.210.36.32:8080/prediction/knn,,
http_req_duration,1678217732,518.503046,,,,true,,POST,http://20.210.36.32:8080/prediction/knn,HTTP/1.1,contacts,,200,,,http://20.210.36.32:8080/prediction/knn,,
http_req_blocked,1678217732,2.324509,,,,true,,POST,http://20.210.36.32:8080/prediction/knn,HTTP/1.1,contacts,,200,,,http://20.210.36.32:8080/prediction/knn,,
http_req_connecting,1678217732,2.261909,,,,true,,POST,http://20.210.36.32:8080/prediction/knn,HTTP/1.1,contacts,,200,,,http://20.210.36.32:8080/prediction/knn,,
http_req_tls_handshaking,1678217732,0.000000,,,,true,,POST,http://20.210.36.32:8080/prediction/knn,HTTP/1.1,contacts,,200,,,http://20.210.36.32:8080/prediction/knn,,
http_req_sending,1678217732,0.059600,,,,true,,POST,http://20.210.36.32:8080/prediction/knn,HTTP/1.1,contacts,,200,,,http://20.210.36.32:8080/prediction/knn,,
http_req_waiting,1678217732,518.334846,,,,true,,POST,http://20.210.36.32:8080/prediction/knn,HTTP/1.1,contacts,,200,,,http://20.210.36.32:8080/prediction/knn,,
http_req_receiving,1678217732,0.108600,,,,true,,POST,http://20.210.36.32:8080/prediction/knn,HTTP/1.1,contacts,,200,,,http://20.210.36.32:8080/prediction/knn,,
http_req_failed,1678217732,0.000000,,,,true,,POST,http://20.210.36.32:8080/prediction/knn,HTTP/1.1,contacts,,200,,,http://20.210.36.32:8080/prediction/knn,,
responseTime,1678217732,518.503046,,,,,,,,,contacts,,,,,,,
data_sent,1678217732,2088.000000,,,,,,,,,contacts,,,,,,,
data_received,1678217732,199.000000,,,,,,,,,contacts,,,,,,,
iteration_duration,1678217732,521.301458,,,,,,,,,contacts,,,,,,,
iterations,1678217732,1.000000,,,,,,,,,contacts,,,,,,,
http_reqs,1678217732,1.000000,,,,true,,POST,http://20.210.36.32:8080/prediction/knn,HTTP/1.1,contacts,,200,,,http://20.210.36.32:8080/prediction/knn,,
http_req_duration,1678217732,495.580151,,,,true,,POST,http://20.210.36.32:8080/prediction/knn,HTTP/1.1,contacts,,200,,,http://20.210.36.32:8080/prediction/knn,,
http_req_blocked,1678217732,2.035809,,,,true,,POST,http://20.210.36.32:8080/prediction/knn,HTTP/1.1,contacts,,200,,,http://20.210.36.32:8080/prediction/knn,,
http_req_connecting,1678217732,1.953309,,,,true,,POST,http://20.210.36.32:8080/prediction/knn,HTTP/1.1,contacts,,200,,,http://20.210.36.32:8080/prediction/knn,,
http_req_tls_handshaking,1678217732,0.000000,,,,true,,POST,http://20.210.36.32:8080/prediction/knn,HTTP/1.1,contacts,,200,,,http://20.210.36.32:8080/prediction/knn,,
http_req_sending,1678217732,0.054700,,,,true,,POST,http://20.210.36.32:8080/prediction/knn,HTTP/1.1,contacts,,200,,,http://20.210.36.32:8080/prediction/knn,,
http_req_waiting,1678217732,495.416250,,,,true,,POST,http://20.210.36.32:8080/prediction/knn,HTTP/1.1,contacts,,200,,,http://20.210.36.32:8080/prediction/knn,,
http_req_receiving,1678217732,0.109201,,,,true,,POST,http://20.210.36.32:8080/prediction/knn,HTTP/1.1,contacts,,200,,,http://20.210.36.32:8080/prediction/knn,,
http_req_failed,1678217732,0.000000,,,,true,,POST,http://20.210.36.32:8080/prediction/knn,HTTP/1.1,contacts,,200,,,http://20.210.36.32:8080/prediction/knn,,
responseTime,1678217732,495.580151,,,,,,,,,contacts,,,,,,,
data_sent,1678217732,2088.000000,,,,,,,,,contacts,,,,,,,
data_received,1678217732,199.000000,,,,,,,,,contacts,,,,,,,
iteration_duration,1678217732,498.234662,,,,,,,,,contacts,,,,,,,
iterations,1678217732,1.000000,,,,,,,,,contacts,,,,,,,
http_reqs,1678217732,1.000000,,,,true,,POST,http://20.210.36.32:8080/prediction/knn,HTTP/1.1,contacts,,200,,,http://20.210.36.32:8080/prediction/knn,,
http_req_duration,1678217732,431.842287,,,,true,,POST,http://20.210.36.32:8080/prediction/knn,HTTP/1.1,contacts,,200,,,http://20.210.36.32:8080/prediction/knn,,
http_req_blocked,1678217732,2.220209,,,,true,,POST,http://20.210.36.32:8080/prediction/knn,HTTP/1.1,contacts,,200,,,http://20.210.36.32:8080/prediction/knn,,
http_req_connecting,1678217732,2.075409,,,,true,,POST,http://20.210.36.32:8080/prediction/knn,HTTP/1.1,contacts,,200,,,http://20.210.36.32:8080/prediction/knn,,
http_req_tls_handshaking,1678217732,0.000000,,,,true,,POST,http://20.210.36.32:8080/prediction/knn,HTTP/1.1,contacts,,200,,,http://20.210.36.32:8080/prediction/knn,,
http_req_sending,1678217732,0.145501,,,,true,,POST,http://20.210.36.32:8080/prediction/knn,HTTP/1.1,contacts,,200,,,http://20.210.36.32:8080/prediction/knn,,
http_req_waiting,1678217732,431.607786,,,,true,,POST,http://20.210.36.32:8080/prediction/knn,HTTP/1.1,contacts,,200,,,http://20.210.36.32:8080/prediction/knn,,
http_req_receiving,1678217732,0.089000,,,,true,,POST,http://20.210.36.32:8080/prediction/knn,HTTP/1.1,contacts,,200,,,http://20.210.36.32:8080/prediction/knn,,
http_req_failed,1678217732,0.000000,,,,true,,POST,http://20.210.36.32:8080/prediction/knn,HTTP/1.1,contacts,,200,,,http://20.210.36.32:8080/prediction/knn,,
responseTime,1678217732,431.842287,,,,,,,,,contacts,,,,,,,
data_sent,1678217732,2088.000000,,,,,,,,,contacts,,,,,,,
data_received,1678217732,199.000000,,,,,,,,,contacts,,,,,,,
iteration_duration,1678217732,434.619299,,,,,,,,,contacts,,,,,,,
iterations,1678217732,1.000000,,,,,,,,,contacts,,,,,,,
http_reqs,1678217732,1.000000,,,,true,,POST,http://20.210.36.32:8080/prediction/knn,HTTP/1.1,contacts,,200,,,http://20.210.36.32:8080/prediction/knn,,
http_req_duration,1678217732,465.501226,,,,true,,POST,http://20.210.36.32:8080/prediction/knn,HTTP/1.1,contacts,,200,,,http://20.210.36.32:8080/prediction/knn,,
http_req_blocked,1678217732,1.962708,,,,true,,POST,http://20.210.36.32:8080/prediction/knn,HTTP/1.1,contacts,,200,,,http://20.210.36.32:8080/prediction/knn,,
http_req_connecting,1678217732,1.911708,,,,true,,POST,http://20.210.36.32:8080/prediction/knn,HTTP/1.1,contacts,,200,,,http://20.210.36.32:8080/prediction/knn,,
http_req_tls_handshaking,1678217732,0.000000,,,,true,,POST,http://20.210.36.32:8080/prediction/knn,HTTP/1.1,contacts,,200,,,http://20.210.36.32:8080/prediction/knn,,
http_req_sending,1678217732,0.046900,,,,true,,POST,http://20.210.36.32:8080/prediction/knn,HTTP/1.1,contacts,,200,,,http://20.210.36.32:8080/prediction/knn,,
http_req_waiting,1678217732,465.315226,,,,true,,POST,http://20.210.36.32:8080/prediction/knn,HTTP/1.1,contacts,,200,,,http://20.210.36.32:8080/prediction/knn,,
http_req_receiving,1678217732,0.139100,,,,true,,POST,http://20.210.36.32:8080/prediction/knn,HTTP/1.1,contacts,,200,,,http://20.210.36.32:8080/prediction/knn,,
http_req_failed,1678217732,0.000000,,,,true,,POST,http://20.210.36.32:8080/prediction/knn,HTTP/1.1,contacts,,200,,,http://20.210.36.32:8080/prediction/knn,,
responseTime,1678217732,465.501226,,,,,,,,,contacts,,,,,,,
data_sent,1678217732,2088.000000,,,,,,,,,contacts,,,,,,,
data_received,1678217732,199.000000,,,,,,,,,contacts,,,,,,,
iteration_duration,1678217732,468.036337,,,,,,,,,contacts,,,,,,,
iterations,1678217732,1.000000,,,,,,,,,contacts,,,,,,,
http_reqs,1678217732,1.000000,,,,true,,POST,http://20.210.36.32:8080/prediction/knn,HTTP/1.1,contacts,,200,,,http://20.210.36.32:8080/prediction/knn,,
http_req_duration,1678217732,459.738903,,,,true,,POST,http://20.210.36.32:8080/prediction/knn,HTTP/1.1,contacts,,200,,,http://20.210.36.32:8080/prediction/knn,,
http_req_blocked,1678217732,3.675115,,,,true,,POST,http://20.210.36.32:8080/prediction/knn,HTTP/1.1,contacts,,200,,,http://20.210.36.32:8080/prediction/knn,,
http_req_connecting,1678217732,3.619115,,,,true,,POST,http://20.210.36.32:8080/prediction/knn,HTTP/1.1,contacts,,200,,,http://20.210.36.32:8080/prediction/knn,,
http_req_tls_handshaking,1678217732,0.000000,,,,true,,POST,http://20.210.36.32:8080/prediction/knn,HTTP/1.1,contacts,,200,,,http://20.210.36.32:8080/prediction/knn,,
http_req_sending,1678217732,0.047000,,,,true,,POST,http://20.210.36.32:8080/prediction/knn,HTTP/1.1,contacts,,200,,,http://20.210.36.32:8080/prediction/knn,,
http_req_waiting,1678217732,454.909283,,,,true,,POST,http://20.210.36.32:8080/prediction/knn,HTTP/1.1,contacts,,200,,,http://20.210.36.32:8080/prediction/knn,,
http_req_receiving,1678217732,4.782620,,,,true,,POST,http://20.210.36.32:8080/prediction/knn,HTTP/1.1,contacts,,200,,,http://20.210.36.32:8080/prediction/knn,,
http_req_failed,1678217732,0.000000,,,,true,,POST,http://20.210.36.32:8080/prediction/knn,HTTP/1.1,contacts,,200,,,http://20.210.36.32:8080/prediction/knn,,
responseTime,1678217732,459.738903,,,,,,,,,contacts,,,,,,,
data_sent,1678217732,2088.000000,,,,,,,,,contacts,,,,,,,
data_received,1678217732,199.000000,,,,,,,,,contacts,,,,,,,
iteration_duration,1678217732,463.904320,,,,,,,,,contacts,,,,,,,
iterations,1678217732,1.000000,,,,,,,,,contacts,,,,,,,
http_reqs,1678217732,1.000000,,,,true,,POST,http://20.210.36.32:8080/prediction/knn,HTTP/1.1,contacts,,200,,,http://20.210.36.32:8080/prediction/knn,,
http_req_duration,1678217732,484.440005,,,,true,,POST,http://20.210.36.32:8080/prediction/knn,HTTP/1.1,contacts,,200,,,http://20.210.36.32:8080/prediction/knn,,
http_req_blocked,1678217732,6.674728,,,,true,,POST,http://20.210.36.32:8080/prediction/knn,HTTP/1.1,contacts,,200,,,http://20.210.36.32:8080/prediction/knn,,
http_req_connecting,1678217732,6.610428,,,,true,,POST,http://20.210.36.32:8080/prediction/knn,HTTP/1.1,contacts,,200,,,http://20.210.36.32:8080/prediction/knn,,
http_req_tls_handshaking,1678217732,0.000000,,,,true,,POST,http://20.210.36.32:8080/prediction/knn,HTTP/1.1,contacts,,200,,,http://20.210.36.32:8080/prediction/knn,,
http_req_sending,1678217732,0.059600,,,,true,,POST,http://20.210.36.32:8080/prediction/knn,HTTP/1.1,contacts,,200,,,http://20.210.36.32:8080/prediction/knn,,
http_req_waiting,1678217732,482.562597,,,,true,,POST,http://20.210.36.32:8080/prediction/knn,HTTP/1.1,contacts,,200,,,http://20.210.36.32:8080/prediction/knn,,
http_req_receiving,1678217732,1.817808,,,,true,,POST,http://20.210.36.32:8080/prediction/knn,HTTP/1.1,contacts,,200,,,http://20.210.36.32:8080/prediction/knn,,
http_req_failed,1678217732,0.000000,,,,true,,POST,http://20.210.36.32:8080/prediction/knn,HTTP/1.1,contacts,,200,,,http://20.210.36.32:8080/prediction/knn,,
responseTime,1678217732,484.440005,,,,,,,,,contacts,,,,,,,
data_sent,1678217732,2088.000000,,,,,,,,,contacts,,,,,,,
data_received,1678217732,199.000000,,,,,,,,,contacts,,,,,,,
iteration_duration,1678217732,491.500635,,,,,,,,,contacts,,,,,,,
iterations,1678217732,1.000000,,,,,,,,,contacts,,,,,,,
data_sent,1678217732,2088.000000,,,,,,,,,contacts,,,,,,,
data_received,1678217732,0.000000,,,,,,,,,contacts,,,,,,,
http_reqs,1678217732,1.000000,,,,true,,POST,http://20.210.36.32:8080/prediction/knn,HTTP/1.1,contacts,,200,,,http://20.210.36.32:8080/prediction/knn,,
http_req_duration,1678217732,421.247344,,,,true,,POST,http://20.210.36.32:8080/prediction/knn,HTTP/1.1,contacts,,200,,,http://20.210.36.32:8080/prediction/knn,,
http_req_blocked,1678217732,4.368718,,,,true,,POST,http://20.210.36.32:8080/prediction/knn,HTTP/1.1,contacts,,200,,,http://20.210.36.32:8080/prediction/knn,,
http_req_connecting,1678217732,4.311718,,,,true,,POST,http://20.210.36.32:8080/prediction/knn,HTTP/1.1,contacts,,200,,,http://20.210.36.32:8080/prediction/knn,,
http_req_tls_handshaking,1678217732,0.000000,,,,true,,POST,http://20.210.36.32:8080/prediction/knn,HTTP/1.1,contacts,,200,,,http://20.210.36.32:8080/prediction/knn,,
http_req_sending,1678217732,0.189101,,,,true,,POST,http://20.210.36.32:8080/prediction/knn,HTTP/1.1,contacts,,200,,,http://20.210.36.32:8080/prediction/knn,,
http_req_waiting,1678217732,395.649338,,,,true,,POST,http://20.210.36.32:8080/prediction/knn,HTTP/1.1,contacts,,200,,,http://20.210.36.32:8080/prediction/knn,,
http_req_receiving,1678217732,25.408905,,,,true,,POST,http://20.210.36.32:8080/prediction/knn,HTTP/1.1,contacts,,200,,,http://20.210.36.32:8080/prediction/knn,,
http_req_failed,1678217732,0.000000,,,,true,,POST,http://20.210.36.32:8080/prediction/knn,HTTP/1.1,contacts,,200,,,http://20.210.36.32:8080/prediction/knn,,
responseTime,1678217732,421.247344,,,,,,,,,contacts,,,,,,,
data_sent,1678217732,2088.000000,,,,,,,,,contacts,,,,,,,
data_received,1678217732,199.000000,,,,,,,,,contacts,,,,,,,
iteration_duration,1678217732,426.107864,,,,,,,,,contacts,,,,,,,
iterations,1678217732,1.000000,,,,,,,,,contacts,,,,,,,
http_reqs,1678217732,1.000000,,,,true,,POST,http://20.210.36.32:8080/prediction/knn,HTTP/1.1,contacts,,200,,,http://20.210.36.32:8080/prediction/knn,,
http_req_duration,1678217732,453.578477,,,,true,,POST,http://20.210.36.32:8080/prediction/knn,HTTP/1.1,contacts,,200,,,http://20.210.36.32:8080/prediction/knn,,
http_req_blocked,1678217732,3.952116,,,,true,,POST,http://20.210.36.32:8080/prediction/knn,HTTP/1.1,contacts,,200,,,http://20.210.36.32:8080/prediction/knn,,
http_req_connecting,1678217732,3.895516,,,,true,,POST,http://20.210.36.32:8080/prediction/knn,HTTP/1.1,contacts,,200,,,http://20.210.36.32:8080/prediction/knn,,
http_req_tls_handshaking,1678217732,0.000000,,,,true,,POST,http://20.210.36.32:8080/prediction/knn,HTTP/1.1,contacts,,200,,,http://20.210.36.32:8080/prediction/knn,,
http_req_sending,1678217732,0.041800,,,,true,,POST,http://20.210.36.32:8080/prediction/knn,HTTP/1.1,contacts,,200,,,http://20.210.36.32:8080/prediction/knn,,
http_req_waiting,1678217732,447.721153,,,,true,,POST,http://20.210.36.32:8080/prediction/knn,HTTP/1.1,contacts,,200,,,http://20.210.36.32:8080/prediction/knn,,
http_req_receiving,1678217732,5.815524,,,,true,,POST,http://20.210.36.32:8080/prediction/knn,HTTP/1.1,contacts,,200,,,http://20.210.36.32:8080/prediction/knn,,
http_req_failed,1678217732,0.000000,,,,true,,POST,http://20.210.36.32:8080/prediction/knn,HTTP/1.1,contacts,,200,,,http://20.210.36.32:8080/prediction/knn,,
responseTime,1678217732,453.578477,,,,,,,,,contacts,,,,,,,
data_sent,1678217732,2088.000000,,,,,,,,,contacts,,,,,,,
data_received,1678217732,199.000000,,,,,,,,,contacts,,,,,,,
iteration_duration,1678217732,457.926795,,,,,,,,,contacts,,,,,,,
iterations,1678217732,1.000000,,,,,,,,,contacts,,,,,,,
http_reqs,1678217732,1.000000,,,,true,,POST,http://20.210.36.32:8080/prediction/knn,HTTP/1.1,contacts,,200,,,http://20.210.36.32:8080/prediction/knn,,
http_req_duration,1678217732,558.452112,,,,true,,POST,http://20.210.36.32:8080/prediction/knn,HTTP/1.1,contacts,,200,,,http://20.210.36.32:8080/prediction/knn,,
http_req_blocked,1678217732,2.244109,,,,true,,POST,http://20.210.36.32:8080/prediction/knn,HTTP/1.1,contacts,,200,,,http://20.210.36.32:8080/prediction/knn,,
http_req_connecting,1678217732,2.112708,,,,true,,POST,http://20.210.36.32:8080/prediction/knn,HTTP/1.1,contacts,,200,,,http://20.210.36.32:8080/prediction/knn,,
http_req_tls_handshaking,1678217732,0.000000,,,,true,,POST,http://20.210.36.32:8080/prediction/knn,HTTP/1.1,contacts,,200,,,http://20.210.36.32:8080/prediction/knn,,
http_req_sending,1678217732,0.049700,,,,true,,POST,http://20.210.36.32:8080/prediction/knn,HTTP/1.1,contacts,,200,,,http://20.210.36.32:8080/prediction/knn,,
http_req_waiting,1678217732,526.735281,,,,true,,POST,http://20.210.36.32:8080/prediction/knn,HTTP/1.1,contacts,,200,,,http://20.210.36.32:8080/prediction/knn,,
http_req_receiving,1678217732,31.667131,,,,true,,POST,http://20.210.36.32:8080/prediction/knn,HTTP/1.1,contacts,,200,,,http://20.210.36.32:8080/prediction/knn,,
http_req_failed,1678217732,0.000000,,,,true,,POST,http://20.210.36.32:8080/prediction/knn,HTTP/1.1,contacts,,200,,,http://20.210.36.32:8080/prediction/knn,,
responseTime,1678217732,558.452112,,,,,,,,,contacts,,,,,,,
data_sent,1678217732,2088.000000,,,,,,,,,contacts,,,,,,,
data_received,1678217732,199.000000,,,,,,,,,contacts,,,,,,,
iteration_duration,1678217732,561.081322,,,,,,,,,contacts,,,,,,,
iterations,1678217732,1.000000,,,,,,,,,contacts,,,,,,,
http_reqs,1678217732,1.000000,,,,true,,POST,http://20.210.36.32:8080/prediction/knn,HTTP/1.1,contacts,,200,,,http://20.210.36.32:8080/prediction/knn,,
http_req_duration,1678217732,486.182712,,,,true,,POST,http://20.210.36.32:8080/prediction/knn,HTTP/1.1,contacts,,200,,,http://20.210.36.32:8080/prediction/knn,,
http_req_blocked,1678217732,4.063216,,,,true,,POST,http://20.210.36.32:8080/prediction/knn,HTTP/1.1,contacts,,200,,,http://20.210.36.32:8080/prediction/knn,,
http_req_connecting,1678217732,3.965816,,,,true,,POST,http://20.210.36.32:8080/prediction/knn,HTTP/1.1,contacts,,200,,,http://20.210.36.32:8080/prediction/knn,,
http_req_tls_handshaking,1678217732,0.000000,,,,true,,POST,http://20.210.36.32:8080/prediction/knn,HTTP/1.1,contacts,,200,,,http://20.210.36.32:8080/prediction/knn,,
http_req_sending,1678217732,0.147901,,,,true,,POST,http://20.210.36.32:8080/prediction/knn,HTTP/1.1,contacts,,200,,,http://20.210.36.32:8080/prediction/knn,,
http_req_waiting,1678217732,485.955211,,,,true,,POST,http://20.210.36.32:8080/prediction/knn,HTTP/1.1,contacts,,200,,,http://20.210.36.32:8080/prediction/knn,,
http_req_receiving,1678217732,0.079600,,,,true,,POST,http://20.210.36.32:8080/prediction/knn,HTTP/1.1,contacts,,200,,,http://20.210.36.32:8080/prediction/knn,,
http_req_failed,1678217732,0.000000,,,,true,,POST,http://20.210.36.32:8080/prediction/knn,HTTP/1.1,contacts,,200,,,http://20.210.36.32:8080/prediction/knn,,
responseTime,1678217732,486.182712,,,,,,,,,contacts,,,,,,,
data_sent,1678217732,2088.000000,,,,,,,,,contacts,,,,,,,
data_received,1678217732,199.000000,,,,,,,,,contacts,,,,,,,
iteration_duration,1678217732,490.488230,,,,,,,,,contacts,,,,,,,
iterations,1678217732,1.000000,,,,,,,,,contacts,,,,,,,
data_sent,1678217732,2088.000000,,,,,,,,,contacts,,,,,,,
data_received,1678217732,0.000000,,,,,,,,,contacts,,,,,,,
http_reqs,1678217732,1.000000,,,,true,,POST,http://20.210.36.32:8080/prediction/knn,HTTP/1.1,contacts,,200,,,http://20.210.36.32:8080/prediction/knn,,
http_req_duration,1678217732,504.232087,,,,true,,POST,http://20.210.36.32:8080/prediction/knn,HTTP/1.1,contacts,,200,,,http://20.210.36.32:8080/prediction/knn,,
http_req_blocked,1678217732,3.882816,,,,true,,POST,http://20.210.36.32:8080/prediction/knn,HTTP/1.1,contacts,,200,,,http://20.210.36.32:8080/prediction/knn,,
http_req_connecting,1678217732,3.820416,,,,true,,POST,http://20.210.36.32:8080/prediction/knn,HTTP/1.1,contacts,,200,,,http://20.210.36.32:8080/prediction/knn,,
http_req_tls_handshaking,1678217732,0.000000,,,,true,,POST,http://20.210.36.32:8080/prediction/knn,HTTP/1.1,contacts,,200,,,http://20.210.36.32:8080/prediction/knn,,
http_req_sending,1678217732,0.055500,,,,true,,POST,http://20.210.36.32:8080/prediction/knn,HTTP/1.1,contacts,,200,,,http://20.210.36.32:8080/prediction/knn,,
http_req_waiting,1678217732,504.003486,,,,true,,POST,http://20.210.36.32:8080/prediction/knn,HTTP/1.1,contacts,,200,,,http://20.210.36.32:8080/prediction/knn,,
http_req_receiving,1678217732,0.173101,,,,true,,POST,http://20.210.36.32:8080/prediction/knn,HTTP/1.1,contacts,,200,,,http://20.210.36.32:8080/prediction/knn,,
http_req_failed,1678217732,0.000000,,,,true,,POST,http://20.210.36.32:8080/prediction/knn,HTTP/1.1,contacts,,200,,,http://20.210.36.32:8080/prediction/knn,,
responseTime,1678217732,504.232087,,,,,,,,,contacts,,,,,,,
data_sent,1678217732,2088.000000,,,,,,,,,contacts,,,,,,,
data_received,1678217732,199.000000,,,,,,,,,contacts,,,,,,,
iteration_duration,1678217732,508.608405,,,,,,,,,contacts,,,,,,,
iterations,1678217732,1.000000,,,,,,,,,contacts,,,,,,,
http_reqs,1678217732,1.000000,,,,true,,POST,http://20.210.36.32:8080/prediction/knn,HTTP/1.1,contacts,,200,,,http://20.210.36.32:8080/prediction/knn,,
http_req_duration,1678217732,607.496215,,,,true,,POST,http://20.210.36.32:8080/prediction/knn,HTTP/1.1,contacts,,200,,,http://20.210.36.32:8080/prediction/knn,,
http_req_blocked,1678217732,4.512418,,,,true,,POST,http://20.210.36.32:8080/prediction/knn,HTTP/1.1,contacts,,200,,,http://20.210.36.32:8080/prediction/knn,,
http_req_connecting,1678217732,4.436418,,,,true,,POST,http://20.210.36.32:8080/prediction/knn,HTTP/1.1,contacts,,200,,,http://20.210.36.32:8080/prediction/knn,,
http_req_tls_handshaking,1678217732,0.000000,,,,true,,POST,http://20.210.36.32:8080/prediction/knn,HTTP/1.1,contacts,,200,,,http://20.210.36.32:8080/prediction/knn,,
http_req_sending,1678217732,0.053700,,,,true,,POST,http://20.210.36.32:8080/prediction/knn,HTTP/1.1,contacts,,200,,,http://20.210.36.32:8080/prediction/knn,,
http_req_waiting,1678217732,607.321614,,,,true,,POST,http://20.210.36.32:8080/prediction/knn,HTTP/1.1,contacts,,200,,,http://20.210.36.32:8080/prediction/knn,,
http_req_receiving,1678217732,0.120901,,,,true,,POST,http://20.210.36.32:8080/prediction/knn,HTTP/1.1,contacts,,200,,,http://20.210.36.32:8080/prediction/knn,,
http_req_failed,1678217732,0.000000,,,,true,,POST,http://20.210.36.32:8080/prediction/knn,HTTP/1.1,contacts,,200,,,http://20.210.36.32:8080/prediction/knn,,
responseTime,1678217732,607.496215,,,,,,,,,contacts,,,,,,,
data_sent,1678217732,2088.000000,,,,,,,,,contacts,,,,,,,
data_received,1678217732,199.000000,,,,,,,,,contacts,,,,,,,
iteration_duration,1678217732,612.443534,,,,,,,,,contacts,,,,,,,
iterations,1678217732,1.000000,,,,,,,,,contacts,,,,,,,
http_reqs,1678217732,1.000000,,,,true,,POST,http://20.210.36.32:8080/prediction/knn,HTTP/1.1,contacts,,200,,,http://20.210.36.32:8080/prediction/knn,,
http_req_duration,1678217732,464.594023,,,,true,,POST,http://20.210.36.32:8080/prediction/knn,HTTP/1.1,contacts,,200,,,http://20.210.36.32:8080/prediction/knn,,
http_req_blocked,1678217732,5.181221,,,,true,,POST,http://20.210.36.32:8080/prediction/knn,HTTP/1.1,contacts,,200,,,http://20.210.36.32:8080/prediction/knn,,
http_req_connecting,1678217732,5.095121,,,,true,,POST,http://20.210.36.32:8080/prediction/knn,HTTP/1.1,contacts,,200,,,http://20.210.36.32:8080/prediction/knn,,
http_req_tls_handshaking,1678217732,0.000000,,,,true,,POST,http://20.210.36.32:8080/prediction/knn,HTTP/1.1,contacts,,200,,,http://20.210.36.32:8080/prediction/knn,,
http_req_sending,1678217732,0.104100,,,,true,,POST,http://20.210.36.32:8080/prediction/knn,HTTP/1.1,contacts,,200,,,http://20.210.36.32:8080/prediction/knn,,
http_req_waiting,1678217732,452.293372,,,,true,,POST,http://20.210.36.32:8080/prediction/knn,HTTP/1.1,contacts,,200,,,http://20.210.36.32:8080/prediction/knn,,
http_req_receiving,1678217732,12.196551,,,,true,,POST,http://20.210.36.32:8080/prediction/knn,HTTP/1.1,contacts,,200,,,http://20.210.36.32:8080/prediction/knn,,
http_req_failed,1678217732,0.000000,,,,true,,POST,http://20.210.36.32:8080/prediction/knn,HTTP/1.1,contacts,,200,,,http://20.210.36.32:8080/prediction/knn,,
responseTime,1678217732,464.594023,,,,,,,,,contacts,,,,,,,
data_sent,1678217732,2088.000000,,,,,,,,,contacts,,,,,,,
data_received,1678217732,199.000000,,,,,,,,,contacts,,,,,,,
iteration_duration,1678217732,470.110846,,,,,,,,,contacts,,,,,,,
iterations,1678217732,1.000000,,,,,,,,,contacts,,,,,,,
data_sent,1678217732,2088.000000,,,,,,,,,contacts,,,,,,,
data_received,1678217732,0.000000,,,,,,,,,contacts,,,,,,,
http_reqs,1678217733,1.000000,,,,true,,POST,http://20.210.36.32:8080/prediction/knn,HTTP/1.1,contacts,,200,,,http://20.210.36.32:8080/prediction/knn,,
http_req_duration,1678217733,470.261146,,,,true,,POST,http://20.210.36.32:8080/prediction/knn,HTTP/1.1,contacts,,200,,,http://20.210.36.32:8080/prediction/knn,,
http_req_blocked,1678217733,4.266118,,,,true,,POST,http://20.210.36.32:8080/prediction/knn,HTTP/1.1,contacts,,200,,,http://20.210.36.32:8080/prediction/knn,,
http_req_connecting,1678217733,4.197518,,,,true,,POST,http://20.210.36.32:8080/prediction/knn,HTTP/1.1,contacts,,200,,,http://20.210.36.32:8080/prediction/knn,,
http_req_tls_handshaking,1678217733,0.000000,,,,true,,POST,http://20.210.36.32:8080/prediction/knn,HTTP/1.1,contacts,,200,,,http://20.210.36.32:8080/prediction/knn,,
http_req_sending,1678217733,0.051900,,,,true,,POST,http://20.210.36.32:8080/prediction/knn,HTTP/1.1,contacts,,200,,,http://20.210.36.32:8080/prediction/knn,,
http_req_waiting,1678217733,451.738970,,,,true,,POST,http://20.210.36.32:8080/prediction/knn,HTTP/1.1,contacts,,200,,,http://20.210.36.32:8080/prediction/knn,,
http_req_receiving,1678217733,18.470276,,,,true,,POST,http://20.210.36.32:8080/prediction/knn,HTTP/1.1,contacts,,200,,,http://20.210.36.32:8080/prediction/knn,,
http_req_failed,1678217733,0.000000,,,,true,,POST,http://20.210.36.32:8080/prediction/knn,HTTP/1.1,contacts,,200,,,http://20.210.36.32:8080/prediction/knn,,
responseTime,1678217733,470.261146,,,,,,,,,contacts,,,,,,,
data_sent,1678217733,2088.000000,,,,,,,,,contacts,,,,,,,
data_received,1678217733,199.000000,,,,,,,,,contacts,,,,,,,
iteration_duration,1678217733,474.972266,,,,,,,,,contacts,,,,,,,
iterations,1678217733,1.000000,,,,,,,,,contacts,,,,,,,
http_reqs,1678217733,1.000000,,,,true,,POST,http://20.210.36.32:8080/prediction/knn,HTTP/1.1,contacts,,200,,,http://20.210.36.32:8080/prediction/knn,,
http_req_duration,1678217733,445.545544,,,,true,,POST,http://20.210.36.32:8080/prediction/knn,HTTP/1.1,contacts,,200,,,http://20.210.36.32:8080/prediction/knn,,
http_req_blocked,1678217733,4.055517,,,,true,,POST,http://20.210.36.32:8080/prediction/knn,HTTP/1.1,contacts,,200,,,http://20.210.36.32:8080/prediction/knn,,
http_req_connecting,1678217733,4.013716,,,,true,,POST,http://20.210.36.32:8080/prediction/knn,HTTP/1.1,contacts,,200,,,http://20.210.36.32:8080/prediction/knn,,
http_req_tls_handshaking,1678217733,0.000000,,,,true,,POST,http://20.210.36.32:8080/prediction/knn,HTTP/1.1,contacts,,200,,,http://20.210.36.32:8080/prediction/knn,,
http_req_sending,1678217733,0.073101,,,,true,,POST,http://20.210.36.32:8080/prediction/knn,HTTP/1.1,contacts,,200,,,http://20.210.36.32:8080/prediction/knn,,
http_req_waiting,1678217733,445.389143,,,,true,,POST,http://20.210.36.32:8080/prediction/knn,HTTP/1.1,contacts,,200,,,http://20.210.36.32:8080/prediction/knn,,
http_req_receiving,1678217733,0.083300,,,,true,,POST,http://20.210.36.32:8080/prediction/knn,HTTP/1.1,contacts,,200,,,http://20.210.36.32:8080/prediction/knn,,
http_req_failed,1678217733,0.000000,,,,true,,POST,http://20.210.36.32:8080/prediction/knn,HTTP/1.1,contacts,,200,,,http://20.210.36.32:8080/prediction/knn,,
responseTime,1678217733,445.545544,,,,,,,,,contacts,,,,,,,
data_sent,1678217733,2088.000000,,,,,,,,,contacts,,,,,,,
data_received,1678217733,199.000000,,,,,,,,,contacts,,,,,,,
iteration_duration,1678217733,450.185263,,,,,,,,,contacts,,,,,,,
iterations,1678217733,1.000000,,,,,,,,,contacts,,,,,,,
http_reqs,1678217733,1.000000,,,,true,,POST,http://20.210.36.32:8080/prediction/knn,HTTP/1.1,contacts,,200,,,http://20.210.36.32:8080/prediction/knn,,
http_req_duration,1678217733,592.593353,,,,true,,POST,http://20.210.36.32:8080/prediction/knn,HTTP/1.1,contacts,,200,,,http://20.210.36.32:8080/prediction/knn,,
http_req_blocked,1678217733,4.174717,,,,true,,POST,http://20.210.36.32:8080/prediction/knn,HTTP/1.1,contacts,,200,,,http://20.210.36.32:8080/prediction/knn,,
http_req_connecting,1678217733,4.099817,,,,true,,POST,http://20.210.36.32:8080/prediction/knn,HTTP/1.1,contacts,,200,,,http://20.210.36.32:8080/prediction/knn,,
http_req_tls_handshaking,1678217733,0.000000,,,,true,,POST,http://20.210.36.32:8080/prediction/knn,HTTP/1.1,contacts,,200,,,http://20.210.36.32:8080/prediction/knn,,
http_req_sending,1678217733,0.075101,,,,true,,POST,http://20.210.36.32:8080/prediction/knn,HTTP/1.1,contacts,,200,,,http://20.210.36.32:8080/prediction/knn,,
http_req_waiting,1678217733,592.445052,,,,true,,POST,http://20.210.36.32:8080/prediction/knn,HTTP/1.1,contacts,,200,,,http://20.210.36.32:8080/prediction/knn,,
http_req_receiving,1678217733,0.073200,,,,true,,POST,http://20.210.36.32:8080/prediction/knn,HTTP/1.1,contacts,,200,,,http://20.210.36.32:8080/prediction/knn,,
http_req_failed,1678217733,0.000000,,,,true,,POST,http://20.210.36.32:8080/prediction/knn,HTTP/1.1,contacts,,200,,,http://20.210.36.32:8080/prediction/knn,,
responseTime,1678217733,592.593353,,,,,,,,,contacts,,,,,,,
data_sent,1678217733,2088.000000,,,,,,,,,contacts,,,,,,,
data_received,1678217733,199.000000,,,,,,,,,contacts,,,,,,,
iteration_duration,1678217733,597.110071,,,,,,,,,contacts,,,,,,,
iterations,1678217733,1.000000,,,,,,,,,contacts,,,,,,,
data_sent,1678217733,2088.000000,,,,,,,,,contacts,,,,,,,
data_received,1678217733,0.000000,,,,,,,,,contacts,,,,,,,
http_reqs,1678217733,1.000000,,,,true,,POST,http://20.210.36.32:8080/prediction/knn,HTTP/1.1,contacts,,200,,,http://20.210.36.32:8080/prediction/knn,,
http_req_duration,1678217733,551.238482,,,,true,,POST,http://20.210.36.32:8080/prediction/knn,HTTP/1.1,contacts,,200,,,http://20.210.36.32:8080/prediction/knn,,
http_req_blocked,1678217733,4.077117,,,,true,,POST,http://20.210.36.32:8080/prediction/knn,HTTP/1.1,contacts,,200,,,http://20.210.36.32:8080/prediction/knn,,
http_req_connecting,1678217733,3.962516,,,,true,,POST,http://20.210.36.32:8080/prediction/knn,HTTP/1.1,contacts,,200,,,http://20.210.36.32:8080/prediction/knn,,
http_req_tls_handshaking,1678217733,0.000000,,,,true,,POST,http://20.210.36.32:8080/prediction/knn,HTTP/1.1,contacts,,200,,,http://20.210.36.32:8080/prediction/knn,,
http_req_sending,1678217733,0.070200,,,,true,,POST,http://20.210.36.32:8080/prediction/knn,HTTP/1.1,contacts,,200,,,http://20.210.36.32:8080/prediction/knn,,
http_req_waiting,1678217733,551.061481,,,,true,,POST,http://20.210.36.32:8080/prediction/knn,HTTP/1.1,contacts,,200,,,http://20.210.36.32:8080/prediction/knn,,
http_req_receiving,1678217733,0.106801,,,,true,,POST,http://20.210.36.32:8080/prediction/knn,HTTP/1.1,contacts,,200,,,http://20.210.36.32:8080/prediction/knn,,
http_req_failed,1678217733,0.000000,,,,true,,POST,http://20.210.36.32:8080/prediction/knn,HTTP/1.1,contacts,,200,,,http://20.210.36.32:8080/prediction/knn,,
responseTime,1678217733,551.238482,,,,,,,,,contacts,,,,,,,
data_sent,1678217733,2088.000000,,,,,,,,,contacts,,,,,,,
data_received,1678217733,199.000000,,,,,,,,,contacts,,,,,,,
iteration_duration,1678217733,555.798201,,,,,,,,,contacts,,,,,,,
iterations,1678217733,1.000000,,,,,,,,,contacts,,,,,,,
http_reqs,1678217733,1.000000,,,,true,,POST,http://20.210.36.32:8080/prediction/knn,HTTP/1.1,contacts,,200,,,http://20.210.36.32:8080/prediction/knn,,
http_req_duration,1678217733,625.796090,,,,true,,POST,http://20.210.36.32:8080/prediction/knn,HTTP/1.1,contacts,,200,,,http://20.210.36.32:8080/prediction/knn,,
http_req_blocked,1678217733,3.577015,,,,true,,POST,http://20.210.36.32:8080/prediction/knn,HTTP/1.1,contacts,,200,,,http://20.210.36.32:8080/prediction/knn,,
http_req_connecting,1678217733,3.518214,,,,true,,POST,http://20.210.36.32:8080/prediction/knn,HTTP/1.1,contacts,,200,,,http://20.210.36.32:8080/prediction/knn,,
http_req_tls_handshaking,1678217733,0.000000,,,,true,,POST,http://20.210.36.32:8080/prediction/knn,HTTP/1.1,contacts,,200,,,http://20.210.36.32:8080/prediction/knn,,
http_req_sending,1678217733,0.053400,,,,true,,POST,http://20.210.36.32:8080/prediction/knn,HTTP/1.1,contacts,,200,,,http://20.210.36.32:8080/prediction/knn,,
http_req_waiting,1678217733,625.650890,,,,true,,POST,http://20.210.36.32:8080/prediction/knn,HTTP/1.1,contacts,,200,,,http://20.210.36.32:8080/prediction/knn,,
http_req_receiving,1678217733,0.091800,,,,true,,POST,http://20.210.36.32:8080/prediction/knn,HTTP/1.1,contacts,,200,,,http://20.210.36.32:8080/prediction/knn,,
http_req_failed,1678217733,0.000000,,,,true,,POST,http://20.210.36.32:8080/prediction/knn,HTTP/1.1,contacts,,200,,,http://20.210.36.32:8080/prediction/knn,,
responseTime,1678217733,625.796090,,,,,,,,,contacts,,,,,,,
data_sent,1678217733,2088.000000,,,,,,,,,contacts,,,,,,,
data_received,1678217733,199.000000,,,,,,,,,contacts,,,,,,,
iteration_duration,1678217733,629.746307,,,,,,,,,contacts,,,,,,,
iterations,1678217733,1.000000,,,,,,,,,contacts,,,,,,,
http_reqs,1678217733,1.000000,,,,true,,POST,http://20.210.36.32:8080/prediction/knn,HTTP/1.1,contacts,,200,,,http://20.210.36.32:8080/prediction/knn,,
http_req_duration,1678217733,423.223251,,,,true,,POST,http://20.210.36.32:8080/prediction/knn,HTTP/1.1,contacts,,200,,,http://20.210.36.32:8080/prediction/knn,,
http_req_blocked,1678217733,4.182018,,,,true,,POST,http://20.210.36.32:8080/prediction/knn,HTTP/1.1,contacts,,200,,,http://20.210.36.32:8080/prediction/knn,,
http_req_connecting,1678217733,4.125918,,,,true,,POST,http://20.210.36.32:8080/prediction/knn,HTTP/1.1,contacts,,200,,,http://20.210.36.32:8080/prediction/knn,,
http_req_tls_handshaking,1678217733,0.000000,,,,true,,POST,http://20.210.36.32:8080/prediction/knn,HTTP/1.1,contacts,,200,,,http://20.210.36.32:8080/prediction/knn,,
http_req_sending,1678217733,0.059000,,,,true,,POST,http://20.210.36.32:8080/prediction/knn,HTTP/1.1,contacts,,200,,,http://20.210.36.32:8080/prediction/knn,,
http_req_waiting,1678217733,423.088051,,,,true,,POST,http://20.210.36.32:8080/prediction/knn,HTTP/1.1,contacts,,200,,,http://20.210.36.32:8080/prediction/knn,,
http_req_receiving,1678217733,0.076200,,,,true,,POST,http://20.210.36.32:8080/prediction/knn,HTTP/1.1,contacts,,200,,,http://20.210.36.32:8080/prediction/knn,,
http_req_failed,1678217733,0.000000,,,,true,,POST,http://20.210.36.32:8080/prediction/knn,HTTP/1.1,contacts,,200,,,http://20.210.36.32:8080/prediction/knn,,
http_reqs,1678217733,1.000000,,,,true,,POST,http://20.210.36.32:8080/prediction/knn,HTTP/1.1,contacts,,200,,,http://20.210.36.32:8080/prediction/knn,,
http_req_duration,1678217733,398.306748,,,,true,,POST,http://20.210.36.32:8080/prediction/knn,HTTP/1.1,contacts,,200,,,http://20.210.36.32:8080/prediction/knn,,
http_req_blocked,1678217733,4.082117,,,,true,,POST,http://20.210.36.32:8080/prediction/knn,HTTP/1.1,contacts,,200,,,http://20.210.36.32:8080/prediction/knn,,
http_req_connecting,1678217733,4.031017,,,,true,,POST,http://20.210.36.32:8080/prediction/knn,HTTP/1.1,contacts,,200,,,http://20.210.36.32:8080/prediction/knn,,
http_req_tls_handshaking,1678217733,0.000000,,,,true,,POST,http://20.210.36.32:8080/prediction/knn,HTTP/1.1,contacts,,200,,,http://20.210.36.32:8080/prediction/knn,,
http_req_sending,1678217733,0.051600,,,,true,,POST,http://20.210.36.32:8080/prediction/knn,HTTP/1.1,contacts,,200,,,http://20.210.36.32:8080/prediction/knn,,
http_req_waiting,1678217733,392.092323,,,,true,,POST,http://20.210.36.32:8080/prediction/knn,HTTP/1.1,contacts,,200,,,http://20.210.36.32:8080/prediction/knn,,
http_req_receiving,1678217733,6.162825,,,,true,,POST,http://20.210.36.32:8080/prediction/knn,HTTP/1.1,contacts,,200,,,http://20.210.36.32:8080/prediction/knn,,
http_req_failed,1678217733,0.000000,,,,true,,POST,http://20.210.36.32:8080/prediction/knn,HTTP/1.1,contacts,,200,,,http://20.210.36.32:8080/prediction/knn,,
responseTime,1678217733,423.223251,,,,,,,,,contacts,,,,,,,
data_sent,1678217733,2088.000000,,,,,,,,,contacts,,,,,,,
data_received,1678217733,199.000000,,,,,,,,,contacts,,,,,,,
iteration_duration,1678217733,428.196972,,,,,,,,,contacts,,,,,,,
iterations,1678217733,1.000000,,,,,,,,,contacts,,,,,,,
responseTime,1678217733,398.306748,,,,,,,,,contacts,,,,,,,
data_sent,1678217733,2088.000000,,,,,,,,,contacts,,,,,,,
data_received,1678217733,199.000000,,,,,,,,,contacts,,,,,,,
iteration_duration,1678217733,402.944668,,,,,,,,,contacts,,,,,,,
iterations,1678217733,1.000000,,,,,,,,,contacts,,,,,,,
http_reqs,1678217733,1.000000,,,,true,,POST,http://20.210.36.32:8080/prediction/knn,HTTP/1.1,contacts,,200,,,http://20.210.36.32:8080/prediction/knn,,
http_req_duration,1678217733,350.313350,,,,true,,POST,http://20.210.36.32:8080/prediction/knn,HTTP/1.1,contacts,,200,,,http://20.210.36.32:8080/prediction/knn,,
http_req_blocked,1678217733,3.918316,,,,true,,POST,http://20.210.36.32:8080/prediction/knn,HTTP/1.1,contacts,,200,,,http://20.210.36.32:8080/prediction/knn,,
http_req_connecting,1678217733,3.866716,,,,true,,POST,http://20.210.36.32:8080/prediction/knn,HTTP/1.1,contacts,,200,,,http://20.210.36.32:8080/prediction/knn,,
http_req_tls_handshaking,1678217733,0.000000,,,,true,,POST,http://20.210.36.32:8080/prediction/knn,HTTP/1.1,contacts,,200,,,http://20.210.36.32:8080/prediction/knn,,
http_req_sending,1678217733,0.061700,,,,true,,POST,http://20.210.36.32:8080/prediction/knn,HTTP/1.1,contacts,,200,,,http://20.210.36.32:8080/prediction/knn,,
http_req_waiting,1678217733,350.126949,,,,true,,POST,http://20.210.36.32:8080/prediction/knn,HTTP/1.1,contacts,,200,,,http://20.210.36.32:8080/prediction/knn,,
http_req_receiving,1678217733,0.124701,,,,true,,POST,http://20.210.36.32:8080/prediction/knn,HTTP/1.1,contacts,,200,,,http://20.210.36.32:8080/prediction/knn,,
http_req_failed,1678217733,0.000000,,,,true,,POST,http://20.210.36.32:8080/prediction/knn,HTTP/1.1,contacts,,200,,,http://20.210.36.32:8080/prediction/knn,,
responseTime,1678217733,350.313350,,,,,,,,,contacts,,,,,,,
data_sent,1678217733,2088.000000,,,,,,,,,contacts,,,,,,,
data_received,1678217733,199.000000,,,,,,,,,contacts,,,,,,,
iteration_duration,1678217733,354.681468,,,,,,,,,contacts,,,,,,,
iterations,1678217733,1.000000,,,,,,,,,contacts,,,,,,,
http_reqs,1678217733,1.000000,,,,true,,POST,http://20.210.36.32:8080/prediction/knn,HTTP/1.1,contacts,,200,,,http://20.210.36.32:8080/prediction/knn,,
http_req_duration,1678217733,316.679311,,,,true,,POST,http://20.210.36.32:8080/prediction/knn,HTTP/1.1,contacts,,200,,,http://20.210.36.32:8080/prediction/knn,,
http_req_blocked,1678217733,4.070616,,,,true,,POST,http://20.210.36.32:8080/prediction/knn,HTTP/1.1,contacts,,200,,,http://20.210.36.32:8080/prediction/knn,,
http_req_connecting,1678217733,3.998416,,,,true,,POST,http://20.210.36.32:8080/prediction/knn,HTTP/1.1,contacts,,200,,,http://20.210.36.32:8080/prediction/knn,,
http_req_tls_handshaking,1678217733,0.000000,,,,true,,POST,http://20.210.36.32:8080/prediction/knn,HTTP/1.1,contacts,,200,,,http://20.210.36.32:8080/prediction/knn,,
http_req_sending,1678217733,0.077001,,,,true,,POST,http://20.210.36.32:8080/prediction/knn,HTTP/1.1,contacts,,200,,,http://20.210.36.32:8080/prediction/knn,,
http_req_waiting,1678217733,316.507710,,,,true,,POST,http://20.210.36.32:8080/prediction/knn,HTTP/1.1,contacts,,200,,,http://20.210.36.32:8080/prediction/knn,,
http_req_receiving,1678217733,0.094600,,,,true,,POST,http://20.210.36.32:8080/prediction/knn,HTTP/1.1,contacts,,200,,,http://20.210.36.32:8080/prediction/knn,,
http_req_failed,1678217733,0.000000,,,,true,,POST,http://20.210.36.32:8080/prediction/knn,HTTP/1.1,contacts,,200,,,http://20.210.36.32:8080/prediction/knn,,
http_reqs,1678217733,1.000000,,,,true,,POST,http://20.210.36.32:8080/prediction/knn,HTTP/1.1,contacts,,200,,,http://20.210.36.32:8080/prediction/knn,,
http_req_duration,1678217733,422.793150,,,,true,,POST,http://20.210.36.32:8080/prediction/knn,HTTP/1.1,contacts,,200,,,http://20.210.36.32:8080/prediction/knn,,
http_req_blocked,1678217733,4.258518,,,,true,,POST,http://20.210.36.32:8080/prediction/knn,HTTP/1.1,contacts,,200,,,http://20.210.36.32:8080/prediction/knn,,
http_req_connecting,1678217733,4.141017,,,,true,,POST,http://20.210.36.32:8080/prediction/knn,HTTP/1.1,contacts,,200,,,http://20.210.36.32:8080/prediction/knn,,
http_req_tls_handshaking,1678217733,0.000000,,,,true,,POST,http://20.210.36.32:8080/prediction/knn,HTTP/1.1,contacts,,200,,,http://20.210.36.32:8080/prediction/knn,,
http_req_sending,1678217733,0.143100,,,,true,,POST,http://20.210.36.32:8080/prediction/knn,HTTP/1.1,contacts,,200,,,http://20.210.36.32:8080/prediction/knn,,
http_req_waiting,1678217733,422.545249,,,,true,,POST,http://20.210.36.32:8080/prediction/knn,HTTP/1.1,contacts,,200,,,http://20.210.36.32:8080/prediction/knn,,
http_req_receiving,1678217733,0.104801,,,,true,,POST,http://20.210.36.32:8080/prediction/knn,HTTP/1.1,contacts,,200,,,http://20.210.36.32:8080/prediction/knn,,
http_req_failed,1678217733,0.000000,,,,true,,POST,http://20.210.36.32:8080/prediction/knn,HTTP/1.1,contacts,,200,,,http://20.210.36.32:8080/prediction/knn,,
responseTime,1678217733,316.679311,,,,,,,,,contacts,,,,,,,
data_sent,1678217733,2088.000000,,,,,,,,,contacts,,,,,,,
data_received,1678217733,199.000000,,,,,,,,,contacts,,,,,,,
iteration_duration,1678217733,321.751931,,,,,,,,,contacts,,,,,,,
iterations,1678217733,1.000000,,,,,,,,,contacts,,,,,,,
responseTime,1678217733,422.793150,,,,,,,,,contacts,,,,,,,
data_sent,1678217733,2088.000000,,,,,,,,,contacts,,,,,,,
data_received,1678217733,199.000000,,,,,,,,,contacts,,,,,,,
iteration_duration,1678217733,427.756671,,,,,,,,,contacts,,,,,,,
iterations,1678217733,1.000000,,,,,,,,,contacts,,,,,,,
http_reqs,1678217733,1.000000,,,,true,,POST,http://20.210.36.32:8080/prediction/knn,HTTP/1.1,contacts,,200,,,http://20.210.36.32:8080/prediction/knn,,
http_req_duration,1678217733,323.090737,,,,true,,POST,http://20.210.36.32:8080/prediction/knn,HTTP/1.1,contacts,,200,,,http://20.210.36.32:8080/prediction/knn,,
http_req_blocked,1678217733,4.403118,,,,true,,POST,http://20.210.36.32:8080/prediction/knn,HTTP/1.1,contacts,,200,,,http://20.210.36.32:8080/prediction/knn,,
http_req_connecting,1678217733,4.321918,,,,true,,POST,http://20.210.36.32:8080/prediction/knn,HTTP/1.1,contacts,,200,,,http://20.210.36.32:8080/prediction/knn,,
http_req_tls_handshaking,1678217733,0.000000,,,,true,,POST,http://20.210.36.32:8080/prediction/knn,HTTP/1.1,contacts,,200,,,http://20.210.36.32:8080/prediction/knn,,
http_req_sending,1678217733,0.046800,,,,true,,POST,http://20.210.36.32:8080/prediction/knn,HTTP/1.1,contacts,,200,,,http://20.210.36.32:8080/prediction/knn,,
http_req_waiting,1678217733,322.486735,,,,true,,POST,http://20.210.36.32:8080/prediction/knn,HTTP/1.1,contacts,,200,,,http://20.210.36.32:8080/prediction/knn,,
http_req_receiving,1678217733,0.557202,,,,true,,POST,http://20.210.36.32:8080/prediction/knn,HTTP/1.1,contacts,,200,,,http://20.210.36.32:8080/prediction/knn,,
http_req_failed,1678217733,0.000000,,,,true,,POST,http://20.210.36.32:8080/prediction/knn,HTTP/1.1,contacts,,200,,,http://20.210.36.32:8080/prediction/knn,,
responseTime,1678217733,323.090737,,,,,,,,,contacts,,,,,,,
data_sent,1678217733,2088.000000,,,,,,,,,contacts,,,,,,,
data_received,1678217733,199.000000,,,,,,,,,contacts,,,,,,,
iteration_duration,1678217733,327.802057,,,,,,,,,contacts,,,,,,,
iterations,1678217733,1.000000,,,,,,,,,contacts,,,,,,,
data_sent,1678217733,2088.000000,,,,,,,,,contacts,,,,,,,
data_received,1678217733,0.000000,,,,,,,,,contacts,,,,,,,
http_reqs,1678217733,1.000000,,,,true,,POST,http://20.210.36.32:8080/prediction/knn,HTTP/1.1,contacts,,200,,,http://20.210.36.32:8080/prediction/knn,,
http_req_duration,1678217733,392.785725,,,,true,,POST,http://20.210.36.32:8080/prediction/knn,HTTP/1.1,contacts,,200,,,http://20.210.36.32:8080/prediction/knn,,
http_req_blocked,1678217733,4.192518,,,,true,,POST,http://20.210.36.32:8080/prediction/knn,HTTP/1.1,contacts,,200,,,http://20.210.36.32:8080/prediction/knn,,
http_req_connecting,1678217733,4.114517,,,,true,,POST,http://20.210.36.32:8080/prediction/knn,HTTP/1.1,contacts,,200,,,http://20.210.36.32:8080/prediction/knn,,
http_req_tls_handshaking,1678217733,0.000000,,,,true,,POST,http://20.210.36.32:8080/prediction/knn,HTTP/1.1,contacts,,200,,,http://20.210.36.32:8080/prediction/knn,,
http_req_sending,1678217733,0.056600,,,,true,,POST,http://20.210.36.32:8080/prediction/knn,HTTP/1.1,contacts,,200,,,http://20.210.36.32:8080/prediction/knn,,
http_req_waiting,1678217733,392.637025,,,,true,,POST,http://20.210.36.32:8080/prediction/knn,HTTP/1.1,contacts,,200,,,http://20.210.36.32:8080/prediction/knn,,
http_req_receiving,1678217733,0.092100,,,,true,,POST,http://20.210.36.32:8080/prediction/knn,HTTP/1.1,contacts,,200,,,http://20.210.36.32:8080/prediction/knn,,
http_req_failed,1678217733,0.000000,,,,true,,POST,http://20.210.36.32:8080/prediction/knn,HTTP/1.1,contacts,,200,,,http://20.210.36.32:8080/prediction/knn,,
responseTime,1678217733,392.785725,,,,,,,,,contacts,,,,,,,
data_sent,1678217733,2088.000000,,,,,,,,,contacts,,,,,,,
data_received,1678217733,199.000000,,,,,,,,,contacts,,,,,,,
iteration_duration,1678217733,397.619246,,,,,,,,,contacts,,,,,,,
iterations,1678217733,1.000000,,,,,,,,,contacts,,,,,,,
data_sent,1678217733,2088.000000,,,,,,,,,contacts,,,,,,,
data_received,1678217733,0.000000,,,,,,,,,contacts,,,,,,,
http_reqs,1678217733,1.000000,,,,true,,POST,http://20.210.36.32:8080/prediction/knn,HTTP/1.1,contacts,,200,,,http://20.210.36.32:8080/prediction/knn,,
http_req_duration,1678217733,383.056886,,,,true,,POST,http://20.210.36.32:8080/prediction/knn,HTTP/1.1,contacts,,200,,,http://20.210.36.32:8080/prediction/knn,,
http_req_blocked,1678217733,3.856416,,,,true,,POST,http://20.210.36.32:8080/prediction/knn,HTTP/1.1,contacts,,200,,,http://20.210.36.32:8080/prediction/knn,,
http_req_connecting,1678217733,3.780315,,,,true,,POST,http://20.210.36.32:8080/prediction/knn,HTTP/1.1,contacts,,200,,,http://20.210.36.32:8080/prediction/knn,,
http_req_tls_handshaking,1678217733,0.000000,,,,true,,POST,http://20.210.36.32:8080/prediction/knn,HTTP/1.1,contacts,,200,,,http://20.210.36.32:8080/prediction/knn,,
http_req_sending,1678217733,0.056800,,,,true,,POST,http://20.210.36.32:8080/prediction/knn,HTTP/1.1,contacts,,200,,,http://20.210.36.32:8080/prediction/knn,,
http_req_waiting,1678217733,378.065365,,,,true,,POST,http://20.210.36.32:8080/prediction/knn,HTTP/1.1,contacts,,200,,,http://20.210.36.32:8080/prediction/knn,,
http_req_receiving,1678217733,4.934721,,,,true,,POST,http://20.210.36.32:8080/prediction/knn,HTTP/1.1,contacts,,200,,,http://20.210.36.32:8080/prediction/knn,,
http_req_failed,1678217733,0.000000,,,,true,,POST,http://20.210.36.32:8080/prediction/knn,HTTP/1.1,contacts,,200,,,http://20.210.36.32:8080/prediction/knn,,
responseTime,1678217733,383.056886,,,,,,,,,contacts,,,,,,,
data_sent,1678217733,2088.000000,,,,,,,,,contacts,,,,,,,
data_received,1678217733,199.000000,,,,,,,,,contacts,,,,,,,
iteration_duration,1678217733,387.229302,,,,,,,,,contacts,,,,,,,
iterations,1678217733,1.000000,,,,,,,,,contacts,,,,,,,
http_reqs,1678217733,1.000000,,,,true,,POST,http://20.210.36.32:8080/prediction/knn,HTTP/1.1,contacts,,200,,,http://20.210.36.32:8080/prediction/knn,,
http_req_duration,1678217733,352.350358,,,,true,,POST,http://20.210.36.32:8080/prediction/knn,HTTP/1.1,contacts,,200,,,http://20.210.36.32:8080/prediction/knn,,
http_req_blocked,1678217733,4.435918,,,,true,,POST,http://20.210.36.32:8080/prediction/knn,HTTP/1.1,contacts,,200,,,http://20.210.36.32:8080/prediction/knn,,
http_req_connecting,1678217733,4.341218,,,,true,,POST,http://20.210.36.32:8080/prediction/knn,HTTP/1.1,contacts,,200,,,http://20.210.36.32:8080/prediction/knn,,
http_req_tls_handshaking,1678217733,0.000000,,,,true,,POST,http://20.210.36.32:8080/prediction/knn,HTTP/1.1,contacts,,200,,,http://20.210.36.32:8080/prediction/knn,,
http_req_sending,1678217733,0.062200,,,,true,,POST,http://20.210.36.32:8080/prediction/knn,HTTP/1.1,contacts,,200,,,http://20.210.36.32:8080/prediction/knn,,
http_req_waiting,1678217733,352.138258,,,,true,,POST,http://20.210.36.32:8080/prediction/knn,HTTP/1.1,contacts,,200,,,http://20.210.36.32:8080/prediction/knn,,
http_req_receiving,1678217733,0.149900,,,,true,,POST,http://20.210.36.32:8080/prediction/knn,HTTP/1.1,contacts,,200,,,http://20.210.36.32:8080/prediction/knn,,
http_req_failed,1678217733,0.000000,,,,true,,POST,http://20.210.36.32:8080/prediction/knn,HTTP/1.1,contacts,,200,,,http://20.210.36.32:8080/prediction/knn,,
responseTime,1678217733,352.350358,,,,,,,,,contacts,,,,,,,
data_sent,1678217733,2088.000000,,,,,,,,,contacts,,,,,,,
data_received,1678217733,199.000000,,,,,,,,,contacts,,,,,,,
iteration_duration,1678217733,357.359779,,,,,,,,,contacts,,,,,,,
iterations,1678217733,1.000000,,,,,,,,,contacts,,,,,,,
http_reqs,1678217733,1.000000,,,,true,,POST,http://20.210.36.32:8080/prediction/knn,HTTP/1.1,contacts,,200,,,http://20.210.36.32:8080/prediction/knn,,
http_req_duration,1678217733,284.801879,,,,true,,POST,http://20.210.36.32:8080/prediction/knn,HTTP/1.1,contacts,,200,,,http://20.210.36.32:8080/prediction/knn,,
http_req_blocked,1678217733,4.693319,,,,true,,POST,http://20.210.36.32:8080/prediction/knn,HTTP/1.1,contacts,,200,,,http://20.210.36.32:8080/prediction/knn,,
http_req_connecting,1678217733,4.587919,,,,true,,POST,http://20.210.36.32:8080/prediction/knn,HTTP/1.1,contacts,,200,,,http://20.210.36.32:8080/prediction/knn,,
http_req_tls_handshaking,1678217733,0.000000,,,,true,,POST,http://20.210.36.32:8080/prediction/knn,HTTP/1.1,contacts,,200,,,http://20.210.36.32:8080/prediction/knn,,
http_req_sending,1678217733,0.087700,,,,true,,POST,http://20.210.36.32:8080/prediction/knn,HTTP/1.1,contacts,,200,,,http://20.210.36.32:8080/prediction/knn,,
http_req_waiting,1678217733,284.653579,,,,true,,POST,http://20.210.36.32:8080/prediction/knn,HTTP/1.1,contacts,,200,,,http://20.210.36.32:8080/prediction/knn,,
http_req_receiving,1678217733,0.060600,,,,true,,POST,http://20.210.36.32:8080/prediction/knn,HTTP/1.1,contacts,,200,,,http://20.210.36.32:8080/prediction/knn,,
http_req_failed,1678217733,0.000000,,,,true,,POST,http://20.210.36.32:8080/prediction/knn,HTTP/1.1,contacts,,200,,,http://20.210.36.32:8080/prediction/knn,,
responseTime,1678217733,284.801879,,,,,,,,,contacts,,,,,,,
data_sent,1678217733,2088.000000,,,,,,,,,contacts,,,,,,,
data_received,1678217733,199.000000,,,,,,,,,contacts,,,,,,,
iteration_duration,1678217733,290.057700,,,,,,,,,contacts,,,,,,,
iterations,1678217733,1.000000,,,,,,,,,contacts,,,,,,,
data_sent,1678217733,2088.000000,,,,,,,,,contacts,,,,,,,
data_received,1678217733,0.000000,,,,,,,,,contacts,,,,,,,
http_reqs,1678217733,1.000000,,,,true,,POST,http://20.210.36.32:8080/prediction/knn,HTTP/1.1,contacts,,200,,,http://20.210.36.32:8080/prediction/knn,,
http_req_duration,1678217733,278.777254,,,,true,,POST,http://20.210.36.32:8080/prediction/knn,HTTP/1.1,contacts,,200,,,http://20.210.36.32:8080/prediction/knn,,
http_req_blocked,1678217733,2.374310,,,,true,,POST,http://20.210.36.32:8080/prediction/knn,HTTP/1.1,contacts,,200,,,http://20.210.36.32:8080/prediction/knn,,
http_req_connecting,1678217733,2.325010,,,,true,,POST,http://20.210.36.32:8080/prediction/knn,HTTP/1.1,contacts,,200,,,http://20.210.36.32:8080/prediction/knn,,
http_req_tls_handshaking,1678217733,0.000000,,,,true,,POST,http://20.210.36.32:8080/prediction/knn,HTTP/1.1,contacts,,200,,,http://20.210.36.32:8080/prediction/knn,,
http_req_sending,1678217733,0.035700,,,,true,,POST,http://20.210.36.32:8080/prediction/knn,HTTP/1.1,contacts,,200,,,http://20.210.36.32:8080/prediction/knn,,
http_req_waiting,1678217733,278.623853,,,,true,,POST,http://20.210.36.32:8080/prediction/knn,HTTP/1.1,contacts,,200,,,http://20.210.36.32:8080/prediction/knn,,
http_req_receiving,1678217733,0.117701,,,,true,,POST,http://20.210.36.32:8080/prediction/knn,HTTP/1.1,contacts,,200,,,http://20.210.36.32:8080/prediction/knn,,
http_req_failed,1678217733,0.000000,,,,true,,POST,http://20.210.36.32:8080/prediction/knn,HTTP/1.1,contacts,,200,,,http://20.210.36.32:8080/prediction/knn,,
responseTime,1678217733,278.777254,,,,,,,,,contacts,,,,,,,
data_sent,1678217733,2088.000000,,,,,,,,,contacts,,,,,,,
data_received,1678217733,199.000000,,,,,,,,,contacts,,,,,,,
iteration_duration,1678217733,281.556266,,,,,,,,,contacts,,,,,,,
iterations,1678217733,1.000000,,,,,,,,,contacts,,,,,,,
http_reqs,1678217733,1.000000,,,,true,,POST,http://20.210.36.32:8080/prediction/knn,HTTP/1.1,contacts,,200,,,http://20.210.36.32:8080/prediction/knn,,
http_req_duration,1678217733,324.960445,,,,true,,POST,http://20.210.36.32:8080/prediction/knn,HTTP/1.1,contacts,,200,,,http://20.210.36.32:8080/prediction/knn,,
http_req_blocked,1678217733,3.853916,,,,true,,POST,http://20.210.36.32:8080/prediction/knn,HTTP/1.1,contacts,,200,,,http://20.210.36.32:8080/prediction/knn,,
http_req_connecting,1678217733,3.779916,,,,true,,POST,http://20.210.36.32:8080/prediction/knn,HTTP/1.1,contacts,,200,,,http://20.210.36.32:8080/prediction/knn,,
http_req_tls_handshaking,1678217733,0.000000,,,,true,,POST,http://20.210.36.32:8080/prediction/knn,HTTP/1.1,contacts,,200,,,http://20.210.36.32:8080/prediction/knn,,
http_req_sending,1678217733,0.059900,,,,true,,POST,http://20.210.36.32:8080/prediction/knn,HTTP/1.1,contacts,,200,,,http://20.210.36.32:8080/prediction/knn,,
http_req_waiting,1678217733,324.783945,,,,true,,POST,http://20.210.36.32:8080/prediction/knn,HTTP/1.1,contacts,,200,,,http://20.210.36.32:8080/prediction/knn,,
http_req_receiving,1678217733,0.116600,,,,true,,POST,http://20.210.36.32:8080/prediction/knn,HTTP/1.1,contacts,,200,,,http://20.210.36.32:8080/prediction/knn,,
http_req_failed,1678217733,0.000000,,,,true,,POST,http://20.210.36.32:8080/prediction/knn,HTTP/1.1,contacts,,200,,,http://20.210.36.32:8080/prediction/knn,,
responseTime,1678217733,324.960445,,,,,,,,,contacts,,,,,,,
data_sent,1678217733,2088.000000,,,,,,,,,contacts,,,,,,,
data_received,1678217733,199.000000,,,,,,,,,contacts,,,,,,,
iteration_duration,1678217733,329.213863,,,,,,,,,contacts,,,,,,,
iterations,1678217733,1.000000,,,,,,,,,contacts,,,,,,,
http_reqs,1678217733,1.000000,,,,true,,POST,http://20.210.36.32:8080/prediction/knn,HTTP/1.1,contacts,,200,,,http://20.210.36.32:8080/prediction/knn,,
http_req_duration,1678217733,299.814141,,,,true,,POST,http://20.210.36.32:8080/prediction/knn,HTTP/1.1,contacts,,200,,,http://20.210.36.32:8080/prediction/knn,,
http_req_blocked,1678217733,4.234918,,,,true,,POST,http://20.210.36.32:8080/prediction/knn,HTTP/1.1,contacts,,200,,,http://20.210.36.32:8080/prediction/knn,,
http_req_connecting,1678217733,4.168017,,,,true,,POST,http://20.210.36.32:8080/prediction/knn,HTTP/1.1,contacts,,200,,,http://20.210.36.32:8080/prediction/knn,,
http_req_tls_handshaking,1678217733,0.000000,,,,true,,POST,http://20.210.36.32:8080/prediction/knn,HTTP/1.1,contacts,,200,,,http://20.210.36.32:8080/prediction/knn,,
http_req_sending,1678217733,0.072300,,,,true,,POST,http://20.210.36.32:8080/prediction/knn,HTTP/1.1,contacts,,200,,,http://20.210.36.32:8080/prediction/knn,,
http_req_waiting,1678217733,299.678540,,,,true,,POST,http://20.210.36.32:8080/prediction/knn,HTTP/1.1,contacts,,200,,,http://20.210.36.32:8080/prediction/knn,,
http_req_receiving,1678217733,0.063301,,,,true,,POST,http://20.210.36.32:8080/prediction/knn,HTTP/1.1,contacts,,200,,,http://20.210.36.32:8080/prediction/knn,,
http_req_failed,1678217733,0.000000,,,,true,,POST,http://20.210.36.32:8080/prediction/knn,HTTP/1.1,contacts,,200,,,http://20.210.36.32:8080/prediction/knn,,
responseTime,1678217733,299.814141,,,,,,,,,contacts,,,,,,,
data_sent,1678217733,2088.000000,,,,,,,,,contacts,,,,,,,
data_received,1678217733,199.000000,,,,,,,,,contacts,,,,,,,
iteration_duration,1678217733,304.501860,,,,,,,,,contacts,,,,,,,
iterations,1678217733,1.000000,,,,,,,,,contacts,,,,,,,
http_reqs,1678217733,1.000000,,,,true,,POST,http://20.210.36.32:8080/prediction/knn,HTTP/1.1,contacts,,200,,,http://20.210.36.32:8080/prediction/knn,,
http_req_duration,1678217733,276.403044,,,,true,,POST,http://20.210.36.32:8080/prediction/knn,HTTP/1.1,contacts,,200,,,http://20.210.36.32:8080/prediction/knn,,
http_req_blocked,1678217733,1.956408,,,,true,,POST,http://20.210.36.32:8080/prediction/knn,HTTP/1.1,contacts,,200,,,http://20.210.36.32:8080/prediction/knn,,
http_req_connecting,1678217733,1.896908,,,,true,,POST,http://20.210.36.32:8080/prediction/knn,HTTP/1.1,contacts,,200,,,http://20.210.36.32:8080/prediction/knn,,
http_req_tls_handshaking,1678217733,0.000000,,,,true,,POST,http://20.210.36.32:8080/prediction/knn,HTTP/1.1,contacts,,200,,,http://20.210.36.32:8080/prediction/knn,,
http_req_sending,1678217733,0.145201,,,,true,,POST,http://20.210.36.32:8080/prediction/knn,HTTP/1.1,contacts,,200,,,http://20.210.36.32:8080/prediction/knn,,
http_req_waiting,1678217733,276.159843,,,,true,,POST,http://20.210.36.32:8080/prediction/knn,HTTP/1.1,contacts,,200,,,http://20.210.36.32:8080/prediction/knn,,
http_req_receiving,1678217733,0.098000,,,,true,,POST,http://20.210.36.32:8080/prediction/knn,HTTP/1.1,contacts,,200,,,http://20.210.36.32:8080/prediction/knn,,
http_req_failed,1678217733,0.000000,,,,true,,POST,http://20.210.36.32:8080/prediction/knn,HTTP/1.1,contacts,,200,,,http://20.210.36.32:8080/prediction/knn,,
http_reqs,1678217733,1.000000,,,,true,,POST,http://20.210.36.32:8080/prediction/knn,HTTP/1.1,contacts,,200,,,http://20.210.36.32:8080/prediction/knn,,
http_req_duration,1678217733,326.887753,,,,true,,POST,http://20.210.36.32:8080/prediction/knn,HTTP/1.1,contacts,,200,,,http://20.210.36.32:8080/prediction/knn,,
http_req_blocked,1678217733,4.045017,,,,true,,POST,http://20.210.36.32:8080/prediction/knn,HTTP/1.1,contacts,,200,,,http://20.210.36.32:8080/prediction/knn,,
http_req_connecting,1678217733,3.901416,,,,true,,POST,http://20.210.36.32:8080/prediction/knn,HTTP/1.1,contacts,,200,,,http://20.210.36.32:8080/prediction/knn,,
http_req_tls_handshaking,1678217733,0.000000,,,,true,,POST,http://20.210.36.32:8080/prediction/knn,HTTP/1.1,contacts,,200,,,http://20.210.36.32:8080/prediction/knn,,
http_req_sending,1678217733,0.144901,,,,true,,POST,http://20.210.36.32:8080/prediction/knn,HTTP/1.1,contacts,,200,,,http://20.210.36.32:8080/prediction/knn,,
http_req_waiting,1678217733,326.604652,,,,true,,POST,http://20.210.36.32:8080/prediction/knn,HTTP/1.1,contacts,,200,,,http://20.210.36.32:8080/prediction/knn,,
http_req_receiving,1678217733,0.138200,,,,true,,POST,http://20.210.36.32:8080/prediction/knn,HTTP/1.1,contacts,,200,,,http://20.210.36.32:8080/prediction/knn,,
http_req_failed,1678217733,0.000000,,,,true,,POST,http://20.210.36.32:8080/prediction/knn,HTTP/1.1,contacts,,200,,,http://20.210.36.32:8080/prediction/knn,,
responseTime,1678217733,326.887753,,,,,,,,,contacts,,,,,,,
data_sent,1678217733,2088.000000,,,,,,,,,contacts,,,,,,,
data_received,1678217733,199.000000,,,,,,,,,contacts,,,,,,,
iteration_duration,1678217733,331.190571,,,,,,,,,contacts,,,,,,,
iterations,1678217733,1.000000,,,,,,,,,contacts,,,,,,,
responseTime,1678217733,276.403044,,,,,,,,,contacts,,,,,,,
data_sent,1678217733,2088.000000,,,,,,,,,contacts,,,,,,,
data_received,1678217733,199.000000,,,,,,,,,contacts,,,,,,,
iteration_duration,1678217733,279.137956,,,,,,,,,contacts,,,,,,,
iterations,1678217733,1.000000,,,,,,,,,contacts,,,,,,,
http_reqs,1678217733,1.000000,,,,true,,POST,http://20.210.36.32:8080/prediction/knn,HTTP/1.1,contacts,,200,,,http://20.210.36.32:8080/prediction/knn,,
http_req_duration,1678217733,308.594478,,,,true,,POST,http://20.210.36.32:8080/prediction/knn,HTTP/1.1,contacts,,200,,,http://20.210.36.32:8080/prediction/knn,,
http_req_blocked,1678217733,2.166308,,,,true,,POST,http://20.210.36.32:8080/prediction/knn,HTTP/1.1,contacts,,200,,,http://20.210.36.32:8080/prediction/knn,,
http_req_connecting,1678217733,2.116508,,,,true,,POST,http://20.210.36.32:8080/prediction/knn,HTTP/1.1,contacts,,200,,,http://20.210.36.32:8080/prediction/knn,,
http_req_tls_handshaking,1678217733,0.000000,,,,true,,POST,http://20.210.36.32:8080/prediction/knn,HTTP/1.1,contacts,,200,,,http://20.210.36.32:8080/prediction/knn,,
http_req_sending,1678217733,0.058901,,,,true,,POST,http://20.210.36.32:8080/prediction/knn,HTTP/1.1,contacts,,200,,,http://20.210.36.32:8080/prediction/knn,,
http_req_waiting,1678217733,300.465043,,,,true,,POST,http://20.210.36.32:8080/prediction/knn,HTTP/1.1,contacts,,200,,,http://20.210.36.32:8080/prediction/knn,,
http_req_receiving,1678217733,8.070534,,,,true,,POST,http://20.210.36.32:8080/prediction/knn,HTTP/1.1,contacts,,200,,,http://20.210.36.32:8080/prediction/knn,,
http_req_failed,1678217733,0.000000,,,,true,,POST,http://20.210.36.32:8080/prediction/knn,HTTP/1.1,contacts,,200,,,http://20.210.36.32:8080/prediction/knn,,
responseTime,1678217733,308.594478,,,,,,,,,contacts,,,,,,,
data_sent,1678217733,2088.000000,,,,,,,,,contacts,,,,,,,
data_received,1678217733,199.000000,,,,,,,,,contacts,,,,,,,
iteration_duration,1678217733,311.208188,,,,,,,,,contacts,,,,,,,
iterations,1678217733,1.000000,,,,,,,,,contacts,,,,,,,
data_sent,1678217733,2088.000000,,,,,,,,,contacts,,,,,,,
data_received,1678217733,0.000000,,,,,,,,,contacts,,,,,,,
vus,1678217733,11.000000,,,,,,,,,,,,,,,,
vus_max,1678217733,100.000000,,,,,,,,,,,,,,,,
http_reqs,1678217733,1.000000,,,,true,,POST,http://20.210.36.32:8080/prediction/knn,HTTP/1.1,contacts,,200,,,http://20.210.36.32:8080/prediction/knn,,
http_req_duration,1678217733,348.099841,,,,true,,POST,http://20.210.36.32:8080/prediction/knn,HTTP/1.1,contacts,,200,,,http://20.210.36.32:8080/prediction/knn,,
http_req_blocked,1678217733,2.343809,,,,true,,POST,http://20.210.36.32:8080/prediction/knn,HTTP/1.1,contacts,,200,,,http://20.210.36.32:8080/prediction/knn,,
http_req_connecting,1678217733,2.238709,,,,true,,POST,http://20.210.36.32:8080/prediction/knn,HTTP/1.1,contacts,,200,,,http://20.210.36.32:8080/prediction/knn,,
http_req_tls_handshaking,1678217733,0.000000,,,,true,,POST,http://20.210.36.32:8080/prediction/knn,HTTP/1.1,contacts,,200,,,http://20.210.36.32:8080/prediction/knn,,
http_req_sending,1678217733,0.106200,,,,true,,POST,http://20.210.36.32:8080/prediction/knn,HTTP/1.1,contacts,,200,,,http://20.210.36.32:8080/prediction/knn,,
http_req_waiting,1678217733,347.865640,,,,true,,POST,http://20.210.36.32:8080/prediction/knn,HTTP/1.1,contacts,,200,,,http://20.210.36.32:8080/prediction/knn,,
http_req_receiving,1678217733,0.128001,,,,true,,POST,http://20.210.36.32:8080/prediction/knn,HTTP/1.1,contacts,,200,,,http://20.210.36.32:8080/prediction/knn,,
http_req_failed,1678217733,0.000000,,,,true,,POST,http://20.210.36.32:8080/prediction/knn,HTTP/1.1,contacts,,200,,,http://20.210.36.32:8080/prediction/knn,,
responseTime,1678217733,348.099841,,,,,,,,,contacts,,,,,,,
data_sent,1678217733,2088.000000,,,,,,,,,contacts,,,,,,,
data_received,1678217733,199.000000,,,,,,,,,contacts,,,,,,,
iteration_duration,1678217733,350.752751,,,,,,,,,contacts,,,,,,,
iterations,1678217733,1.000000,,,,,,,,,contacts,,,,,,,
http_reqs,1678217733,1.000000,,,,true,,POST,http://20.210.36.32:8080/prediction/knn,HTTP/1.1,contacts,,200,,,http://20.210.36.32:8080/prediction/knn,,
http_req_duration,1678217733,273.566232,,,,true,,POST,http://20.210.36.32:8080/prediction/knn,HTTP/1.1,contacts,,200,,,http://20.210.36.32:8080/prediction/knn,,
http_req_blocked,1678217733,2.233209,,,,true,,POST,http://20.210.36.32:8080/prediction/knn,HTTP/1.1,contacts,,200,,,http://20.210.36.32:8080/prediction/knn,,
http_req_connecting,1678217733,2.089708,,,,true,,POST,http://20.210.36.32:8080/prediction/knn,HTTP/1.1,contacts,,200,,,http://20.210.36.32:8080/prediction/knn,,
http_req_tls_handshaking,1678217733,0.000000,,,,true,,POST,http://20.210.36.32:8080/prediction/knn,HTTP/1.1,contacts,,200,,,http://20.210.36.32:8080/prediction/knn,,
http_req_sending,1678217733,0.121401,,,,true,,POST,http://20.210.36.32:8080/prediction/knn,HTTP/1.1,contacts,,200,,,http://20.210.36.32:8080/prediction/knn,,
http_req_waiting,1678217733,273.293531,,,,true,,POST,http://20.210.36.32:8080/prediction/knn,HTTP/1.1,contacts,,200,,,http://20.210.36.32:8080/prediction/knn,,
http_req_receiving,1678217733,0.151300,,,,true,,POST,http://20.210.36.32:8080/prediction/knn,HTTP/1.1,contacts,,200,,,http://20.210.36.32:8080/prediction/knn,,
http_req_failed,1678217733,0.000000,,,,true,,POST,http://20.210.36.32:8080/prediction/knn,HTTP/1.1,contacts,,200,,,http://20.210.36.32:8080/prediction/knn,,
responseTime,1678217733,273.566232,,,,,,,,,contacts,,,,,,,
data_sent,1678217733,2088.000000,,,,,,,,,contacts,,,,,,,
data_received,1678217733,199.000000,,,,,,,,,contacts,,,,,,,
iteration_duration,1678217733,276.481344,,,,,,,,,contacts,,,,,,,
iterations,1678217733,1.000000,,,,,,,,,contacts,,,,,,,
http_reqs,1678217733,1.000000,,,,true,,POST,http://20.210.36.32:8080/prediction/knn,HTTP/1.1,contacts,,200,,,http://20.210.36.32:8080/prediction/knn,,
http_req_duration,1678217733,447.812554,,,,true,,POST,http://20.210.36.32:8080/prediction/knn,HTTP/1.1,contacts,,200,,,http://20.210.36.32:8080/prediction/knn,,
http_req_blocked,1678217733,4.247317,,,,true,,POST,http://20.210.36.32:8080/prediction/knn,HTTP/1.1,contacts,,200,,,http://20.210.36.32:8080/prediction/knn,,
http_req_connecting,1678217733,4.169417,,,,true,,POST,http://20.210.36.32:8080/prediction/knn,HTTP/1.1,contacts,,200,,,http://20.210.36.32:8080/prediction/knn,,
http_req_tls_handshaking,1678217733,0.000000,,,,true,,POST,http://20.210.36.32:8080/prediction/knn,HTTP/1.1,contacts,,200,,,http://20.210.36.32:8080/prediction/knn,,
http_req_sending,1678217733,0.105301,,,,true,,POST,http://20.210.36.32:8080/prediction/knn,HTTP/1.1,contacts,,200,,,http://20.210.36.32:8080/prediction/knn,,
http_req_waiting,1678217733,447.628752,,,,true,,POST,http://20.210.36.32:8080/prediction/knn,HTTP/1.1,contacts,,200,,,http://20.210.36.32:8080/prediction/knn,,
http_req_receiving,1678217733,0.078501,,,,true,,POST,http://20.210.36.32:8080/prediction/knn,HTTP/1.1,contacts,,200,,,http://20.210.36.32:8080/prediction/knn,,
http_req_failed,1678217733,0.000000,,,,true,,POST,http://20.210.36.32:8080/prediction/knn,HTTP/1.1,contacts,,200,,,http://20.210.36.32:8080/prediction/knn,,
responseTime,1678217733,447.812554,,,,,,,,,contacts,,,,,,,
data_sent,1678217733,2088.000000,,,,,,,,,contacts,,,,,,,
data_received,1678217733,199.000000,,,,,,,,,contacts,,,,,,,
iteration_duration,1678217733,452.356472,,,,,,,,,contacts,,,,,,,
iterations,1678217733,1.000000,,,,,,,,,contacts,,,,,,,
http_reqs,1678217733,1.000000,,,,true,,POST,http://20.210.36.32:8080/prediction/knn,HTTP/1.1,contacts,,200,,,http://20.210.36.32:8080/prediction/knn,,
http_req_duration,1678217733,245.570817,,,,true,,POST,http://20.210.36.32:8080/prediction/knn,HTTP/1.1,contacts,,200,,,http://20.210.36.32:8080/prediction/knn,,
http_req_blocked,1678217733,13.473756,,,,true,,POST,http://20.210.36.32:8080/prediction/knn,HTTP/1.1,contacts,,200,,,http://20.210.36.32:8080/prediction/knn,,
http_req_connecting,1678217733,13.400755,,,,true,,POST,http://20.210.36.32:8080/prediction/knn,HTTP/1.1,contacts,,200,,,http://20.210.36.32:8080/prediction/knn,,
http_req_tls_handshaking,1678217733,0.000000,,,,true,,POST,http://20.210.36.32:8080/prediction/knn,HTTP/1.1,contacts,,200,,,http://20.210.36.32:8080/prediction/knn,,
http_req_sending,1678217733,0.054901,,,,true,,POST,http://20.210.36.32:8080/prediction/knn,HTTP/1.1,contacts,,200,,,http://20.210.36.32:8080/prediction/knn,,
http_req_waiting,1678217733,245.432415,,,,true,,POST,http://20.210.36.32:8080/prediction/knn,HTTP/1.1,contacts,,200,,,http://20.210.36.32:8080/prediction/knn,,
http_req_receiving,1678217733,0.083501,,,,true,,POST,http://20.210.36.32:8080/prediction/knn,HTTP/1.1,contacts,,200,,,http://20.210.36.32:8080/prediction/knn,,
http_req_failed,1678217733,0.000000,,,,true,,POST,http://20.210.36.32:8080/prediction/knn,HTTP/1.1,contacts,,200,,,http://20.210.36.32:8080/prediction/knn,,
responseTime,1678217733,245.570817,,,,,,,,,contacts,,,,,,,
data_sent,1678217733,2088.000000,,,,,,,,,contacts,,,,,,,
data_received,1678217733,199.000000,,,,,,,,,contacts,,,,,,,
iteration_duration,1678217733,259.395873,,,,,,,,,contacts,,,,,,,
iterations,1678217733,1.000000,,,,,,,,,contacts,,,,,,,
http_reqs,1678217733,1.000000,,,,true,,POST,http://20.210.36.32:8080/prediction/knn,HTTP/1.1,contacts,,200,,,http://20.210.36.32:8080/prediction/knn,,
http_req_duration,1678217733,238.133186,,,,true,,POST,http://20.210.36.32:8080/prediction/knn,HTTP/1.1,contacts,,200,,,http://20.210.36.32:8080/prediction/knn,,
http_req_blocked,1678217733,2.679811,,,,true,,POST,http://20.210.36.32:8080/prediction/knn,HTTP/1.1,contacts,,200,,,http://20.210.36.32:8080/prediction/knn,,
http_req_connecting,1678217733,2.607411,,,,true,,POST,http://20.210.36.32:8080/prediction/knn,HTTP/1.1,contacts,,200,,,http://20.210.36.32:8080/prediction/knn,,
http_req_tls_handshaking,1678217733,0.000000,,,,true,,POST,http://20.210.36.32:8080/prediction/knn,HTTP/1.1,contacts,,200,,,http://20.210.36.32:8080/prediction/knn,,
http_req_sending,1678217733,0.056700,,,,true,,POST,http://20.210.36.32:8080/prediction/knn,HTTP/1.1,contacts,,200,,,http://20.210.36.32:8080/prediction/knn,,
http_req_waiting,1678217733,230.202053,,,,true,,POST,http://20.210.36.32:8080/prediction/knn,HTTP/1.1,contacts,,200,,,http://20.210.36.32:8080/prediction/knn,,
http_req_receiving,1678217733,7.874433,,,,true,,POST,http://20.210.36.32:8080/prediction/knn,HTTP/1.1,contacts,,200,,,http://20.210.36.32:8080/prediction/knn,,
http_req_failed,1678217733,0.000000,,,,true,,POST,http://20.210.36.32:8080/prediction/knn,HTTP/1.1,contacts,,200,,,http://20.210.36.32:8080/prediction/knn,,
responseTime,1678217733,238.133186,,,,,,,,,contacts,,,,,,,
data_sent,1678217733,2088.000000,,,,,,,,,contacts,,,,,,,
data_received,1678217733,199.000000,,,,,,,,,contacts,,,,,,,
iteration_duration,1678217733,241.130098,,,,,,,,,contacts,,,,,,,
iterations,1678217733,1.000000,,,,,,,,,contacts,,,,,,,
data_sent,1678217733,2088.000000,,,,,,,,,contacts,,,,,,,
data_received,1678217733,0.000000,,,,,,,,,contacts,,,,,,,
http_reqs,1678217733,1.000000,,,,true,,POST,http://20.210.36.32:8080/prediction/knn,HTTP/1.1,contacts,,200,,,http://20.210.36.32:8080/prediction/knn,,
http_req_duration,1678217733,300.859245,,,,true,,POST,http://20.210.36.32:8080/prediction/knn,HTTP/1.1,contacts,,200,,,http://20.210.36.32:8080/prediction/knn,,
http_req_blocked,1678217733,2.440410,,,,true,,POST,http://20.210.36.32:8080/prediction/knn,HTTP/1.1,contacts,,200,,,http://20.210.36.32:8080/prediction/knn,,
http_req_connecting,1678217733,2.378610,,,,true,,POST,http://20.210.36.32:8080/prediction/knn,HTTP/1.1,contacts,,200,,,http://20.210.36.32:8080/prediction/knn,,
http_req_tls_handshaking,1678217733,0.000000,,,,true,,POST,http://20.210.36.32:8080/prediction/knn,HTTP/1.1,contacts,,200,,,http://20.210.36.32:8080/prediction/knn,,
http_req_sending,1678217733,0.047300,,,,true,,POST,http://20.210.36.32:8080/prediction/knn,HTTP/1.1,contacts,,200,,,http://20.210.36.32:8080/prediction/knn,,
http_req_waiting,1678217733,300.564344,,,,true,,POST,http://20.210.36.32:8080/prediction/knn,HTTP/1.1,contacts,,200,,,http://20.210.36.32:8080/prediction/knn,,
http_req_receiving,1678217733,0.247601,,,,true,,POST,http://20.210.36.32:8080/prediction/knn,HTTP/1.1,contacts,,200,,,http://20.210.36.32:8080/prediction/knn,,
http_req_failed,1678217733,0.000000,,,,true,,POST,http://20.210.36.32:8080/prediction/knn,HTTP/1.1,contacts,,200,,,http://20.210.36.32:8080/prediction/knn,,
responseTime,1678217733,300.859245,,,,,,,,,contacts,,,,,,,
data_sent,1678217733,2088.000000,,,,,,,,,contacts,,,,,,,
data_received,1678217733,199.000000,,,,,,,,,contacts,,,,,,,
iteration_duration,1678217733,303.621357,,,,,,,,,contacts,,,,,,,
iterations,1678217733,1.000000,,,,,,,,,contacts,,,,,,,
http_reqs,1678217733,1.000000,,,,true,,POST,http://20.210.36.32:8080/prediction/knn,HTTP/1.1,contacts,,200,,,http://20.210.36.32:8080/prediction/knn,,
http_req_duration,1678217733,208.949965,,,,true,,POST,http://20.210.36.32:8080/prediction/knn,HTTP/1.1,contacts,,200,,,http://20.210.36.32:8080/prediction/knn,,
http_req_blocked,1678217733,2.144709,,,,true,,POST,http://20.210.36.32:8080/prediction/knn,HTTP/1.1,contacts,,200,,,http://20.210.36.32:8080/prediction/knn,,
http_req_connecting,1678217733,2.072308,,,,true,,POST,http://20.210.36.32:8080/prediction/knn,HTTP/1.1,contacts,,200,,,http://20.210.36.32:8080/prediction/knn,,
http_req_tls_handshaking,1678217733,0.000000,,,,true,,POST,http://20.210.36.32:8080/prediction/knn,HTTP/1.1,contacts,,200,,,http://20.210.36.32:8080/prediction/knn,,
http_req_sending,1678217733,0.045601,,,,true,,POST,http://20.210.36.32:8080/prediction/knn,HTTP/1.1,contacts,,200,,,http://20.210.36.32:8080/prediction/knn,,
http_req_waiting,1678217733,195.818510,,,,true,,POST,http://20.210.36.32:8080/prediction/knn,HTTP/1.1,contacts,,200,,,http://20.210.36.32:8080/prediction/knn,,
http_req_receiving,1678217733,13.085854,,,,true,,POST,http://20.210.36.32:8080/prediction/knn,HTTP/1.1,contacts,,200,,,http://20.210.36.32:8080/prediction/knn,,
http_req_failed,1678217733,0.000000,,,,true,,POST,http://20.210.36.32:8080/prediction/knn,HTTP/1.1,contacts,,200,,,http://20.210.36.32:8080/prediction/knn,,
responseTime,1678217733,208.949965,,,,,,,,,contacts,,,,,,,
data_sent,1678217733,2088.000000,,,,,,,,,contacts,,,,,,,
data_received,1678217733,199.000000,,,,,,,,,contacts,,,,,,,
iteration_duration,1678217733,211.490175,,,,,,,,,contacts,,,,,,,
iterations,1678217733,1.000000,,,,,,,,,contacts,,,,,,,
http_reqs,1678217733,1.000000,,,,true,,POST,http://20.210.36.32:8080/prediction/knn,HTTP/1.1,contacts,,200,,,http://20.210.36.32:8080/prediction/knn,,
http_req_duration,1678217733,205.895652,,,,true,,POST,http://20.210.36.32:8080/prediction/knn,HTTP/1.1,contacts,,200,,,http://20.210.36.32:8080/prediction/knn,,
http_req_blocked,1678217733,2.122109,,,,true,,POST,http://20.210.36.32:8080/prediction/knn,HTTP/1.1,contacts,,200,,,http://20.210.36.32:8080/prediction/knn,,
http_req_connecting,1678217733,2.041408,,,,true,,POST,http://20.210.36.32:8080/prediction/knn,HTTP/1.1,contacts,,200,,,http://20.210.36.32:8080/prediction/knn,,
http_req_tls_handshaking,1678217733,0.000000,,,,true,,POST,http://20.210.36.32:8080/prediction/knn,HTTP/1.1,contacts,,200,,,http://20.210.36.32:8080/prediction/knn,,
http_req_sending,1678217733,0.077400,,,,true,,POST,http://20.210.36.32:8080/prediction/knn,HTTP/1.1,contacts,,200,,,http://20.210.36.32:8080/prediction/knn,,
http_req_waiting,1678217733,205.682052,,,,true,,POST,http://20.210.36.32:8080/prediction/knn,HTTP/1.1,contacts,,200,,,http://20.210.36.32:8080/prediction/knn,,
http_req_receiving,1678217733,0.136200,,,,true,,POST,http://20.210.36.32:8080/prediction/knn,HTTP/1.1,contacts,,200,,,http://20.210.36.32:8080/prediction/knn,,
http_req_failed,1678217733,0.000000,,,,true,,POST,http://20.210.36.32:8080/prediction/knn,HTTP/1.1,contacts,,200,,,http://20.210.36.32:8080/prediction/knn,,
responseTime,1678217733,205.895652,,,,,,,,,contacts,,,,,,,
data_sent,1678217733,2088.000000,,,,,,,,,contacts,,,,,,,
data_received,1678217733,199.000000,,,,,,,,,contacts,,,,,,,
iteration_duration,1678217733,208.577563,,,,,,,,,contacts,,,,,,,
iterations,1678217733,1.000000,,,,,,,,,contacts,,,,,,,
http_reqs,1678217733,1.000000,,,,true,,POST,http://20.210.36.32:8080/prediction/knn,HTTP/1.1,contacts,,200,,,http://20.210.36.32:8080/prediction/knn,,
http_req_duration,1678217733,219.281707,,,,true,,POST,http://20.210.36.32:8080/prediction/knn,HTTP/1.1,contacts,,200,,,http://20.210.36.32:8080/prediction/knn,,
http_req_blocked,1678217733,2.333810,,,,true,,POST,http://20.210.36.32:8080/prediction/knn,HTTP/1.1,contacts,,200,,,http://20.210.36.32:8080/prediction/knn,,
http_req_connecting,1678217733,2.274010,,,,true,,POST,http://20.210.36.32:8080/prediction/knn,HTTP/1.1,contacts,,200,,,http://20.210.36.32:8080/prediction/knn,,
http_req_tls_handshaking,1678217733,0.000000,,,,true,,POST,http://20.210.36.32:8080/prediction/knn,HTTP/1.1,contacts,,200,,,http://20.210.36.32:8080/prediction/knn,,
http_req_sending,1678217733,0.071800,,,,true,,POST,http://20.210.36.32:8080/prediction/knn,HTTP/1.1,contacts,,200,,,http://20.210.36.32:8080/prediction/knn,,
http_req_waiting,1678217733,218.281203,,,,true,,POST,http://20.210.36.32:8080/prediction/knn,HTTP/1.1,contacts,,200,,,http://20.210.36.32:8080/prediction/knn,,
http_req_receiving,1678217733,0.928704,,,,true,,POST,http://20.210.36.32:8080/prediction/knn,HTTP/1.1,contacts,,200,,,http://20.210.36.32:8080/prediction/knn,,
http_req_failed,1678217733,0.000000,,,,true,,POST,http://20.210.36.32:8080/prediction/knn,HTTP/1.1,contacts,,200,,,http://20.210.36.32:8080/prediction/knn,,
responseTime,1678217733,219.281707,,,,,,,,,contacts,,,,,,,
data_sent,1678217733,2088.000000,,,,,,,,,contacts,,,,,,,
data_received,1678217733,199.000000,,,,,,,,,contacts,,,,,,,
iteration_duration,1678217733,221.851118,,,,,,,,,contacts,,,,,,,
iterations,1678217733,1.000000,,,,,,,,,contacts,,,,,,,
http_reqs,1678217733,1.000000,,,,true,,POST,http://20.210.36.32:8080/prediction/knn,HTTP/1.1,contacts,,200,,,http://20.210.36.32:8080/prediction/knn,,
http_req_duration,1678217733,269.059313,,,,true,,POST,http://20.210.36.32:8080/prediction/knn,HTTP/1.1,contacts,,200,,,http://20.210.36.32:8080/prediction/knn,,
http_req_blocked,1678217733,2.014309,,,,true,,POST,http://20.210.36.32:8080/prediction/knn,HTTP/1.1,contacts,,200,,,http://20.210.36.32:8080/prediction/knn,,
http_req_connecting,1678217733,1.964208,,,,true,,POST,http://20.210.36.32:8080/prediction/knn,HTTP/1.1,contacts,,200,,,http://20.210.36.32:8080/prediction/knn,,
http_req_tls_handshaking,1678217733,0.000000,,,,true,,POST,http://20.210.36.32:8080/prediction/knn,HTTP/1.1,contacts,,200,,,http://20.210.36.32:8080/prediction/knn,,
http_req_sending,1678217733,0.071200,,,,true,,POST,http://20.210.36.32:8080/prediction/knn,HTTP/1.1,contacts,,200,,,http://20.210.36.32:8080/prediction/knn,,
http_req_waiting,1678217733,268.873213,,,,true,,POST,http://20.210.36.32:8080/prediction/knn,HTTP/1.1,contacts,,200,,,http://20.210.36.32:8080/prediction/knn,,
http_req_receiving,1678217733,0.114900,,,,true,,POST,http://20.210.36.32:8080/prediction/knn,HTTP/1.1,contacts,,200,,,http://20.210.36.32:8080/prediction/knn,,
http_req_failed,1678217733,0.000000,,,,true,,POST,http://20.210.36.32:8080/prediction/knn,HTTP/1.1,contacts,,200,,,http://20.210.36.32:8080/prediction/knn,,
responseTime,1678217733,269.059313,,,,,,,,,contacts,,,,,,,
data_sent,1678217733,2088.000000,,,,,,,,,contacts,,,,,,,
data_received,1678217733,199.000000,,,,,,,,,contacts,,,,,,,
iteration_duration,1678217733,271.563624,,,,,,,,,contacts,,,,,,,
iterations,1678217733,1.000000,,,,,,,,,contacts,,,,,,,
data_sent,1678217733,2088.000000,,,,,,,,,contacts,,,,,,,
data_received,1678217733,0.000000,,,,,,,,,contacts,,,,,,,
http_reqs,1678217733,1.000000,,,,true,,POST,http://20.210.36.32:8080/prediction/knn,HTTP/1.1,contacts,,200,,,http://20.210.36.32:8080/prediction/knn,,
http_req_duration,1678217733,297.771733,,,,true,,POST,http://20.210.36.32:8080/prediction/knn,HTTP/1.1,contacts,,200,,,http://20.210.36.32:8080/prediction/knn,,
http_req_blocked,1678217733,17.567272,,,,true,,POST,http://20.210.36.32:8080/prediction/knn,HTTP/1.1,contacts,,200,,,http://20.210.36.32:8080/prediction/knn,,
http_req_connecting,1678217733,17.499572,,,,true,,POST,http://20.210.36.32:8080/prediction/knn,HTTP/1.1,contacts,,200,,,http://20.210.36.32:8080/prediction/knn,,
http_req_tls_handshaking,1678217733,0.000000,,,,true,,POST,http://20.210.36.32:8080/prediction/knn,HTTP/1.1,contacts,,200,,,http://20.210.36.32:8080/prediction/knn,,
http_req_sending,1678217733,0.071400,,,,true,,POST,http://20.210.36.32:8080/prediction/knn,HTTP/1.1,contacts,,200,,,http://20.210.36.32:8080/prediction/knn,,
http_req_waiting,1678217733,280.444361,,,,true,,POST,http://20.210.36.32:8080/prediction/knn,HTTP/1.1,contacts,,200,,,http://20.210.36.32:8080/prediction/knn,,
http_req_receiving,1678217733,17.255972,,,,true,,POST,http://20.210.36.32:8080/prediction/knn,HTTP/1.1,contacts,,200,,,http://20.210.36.32:8080/prediction/knn,,
http_req_failed,1678217733,0.000000,,,,true,,POST,http://20.210.36.32:8080/prediction/knn,HTTP/1.1,contacts,,200,,,http://20.210.36.32:8080/prediction/knn,,
responseTime,1678217733,297.771733,,,,,,,,,contacts,,,,,,,
data_sent,1678217733,2088.000000,,,,,,,,,contacts,,,,,,,
data_received,1678217733,199.000000,,,,,,,,,contacts,,,,,,,
iteration_duration,1678217733,315.797107,,,,,,,,,contacts,,,,,,,
iterations,1678217733,1.000000,,,,,,,,,contacts,,,,,,,
data_sent,1678217733,2088.000000,,,,,,,,,contacts,,,,,,,
data_received,1678217733,0.000000,,,,,,,,,contacts,,,,,,,
http_reqs,1678217733,1.000000,,,,true,,POST,http://20.210.36.32:8080/prediction/knn,HTTP/1.1,contacts,,200,,,http://20.210.36.32:8080/prediction/knn,,
http_req_duration,1678217733,239.823993,,,,true,,POST,http://20.210.36.32:8080/prediction/knn,HTTP/1.1,contacts,,200,,,http://20.210.36.32:8080/prediction/knn,,
http_req_blocked,1678217733,2.367409,,,,true,,POST,http://20.210.36.32:8080/prediction/knn,HTTP/1.1,contacts,,200,,,http://20.210.36.32:8080/prediction/knn,,
http_req_connecting,1678217733,2.256009,,,,true,,POST,http://20.210.36.32:8080/prediction/knn,HTTP/1.1,contacts,,200,,,http://20.210.36.32:8080/prediction/knn,,
http_req_tls_handshaking,1678217733,0.000000,,,,true,,POST,http://20.210.36.32:8080/prediction/knn,HTTP/1.1,contacts,,200,,,http://20.210.36.32:8080/prediction/knn,,
http_req_sending,1678217733,0.062301,,,,true,,POST,http://20.210.36.32:8080/prediction/knn,HTTP/1.1,contacts,,200,,,http://20.210.36.32:8080/prediction/knn,,
http_req_waiting,1678217733,239.666191,,,,true,,POST,http://20.210.36.32:8080/prediction/knn,HTTP/1.1,contacts,,200,,,http://20.210.36.32:8080/prediction/knn,,
http_req_receiving,1678217733,0.095501,,,,true,,POST,http://20.210.36.32:8080/prediction/knn,HTTP/1.1,contacts,,200,,,http://20.210.36.32:8080/prediction/knn,,
http_req_failed,1678217733,0.000000,,,,true,,POST,http://20.210.36.32:8080/prediction/knn,HTTP/1.1,contacts,,200,,,http://20.210.36.32:8080/prediction/knn,,
responseTime,1678217733,239.823993,,,,,,,,,contacts,,,,,,,
data_sent,1678217733,2088.000000,,,,,,,,,contacts,,,,,,,
data_received,1678217733,199.000000,,,,,,,,,contacts,,,,,,,
iteration_duration,1678217733,242.825805,,,,,,,,,contacts,,,,,,,
iterations,1678217733,1.000000,,,,,,,,,contacts,,,,,,,
http_reqs,1678217733,1.000000,,,,true,,POST,http://20.210.36.32:8080/prediction/knn,HTTP/1.1,contacts,,200,,,http://20.210.36.32:8080/prediction/knn,,
http_req_duration,1678217733,179.532043,,,,true,,POST,http://20.210.36.32:8080/prediction/knn,HTTP/1.1,contacts,,200,,,http://20.210.36.32:8080/prediction/knn,,
http_req_blocked,1678217733,2.117408,,,,true,,POST,http://20.210.36.32:8080/prediction/knn,HTTP/1.1,contacts,,200,,,http://20.210.36.32:8080/prediction/knn,,
http_req_connecting,1678217733,2.024308,,,,true,,POST,http://20.210.36.32:8080/prediction/knn,HTTP/1.1,contacts,,200,,,http://20.210.36.32:8080/prediction/knn,,
http_req_tls_handshaking,1678217733,0.000000,,,,true,,POST,http://20.210.36.32:8080/prediction/knn,HTTP/1.1,contacts,,200,,,http://20.210.36.32:8080/prediction/knn,,
http_req_sending,1678217733,0.050701,,,,true,,POST,http://20.210.36.32:8080/prediction/knn,HTTP/1.1,contacts,,200,,,http://20.210.36.32:8080/prediction/knn,,
http_req_waiting,1678217733,179.354042,,,,true,,POST,http://20.210.36.32:8080/prediction/knn,HTTP/1.1,contacts,,200,,,http://20.210.36.32:8080/prediction/knn,,
http_req_receiving,1678217733,0.127300,,,,true,,POST,http://20.210.36.32:8080/prediction/knn,HTTP/1.1,contacts,,200,,,http://20.210.36.32:8080/prediction/knn,,
http_req_failed,1678217733,0.000000,,,,true,,POST,http://20.210.36.32:8080/prediction/knn,HTTP/1.1,contacts,,200,,,http://20.210.36.32:8080/prediction/knn,,
http_reqs,1678217733,1.000000,,,,true,,POST,http://20.210.36.32:8080/prediction/knn,HTTP/1.1,contacts,,200,,,http://20.210.36.32:8080/prediction/knn,,
http_req_duration,1678217733,221.317916,,,,true,,POST,http://20.210.36.32:8080/prediction/knn,HTTP/1.1,contacts,,200,,,http://20.210.36.32:8080/prediction/knn,,
http_req_blocked,1678217733,2.400009,,,,true,,POST,http://20.210.36.32:8080/prediction/knn,HTTP/1.1,contacts,,200,,,http://20.210.36.32:8080/prediction/knn,,
http_req_connecting,1678217733,2.296509,,,,true,,POST,http://20.210.36.32:8080/prediction/knn,HTTP/1.1,contacts,,200,,,http://20.210.36.32:8080/prediction/knn,,
http_req_tls_handshaking,1678217733,0.000000,,,,true,,POST,http://20.210.36.32:8080/prediction/knn,HTTP/1.1,contacts,,200,,,http://20.210.36.32:8080/prediction/knn,,
http_req_sending,1678217733,0.114601,,,,true,,POST,http://20.210.36.32:8080/prediction/knn,HTTP/1.1,contacts,,200,,,http://20.210.36.32:8080/prediction/knn,,
http_req_waiting,1678217733,221.100715,,,,true,,POST,http://20.210.36.32:8080/prediction/knn,HTTP/1.1,contacts,,200,,,http://20.210.36.32:8080/prediction/knn,,
http_req_receiving,1678217733,0.102600,,,,true,,POST,http://20.210.36.32:8080/prediction/knn,HTTP/1.1,contacts,,200,,,http://20.210.36.32:8080/prediction/knn,,
http_req_failed,1678217733,0.000000,,,,true,,POST,http://20.210.36.32:8080/prediction/knn,HTTP/1.1,contacts,,200,,,http://20.210.36.32:8080/prediction/knn,,
responseTime,1678217733,179.532043,,,,,,,,,contacts,,,,,,,
data_sent,1678217733,2088.000000,,,,,,,,,contacts,,,,,,,
data_received,1678217733,199.000000,,,,,,,,,contacts,,,,,,,
iteration_duration,1678217733,182.275655,,,,,,,,,contacts,,,,,,,
iterations,1678217733,1.000000,,,,,,,,,contacts,,,,,,,
responseTime,1678217733,221.317916,,,,,,,,,contacts,,,,,,,
data_sent,1678217733,2088.000000,,,,,,,,,contacts,,,,,,,
data_received,1678217733,199.000000,,,,,,,,,contacts,,,,,,,
iteration_duration,1678217733,224.188528,,,,,,,,,contacts,,,,,,,
iterations,1678217733,1.000000,,,,,,,,,contacts,,,,,,,
http_reqs,1678217733,1.000000,,,,true,,POST,http://20.210.36.32:8080/prediction/knn,HTTP/1.1,contacts,,200,,,http://20.210.36.32:8080/prediction/knn,,
http_req_duration,1678217733,286.912788,,,,true,,POST,http://20.210.36.32:8080/prediction/knn,HTTP/1.1,contacts,,200,,,http://20.210.36.32:8080/prediction/knn,,
http_req_blocked,1678217733,2.164409,,,,true,,POST,http://20.210.36.32:8080/prediction/knn,HTTP/1.1,contacts,,200,,,http://20.210.36.32:8080/prediction/knn,,
http_req_connecting,1678217733,2.106208,,,,true,,POST,http://20.210.36.32:8080/prediction/knn,HTTP/1.1,contacts,,200,,,http://20.210.36.32:8080/prediction/knn,,
http_req_tls_handshaking,1678217733,0.000000,,,,true,,POST,http://20.210.36.32:8080/prediction/knn,HTTP/1.1,contacts,,200,,,http://20.210.36.32:8080/prediction/knn,,
http_req_sending,1678217733,0.054701,,,,true,,POST,http://20.210.36.32:8080/prediction/knn,HTTP/1.1,contacts,,200,,,http://20.210.36.32:8080/prediction/knn,,
http_req_waiting,1678217733,286.735786,,,,true,,POST,http://20.210.36.32:8080/prediction/knn,HTTP/1.1,contacts,,200,,,http://20.210.36.32:8080/prediction/knn,,
http_req_receiving,1678217733,0.122301,,,,true,,POST,http://20.210.36.32:8080/prediction/knn,HTTP/1.1,contacts,,200,,,http://20.210.36.32:8080/prediction/knn,,
http_req_failed,1678217733,0.000000,,,,true,,POST,http://20.210.36.32:8080/prediction/knn,HTTP/1.1,contacts,,200,,,http://20.210.36.32:8080/prediction/knn,,
responseTime,1678217733,286.912788,,,,,,,,,contacts,,,,,,,
data_sent,1678217733,2088.000000,,,,,,,,,contacts,,,,,,,
data_received,1678217733,199.000000,,,,,,,,,contacts,,,,,,,
iteration_duration,1678217733,289.416498,,,,,,,,,contacts,,,,,,,
iterations,1678217733,1.000000,,,,,,,,,contacts,,,,,,,
http_reqs,1678217733,1.000000,,,,true,,POST,http://20.210.36.32:8080/prediction/knn,HTTP/1.1,contacts,,200,,,http://20.210.36.32:8080/prediction/knn,,
http_req_duration,1678217733,251.737242,,,,true,,POST,http://20.210.36.32:8080/prediction/knn,HTTP/1.1,contacts,,200,,,http://20.210.36.32:8080/prediction/knn,,
http_req_blocked,1678217733,2.367810,,,,true,,POST,http://20.210.36.32:8080/prediction/knn,HTTP/1.1,contacts,,200,,,http://20.210.36.32:8080/prediction/knn,,
http_req_connecting,1678217733,2.288710,,,,true,,POST,http://20.210.36.32:8080/prediction/knn,HTTP/1.1,contacts,,200,,,http://20.210.36.32:8080/prediction/knn,,
http_req_tls_handshaking,1678217733,0.000000,,,,true,,POST,http://20.210.36.32:8080/prediction/knn,HTTP/1.1,contacts,,200,,,http://20.210.36.32:8080/prediction/knn,,
http_req_sending,1678217733,0.064700,,,,true,,POST,http://20.210.36.32:8080/prediction/knn,HTTP/1.1,contacts,,200,,,http://20.210.36.32:8080/prediction/knn,,
http_req_waiting,1678217733,247.769826,,,,true,,POST,http://20.210.36.32:8080/prediction/knn,HTTP/1.1,contacts,,200,,,http://20.210.36.32:8080/prediction/knn,,
http_req_receiving,1678217733,3.902716,,,,true,,POST,http://20.210.36.32:8080/prediction/knn,HTTP/1.1,contacts,,200,,,http://20.210.36.32:8080/prediction/knn,,
http_req_failed,1678217733,0.000000,,,,true,,POST,http://20.210.36.32:8080/prediction/knn,HTTP/1.1,contacts,,200,,,http://20.210.36.32:8080/prediction/knn,,
responseTime,1678217733,251.737242,,,,,,,,,contacts,,,,,,,
data_sent,1678217733,2088.000000,,,,,,,,,contacts,,,,,,,
data_received,1678217733,199.000000,,,,,,,,,contacts,,,,,,,
iteration_duration,1678217733,254.411153,,,,,,,,,contacts,,,,,,,
iterations,1678217733,1.000000,,,,,,,,,contacts,,,,,,,
http_reqs,1678217733,1.000000,,,,true,,POST,http://20.210.36.32:8080/prediction/knn,HTTP/1.1,contacts,,200,,,http://20.210.36.32:8080/prediction/knn,,
http_req_duration,1678217733,267.066806,,,,true,,POST,http://20.210.36.32:8080/prediction/knn,HTTP/1.1,contacts,,200,,,http://20.210.36.32:8080/prediction/knn,,
http_req_blocked,1678217733,2.076408,,,,true,,POST,http://20.210.36.32:8080/prediction/knn,HTTP/1.1,contacts,,200,,,http://20.210.36.32:8080/prediction/knn,,
http_req_connecting,1678217733,2.020108,,,,true,,POST,http://20.210.36.32:8080/prediction/knn,HTTP/1.1,contacts,,200,,,http://20.210.36.32:8080/prediction/knn,,
http_req_tls_handshaking,1678217733,0.000000,,,,true,,POST,http://20.210.36.32:8080/prediction/knn,HTTP/1.1,contacts,,200,,,http://20.210.36.32:8080/prediction/knn,,
http_req_sending,1678217733,0.114101,,,,true,,POST,http://20.210.36.32:8080/prediction/knn,HTTP/1.1,contacts,,200,,,http://20.210.36.32:8080/prediction/knn,,
http_req_waiting,1678217733,266.869604,,,,true,,POST,http://20.210.36.32:8080/prediction/knn,HTTP/1.1,contacts,,200,,,http://20.210.36.32:8080/prediction/knn,,
http_req_receiving,1678217733,0.083101,,,,true,,POST,http://20.210.36.32:8080/prediction/knn,HTTP/1.1,contacts,,200,,,http://20.210.36.32:8080/prediction/knn,,
http_req_failed,1678217733,0.000000,,,,true,,POST,http://20.210.36.32:8080/prediction/knn,HTTP/1.1,contacts,,200,,,http://20.210.36.32:8080/prediction/knn,,
responseTime,1678217733,267.066806,,,,,,,,,contacts,,,,,,,
data_sent,1678217733,2088.000000,,,,,,,,,contacts,,,,,,,
data_received,1678217733,199.000000,,,,,,,,,contacts,,,,,,,
iteration_duration,1678217733,269.517115,,,,,,,,,contacts,,,,,,,
iterations,1678217733,1.000000,,,,,,,,,contacts,,,,,,,
data_sent,1678217733,2088.000000,,,,,,,,,contacts,,,,,,,
data_received,1678217733,0.000000,,,,,,,,,contacts,,,,,,,
http_reqs,1678217733,1.000000,,,,true,,POST,http://20.210.36.32:8080/prediction/knn,HTTP/1.1,contacts,,200,,,http://20.210.36.32:8080/prediction/knn,,
http_req_duration,1678217733,141.326885,,,,true,,POST,http://20.210.36.32:8080/prediction/knn,HTTP/1.1,contacts,,200,,,http://20.210.36.32:8080/prediction/knn,,
http_req_blocked,1678217733,2.226809,,,,true,,POST,http://20.210.36.32:8080/prediction/knn,HTTP/1.1,contacts,,200,,,http://20.210.36.32:8080/prediction/knn,,
http_req_connecting,1678217733,2.151409,,,,true,,POST,http://20.210.36.32:8080/prediction/knn,HTTP/1.1,contacts,,200,,,http://20.210.36.32:8080/prediction/knn,,
http_req_tls_handshaking,1678217733,0.000000,,,,true,,POST,http://20.210.36.32:8080/prediction/knn,HTTP/1.1,contacts,,200,,,http://20.210.36.32:8080/prediction/knn,,
http_req_sending,1678217733,0.085300,,,,true,,POST,http://20.210.36.32:8080/prediction/knn,HTTP/1.1,contacts,,200,,,http://20.210.36.32:8080/prediction/knn,,
http_req_waiting,1678217733,141.159585,,,,true,,POST,http://20.210.36.32:8080/prediction/knn,HTTP/1.1,contacts,,200,,,http://20.210.36.32:8080/prediction/knn,,
http_req_receiving,1678217733,0.082000,,,,true,,POST,http://20.210.36.32:8080/prediction/knn,HTTP/1.1,contacts,,200,,,http://20.210.36.32:8080/prediction/knn,,
http_req_failed,1678217733,0.000000,,,,true,,POST,http://20.210.36.32:8080/prediction/knn,HTTP/1.1,contacts,,200,,,http://20.210.36.32:8080/prediction/knn,,
responseTime,1678217733,141.326885,,,,,,,,,contacts,,,,,,,
data_sent,1678217733,2088.000000,,,,,,,,,contacts,,,,,,,
data_received,1678217733,199.000000,,,,,,,,,contacts,,,,,,,
iteration_duration,1678217733,143.986296,,,,,,,,,contacts,,,,,,,
iterations,1678217733,1.000000,,,,,,,,,contacts,,,,,,,
http_reqs,1678217733,1.000000,,,,true,,POST,http://20.210.36.32:8080/prediction/knn,HTTP/1.1,contacts,,200,,,http://20.210.36.32:8080/prediction/knn,,
http_req_duration,1678217733,149.225818,,,,true,,POST,http://20.210.36.32:8080/prediction/knn,HTTP/1.1,contacts,,200,,,http://20.210.36.32:8080/prediction/knn,,
http_req_blocked,1678217733,2.153509,,,,true,,POST,http://20.210.36.32:8080/prediction/knn,HTTP/1.1,contacts,,200,,,http://20.210.36.32:8080/prediction/knn,,
http_req_connecting,1678217733,2.088009,,,,true,,POST,http://20.210.36.32:8080/prediction/knn,HTTP/1.1,contacts,,200,,,http://20.210.36.32:8080/prediction/knn,,
http_req_tls_handshaking,1678217733,0.000000,,,,true,,POST,http://20.210.36.32:8080/prediction/knn,HTTP/1.1,contacts,,200,,,http://20.210.36.32:8080/prediction/knn,,
http_req_sending,1678217733,0.060200,,,,true,,POST,http://20.210.36.32:8080/prediction/knn,HTTP/1.1,contacts,,200,,,http://20.210.36.32:8080/prediction/knn,,
http_req_waiting,1678217733,147.967513,,,,true,,POST,http://20.210.36.32:8080/prediction/knn,HTTP/1.1,contacts,,200,,,http://20.210.36.32:8080/prediction/knn,,
http_req_receiving,1678217733,1.198105,,,,true,,POST,http://20.210.36.32:8080/prediction/knn,HTTP/1.1,contacts,,200,,,http://20.210.36.32:8080/prediction/knn,,
http_req_failed,1678217733,0.000000,,,,true,,POST,http://20.210.36.32:8080/prediction/knn,HTTP/1.1,contacts,,200,,,http://20.210.36.32:8080/prediction/knn,,
responseTime,1678217733,149.225818,,,,,,,,,contacts,,,,,,,
data_sent,1678217733,2088.000000,,,,,,,,,contacts,,,,,,,
data_received,1678217733,199.000000,,,,,,,,,contacts,,,,,,,
iteration_duration,1678217733,151.803228,,,,,,,,,contacts,,,,,,,
iterations,1678217733,1.000000,,,,,,,,,contacts,,,,,,,
http_reqs,1678217733,1.000000,,,,true,,POST,http://20.210.36.32:8080/prediction/knn,HTTP/1.1,contacts,,200,,,http://20.210.36.32:8080/prediction/knn,,
http_req_duration,1678217733,150.145421,,,,true,,POST,http://20.210.36.32:8080/prediction/knn,HTTP/1.1,contacts,,200,,,http://20.210.36.32:8080/prediction/knn,,
http_req_blocked,1678217733,2.176909,,,,true,,POST,http://20.210.36.32:8080/prediction/knn,HTTP/1.1,contacts,,200,,,http://20.210.36.32:8080/prediction/knn,,
http_req_connecting,1678217733,2.130709,,,,true,,POST,http://20.210.36.32:8080/prediction/knn,HTTP/1.1,contacts,,200,,,http://20.210.36.32:8080/prediction/knn,,
http_req_tls_handshaking,1678217733,0.000000,,,,true,,POST,http://20.210.36.32:8080/prediction/knn,HTTP/1.1,contacts,,200,,,http://20.210.36.32:8080/prediction/knn,,
http_req_sending,1678217733,0.046800,,,,true,,POST,http://20.210.36.32:8080/prediction/knn,HTTP/1.1,contacts,,200,,,http://20.210.36.32:8080/prediction/knn,,
http_req_waiting,1678217733,148.221513,,,,true,,POST,http://20.210.36.32:8080/prediction/knn,HTTP/1.1,contacts,,200,,,http://20.210.36.32:8080/prediction/knn,,
http_req_receiving,1678217733,1.877108,,,,true,,POST,http://20.210.36.32:8080/prediction/knn,HTTP/1.1,contacts,,200,,,http://20.210.36.32:8080/prediction/knn,,
http_req_failed,1678217733,0.000000,,,,true,,POST,http://20.210.36.32:8080/prediction/knn,HTTP/1.1,contacts,,200,,,http://20.210.36.32:8080/prediction/knn,,
responseTime,1678217733,150.145421,,,,,,,,,contacts,,,,,,,
data_sent,1678217733,2088.000000,,,,,,,,,contacts,,,,,,,
data_received,1678217733,199.000000,,,,,,,,,contacts,,,,,,,
iteration_duration,1678217733,152.618832,,,,,,,,,contacts,,,,,,,
iterations,1678217733,1.000000,,,,,,,,,contacts,,,,,,,
http_reqs,1678217733,1.000000,,,,true,,POST,http://20.210.36.32:8080/prediction/knn,HTTP/1.1,contacts,,200,,,http://20.210.36.32:8080/prediction/knn,,
http_req_duration,1678217733,132.615949,,,,true,,POST,http://20.210.36.32:8080/prediction/knn,HTTP/1.1,contacts,,200,,,http://20.210.36.32:8080/prediction/knn,,
http_req_blocked,1678217733,4.065217,,,,true,,POST,http://20.210.36.32:8080/prediction/knn,HTTP/1.1,contacts,,200,,,http://20.210.36.32:8080/prediction/knn,,
http_req_connecting,1678217733,3.999216,,,,true,,POST,http://20.210.36.32:8080/prediction/knn,HTTP/1.1,contacts,,200,,,http://20.210.36.32:8080/prediction/knn,,
http_req_tls_handshaking,1678217733,0.000000,,,,true,,POST,http://20.210.36.32:8080/prediction/knn,HTTP/1.1,contacts,,200,,,http://20.210.36.32:8080/prediction/knn,,
http_req_sending,1678217733,0.056800,,,,true,,POST,http://20.210.36.32:8080/prediction/knn,HTTP/1.1,contacts,,200,,,http://20.210.36.32:8080/prediction/knn,,
http_req_waiting,1678217733,132.494149,,,,true,,POST,http://20.210.36.32:8080/prediction/knn,HTTP/1.1,contacts,,200,,,http://20.210.36.32:8080/prediction/knn,,
http_req_receiving,1678217733,0.065000,,,,true,,POST,http://20.210.36.32:8080/prediction/knn,HTTP/1.1,contacts,,200,,,http://20.210.36.32:8080/prediction/knn,,
http_req_failed,1678217733,0.000000,,,,true,,POST,http://20.210.36.32:8080/prediction/knn,HTTP/1.1,contacts,,200,,,http://20.210.36.32:8080/prediction/knn,,
responseTime,1678217733,132.615949,,,,,,,,,contacts,,,,,,,
data_sent,1678217733,2088.000000,,,,,,,,,contacts,,,,,,,
data_received,1678217733,199.000000,,,,,,,,,contacts,,,,,,,
iteration_duration,1678217733,137.099168,,,,,,,,,contacts,,,,,,,
iterations,1678217733,1.000000,,,,,,,,,contacts,,,,,,,
http_reqs,1678217733,1.000000,,,,true,,POST,http://20.210.36.32:8080/prediction/knn,HTTP/1.1,contacts,,200,,,http://20.210.36.32:8080/prediction/knn,,
http_req_duration,1678217733,154.837941,,,,true,,POST,http://20.210.36.32:8080/prediction/knn,HTTP/1.1,contacts,,200,,,http://20.210.36.32:8080/prediction/knn,,
http_req_blocked,1678217733,2.311609,,,,true,,POST,http://20.210.36.32:8080/prediction/knn,HTTP/1.1,contacts,,200,,,http://20.210.36.32:8080/prediction/knn,,
http_req_connecting,1678217733,2.261709,,,,true,,POST,http://20.210.36.32:8080/prediction/knn,HTTP/1.1,contacts,,200,,,http://20.210.36.32:8080/prediction/knn,,
http_req_tls_handshaking,1678217733,0.000000,,,,true,,POST,http://20.210.36.32:8080/prediction/knn,HTTP/1.1,contacts,,200,,,http://20.210.36.32:8080/prediction/knn,,
http_req_sending,1678217733,0.038801,,,,true,,POST,http://20.210.36.32:8080/prediction/knn,HTTP/1.1,contacts,,200,,,http://20.210.36.32:8080/prediction/knn,,
http_req_waiting,1678217733,154.708240,,,,true,,POST,http://20.210.36.32:8080/prediction/knn,HTTP/1.1,contacts,,200,,,http://20.210.36.32:8080/prediction/knn,,
http_req_receiving,1678217733,0.090900,,,,true,,POST,http://20.210.36.32:8080/prediction/knn,HTTP/1.1,contacts,,200,,,http://20.210.36.32:8080/prediction/knn,,
http_req_failed,1678217733,0.000000,,,,true,,POST,http://20.210.36.32:8080/prediction/knn,HTTP/1.1,contacts,,200,,,http://20.210.36.32:8080/prediction/knn,,
responseTime,1678217733,154.837941,,,,,,,,,contacts,,,,,,,
data_sent,1678217733,2088.000000,,,,,,,,,contacts,,,,,,,
data_received,1678217733,199.000000,,,,,,,,,contacts,,,,,,,
iteration_duration,1678217733,157.700852,,,,,,,,,contacts,,,,,,,
iterations,1678217733,1.000000,,,,,,,,,contacts,,,,,,,
data_sent,1678217733,2088.000000,,,,,,,,,contacts,,,,,,,
data_received,1678217733,0.000000,,,,,,,,,contacts,,,,,,,
http_reqs,1678217734,1.000000,,,,true,,POST,http://20.210.36.32:8080/prediction/knn,HTTP/1.1,contacts,,200,,,http://20.210.36.32:8080/prediction/knn,,
http_req_duration,1678217734,148.683615,,,,true,,POST,http://20.210.36.32:8080/prediction/knn,HTTP/1.1,contacts,,200,,,http://20.210.36.32:8080/prediction/knn,,
http_req_blocked,1678217734,3.869516,,,,true,,POST,http://20.210.36.32:8080/prediction/knn,HTTP/1.1,contacts,,200,,,http://20.210.36.32:8080/prediction/knn,,
http_req_connecting,1678217734,3.803316,,,,true,,POST,http://20.210.36.32:8080/prediction/knn,HTTP/1.1,contacts,,200,,,http://20.210.36.32:8080/prediction/knn,,
http_req_tls_handshaking,1678217734,0.000000,,,,true,,POST,http://20.210.36.32:8080/prediction/knn,HTTP/1.1,contacts,,200,,,http://20.210.36.32:8080/prediction/knn,,
http_req_sending,1678217734,0.053300,,,,true,,POST,http://20.210.36.32:8080/prediction/knn,HTTP/1.1,contacts,,200,,,http://20.210.36.32:8080/prediction/knn,,
http_req_waiting,1678217734,145.911104,,,,true,,POST,http://20.210.36.32:8080/prediction/knn,HTTP/1.1,contacts,,200,,,http://20.210.36.32:8080/prediction/knn,,
http_req_receiving,1678217734,2.719211,,,,true,,POST,http://20.210.36.32:8080/prediction/knn,HTTP/1.1,contacts,,200,,,http://20.210.36.32:8080/prediction/knn,,
http_req_failed,1678217734,0.000000,,,,true,,POST,http://20.210.36.32:8080/prediction/knn,HTTP/1.1,contacts,,200,,,http://20.210.36.32:8080/prediction/knn,,
responseTime,1678217734,148.683615,,,,,,,,,contacts,,,,,,,
data_sent,1678217734,2088.000000,,,,,,,,,contacts,,,,,,,
data_received,1678217734,199.000000,,,,,,,,,contacts,,,,,,,
iteration_duration,1678217734,153.059034,,,,,,,,,contacts,,,,,,,
iterations,1678217734,1.000000,,,,,,,,,contacts,,,,,,,
http_reqs,1678217734,1.000000,,,,true,,POST,http://20.210.36.32:8080/prediction/knn,HTTP/1.1,contacts,,200,,,http://20.210.36.32:8080/prediction/knn,,
http_req_duration,1678217734,126.272423,,,,true,,POST,http://20.210.36.32:8080/prediction/knn,HTTP/1.1,contacts,,200,,,http://20.210.36.32:8080/prediction/knn,,
http_req_blocked,1678217734,4.249317,,,,true,,POST,http://20.210.36.32:8080/prediction/knn,HTTP/1.1,contacts,,200,,,http://20.210.36.32:8080/prediction/knn,,
http_req_connecting,1678217734,4.175417,,,,true,,POST,http://20.210.36.32:8080/prediction/knn,HTTP/1.1,contacts,,200,,,http://20.210.36.32:8080/prediction/knn,,
http_req_tls_handshaking,1678217734,0.000000,,,,true,,POST,http://20.210.36.32:8080/prediction/knn,HTTP/1.1,contacts,,200,,,http://20.210.36.32:8080/prediction/knn,,
http_req_sending,1678217734,0.055701,,,,true,,POST,http://20.210.36.32:8080/prediction/knn,HTTP/1.1,contacts,,200,,,http://20.210.36.32:8080/prediction/knn,,
http_req_waiting,1678217734,124.352514,,,,true,,POST,http://20.210.36.32:8080/prediction/knn,HTTP/1.1,contacts,,200,,,http://20.210.36.32:8080/prediction/knn,,
http_req_receiving,1678217734,1.864208,,,,true,,POST,http://20.210.36.32:8080/prediction/knn,HTTP/1.1,contacts,,200,,,http://20.210.36.32:8080/prediction/knn,,
http_req_failed,1678217734,0.000000,,,,true,,POST,http://20.210.36.32:8080/prediction/knn,HTTP/1.1,contacts,,200,,,http://20.210.36.32:8080/prediction/knn,,
responseTime,1678217734,126.272423,,,,,,,,,contacts,,,,,,,
data_sent,1678217734,2088.000000,,,,,,,,,contacts,,,,,,,
data_received,1678217734,199.000000,,,,,,,,,contacts,,,,,,,
iteration_duration,1678217734,131.022742,,,,,,,,,contacts,,,,,,,
iterations,1678217734,1.000000,,,,,,,,,contacts,,,,,,,
http_reqs,1678217734,1.000000,,,,true,,POST,http://20.210.36.32:8080/prediction/knn,HTTP/1.1,contacts,,200,,,http://20.210.36.32:8080/prediction/knn,,
http_req_duration,1678217734,111.596962,,,,true,,POST,http://20.210.36.32:8080/prediction/knn,HTTP/1.1,contacts,,200,,,http://20.210.36.32:8080/prediction/knn,,
http_req_blocked,1678217734,4.231217,,,,true,,POST,http://20.210.36.32:8080/prediction/knn,HTTP/1.1,contacts,,200,,,http://20.210.36.32:8080/prediction/knn,,
http_req_connecting,1678217734,4.185517,,,,true,,POST,http://20.210.36.32:8080/prediction/knn,HTTP/1.1,contacts,,200,,,http://20.210.36.32:8080/prediction/knn,,
http_req_tls_handshaking,1678217734,0.000000,,,,true,,POST,http://20.210.36.32:8080/prediction/knn,HTTP/1.1,contacts,,200,,,http://20.210.36.32:8080/prediction/knn,,
http_req_sending,1678217734,0.054800,,,,true,,POST,http://20.210.36.32:8080/prediction/knn,HTTP/1.1,contacts,,200,,,http://20.210.36.32:8080/prediction/knn,,
http_req_waiting,1678217734,110.857859,,,,true,,POST,http://20.210.36.32:8080/prediction/knn,HTTP/1.1,contacts,,200,,,http://20.210.36.32:8080/prediction/knn,,
http_req_receiving,1678217734,0.684303,,,,true,,POST,http://20.210.36.32:8080/prediction/knn,HTTP/1.1,contacts,,200,,,http://20.210.36.32:8080/prediction/knn,,
http_req_failed,1678217734,0.000000,,,,true,,POST,http://20.210.36.32:8080/prediction/knn,HTTP/1.1,contacts,,200,,,http://20.210.36.32:8080/prediction/knn,,
responseTime,1678217734,111.596962,,,,,,,,,contacts,,,,,,,
data_sent,1678217734,2088.000000,,,,,,,,,contacts,,,,,,,
data_received,1678217734,199.000000,,,,,,,,,contacts,,,,,,,
iteration_duration,1678217734,116.333181,,,,,,,,,contacts,,,,,,,
iterations,1678217734,1.000000,,,,,,,,,contacts,,,,,,,
http_reqs,1678217734,1.000000,,,,true,,POST,http://20.210.36.32:8080/prediction/knn,HTTP/1.1,contacts,,200,,,http://20.210.36.32:8080/prediction/knn,,
http_req_duration,1678217734,121.156601,,,,true,,POST,http://20.210.36.32:8080/prediction/knn,HTTP/1.1,contacts,,200,,,http://20.210.36.32:8080/prediction/knn,,
http_req_blocked,1678217734,4.169918,,,,true,,POST,http://20.210.36.32:8080/prediction/knn,HTTP/1.1,contacts,,200,,,http://20.210.36.32:8080/prediction/knn,,
http_req_connecting,1678217734,4.117317,,,,true,,POST,http://20.210.36.32:8080/prediction/knn,HTTP/1.1,contacts,,200,,,http://20.210.36.32:8080/prediction/knn,,
http_req_tls_handshaking,1678217734,0.000000,,,,true,,POST,http://20.210.36.32:8080/prediction/knn,HTTP/1.1,contacts,,200,,,http://20.210.36.32:8080/prediction/knn,,
http_req_sending,1678217734,0.042800,,,,true,,POST,http://20.210.36.32:8080/prediction/knn,HTTP/1.1,contacts,,200,,,http://20.210.36.32:8080/prediction/knn,,
http_req_waiting,1678217734,119.930196,,,,true,,POST,http://20.210.36.32:8080/prediction/knn,HTTP/1.1,contacts,,200,,,http://20.210.36.32:8080/prediction/knn,,
http_req_receiving,1678217734,1.183605,,,,true,,POST,http://20.210.36.32:8080/prediction/knn,HTTP/1.1,contacts,,200,,,http://20.210.36.32:8080/prediction/knn,,
http_req_failed,1678217734,0.000000,,,,true,,POST,http://20.210.36.32:8080/prediction/knn,HTTP/1.1,contacts,,200,,,http://20.210.36.32:8080/prediction/knn,,
responseTime,1678217734,121.156601,,,,,,,,,contacts,,,,,,,
data_sent,1678217734,2088.000000,,,,,,,,,contacts,,,,,,,
data_received,1678217734,199.000000,,,,,,,,,contacts,,,,,,,
iteration_duration,1678217734,125.772521,,,,,,,,,contacts,,,,,,,
iterations,1678217734,1.000000,,,,,,,,,contacts,,,,,,,
http_reqs,1678217734,1.000000,,,,true,,POST,http://20.210.36.32:8080/prediction/knn,HTTP/1.1,contacts,,200,,,http://20.210.36.32:8080/prediction/knn,,
http_req_duration,1678217734,130.395740,,,,true,,POST,http://20.210.36.32:8080/prediction/knn,HTTP/1.1,contacts,,200,,,http://20.210.36.32:8080/prediction/knn,,
http_req_blocked,1678217734,3.962917,,,,true,,POST,http://20.210.36.32:8080/prediction/knn,HTTP/1.1,contacts,,200,,,http://20.210.36.32:8080/prediction/knn,,
http_req_connecting,1678217734,3.861516,,,,true,,POST,http://20.210.36.32:8080/prediction/knn,HTTP/1.1,contacts,,200,,,http://20.210.36.32:8080/prediction/knn,,
http_req_tls_handshaking,1678217734,0.000000,,,,true,,POST,http://20.210.36.32:8080/prediction/knn,HTTP/1.1,contacts,,200,,,http://20.210.36.32:8080/prediction/knn,,
http_req_sending,1678217734,0.073001,,,,true,,POST,http://20.210.36.32:8080/prediction/knn,HTTP/1.1,contacts,,200,,,http://20.210.36.32:8080/prediction/knn,,
http_req_waiting,1678217734,130.255939,,,,true,,POST,http://20.210.36.32:8080/prediction/knn,HTTP/1.1,contacts,,200,,,http://20.210.36.32:8080/prediction/knn,,
http_req_receiving,1678217734,0.066800,,,,true,,POST,http://20.210.36.32:8080/prediction/knn,HTTP/1.1,contacts,,200,,,http://20.210.36.32:8080/prediction/knn,,
http_req_failed,1678217734,0.000000,,,,true,,POST,http://20.210.36.32:8080/prediction/knn,HTTP/1.1,contacts,,200,,,http://20.210.36.32:8080/prediction/knn,,
responseTime,1678217734,130.395740,,,,,,,,,contacts,,,,,,,
data_sent,1678217734,2088.000000,,,,,,,,,contacts,,,,,,,
data_received,1678217734,199.000000,,,,,,,,,contacts,,,,,,,
iteration_duration,1678217734,134.835858,,,,,,,,,contacts,,,,,,,
iterations,1678217734,1.000000,,,,,,,,,contacts,,,,,,,
data_sent,1678217734,2088.000000,,,,,,,,,contacts,,,,,,,
data_received,1678217734,0.000000,,,,,,,,,contacts,,,,,,,
http_reqs,1678217734,1.000000,,,,true,,POST,http://20.210.36.32:8080/prediction/knn,HTTP/1.1,contacts,,200,,,http://20.210.36.32:8080/prediction/knn,,
http_req_duration,1678217734,108.879151,,,,true,,POST,http://20.210.36.32:8080/prediction/knn,HTTP/1.1,contacts,,200,,,http://20.210.36.32:8080/prediction/knn,,
http_req_blocked,1678217734,3.670715,,,,true,,POST,http://20.210.36.32:8080/prediction/knn,HTTP/1.1,contacts,,200,,,http://20.210.36.32:8080/prediction/knn,,
http_req_connecting,1678217734,3.596315,,,,true,,POST,http://20.210.36.32:8080/prediction/knn,HTTP/1.1,contacts,,200,,,http://20.210.36.32:8080/prediction/knn,,
http_req_tls_handshaking,1678217734,0.000000,,,,true,,POST,http://20.210.36.32:8080/prediction/knn,HTTP/1.1,contacts,,200,,,http://20.210.36.32:8080/prediction/knn,,
http_req_sending,1678217734,0.048701,,,,true,,POST,http://20.210.36.32:8080/prediction/knn,HTTP/1.1,contacts,,200,,,http://20.210.36.32:8080/prediction/knn,,
http_req_waiting,1678217734,106.725441,,,,true,,POST,http://20.210.36.32:8080/prediction/knn,HTTP/1.1,contacts,,200,,,http://20.210.36.32:8080/prediction/knn,,
http_req_receiving,1678217734,2.105009,,,,true,,POST,http://20.210.36.32:8080/prediction/knn,HTTP/1.1,contacts,,200,,,http://20.210.36.32:8080/prediction/knn,,
http_req_failed,1678217734,0.000000,,,,true,,POST,http://20.210.36.32:8080/prediction/knn,HTTP/1.1,contacts,,200,,,http://20.210.36.32:8080/prediction/knn,,
responseTime,1678217734,108.879151,,,,,,,,,contacts,,,,,,,
data_sent,1678217734,2088.000000,,,,,,,,,contacts,,,,,,,
data_received,1678217734,199.000000,,,,,,,,,contacts,,,,,,,
iteration_duration,1678217734,113.158968,,,,,,,,,contacts,,,,,,,
iterations,1678217734,1.000000,,,,,,,,,contacts,,,,,,,
http_reqs,1678217734,1.000000,,,,true,,POST,http://20.210.36.32:8080/prediction/knn,HTTP/1.1,contacts,,200,,,http://20.210.36.32:8080/prediction/knn,,
http_req_duration,1678217734,162.712573,,,,true,,POST,http://20.210.36.32:8080/prediction/knn,HTTP/1.1,contacts,,200,,,http://20.210.36.32:8080/prediction/knn,,
http_req_blocked,1678217734,3.624315,,,,true,,POST,http://20.210.36.32:8080/prediction/knn,HTTP/1.1,contacts,,200,,,http://20.210.36.32:8080/prediction/knn,,
http_req_connecting,1678217734,3.565015,,,,true,,POST,http://20.210.36.32:8080/prediction/knn,HTTP/1.1,contacts,,200,,,http://20.210.36.32:8080/prediction/knn,,
http_req_tls_handshaking,1678217734,0.000000,,,,true,,POST,http://20.210.36.32:8080/prediction/knn,HTTP/1.1,contacts,,200,,,http://20.210.36.32:8080/prediction/knn,,
http_req_sending,1678217734,0.038800,,,,true,,POST,http://20.210.36.32:8080/prediction/knn,HTTP/1.1,contacts,,200,,,http://20.210.36.32:8080/prediction/knn,,
http_req_waiting,1678217734,158.538156,,,,true,,POST,http://20.210.36.32:8080/prediction/knn,HTTP/1.1,contacts,,200,,,http://20.210.36.32:8080/prediction/knn,,
http_req_receiving,1678217734,4.135617,,,,true,,POST,http://20.210.36.32:8080/prediction/knn,HTTP/1.1,contacts,,200,,,http://20.210.36.32:8080/prediction/knn,,
http_req_failed,1678217734,0.000000,,,,true,,POST,http://20.210.36.32:8080/prediction/knn,HTTP/1.1,contacts,,200,,,http://20.210.36.32:8080/prediction/knn,,
responseTime,1678217734,162.712573,,,,,,,,,contacts,,,,,,,
data_sent,1678217734,2088.000000,,,,,,,,,contacts,,,,,,,
data_received,1678217734,199.000000,,,,,,,,,contacts,,,,,,,
iteration_duration,1678217734,166.786490,,,,,,,,,contacts,,,,,,,
iterations,1678217734,1.000000,,,,,,,,,contacts,,,,,,,
http_reqs,1678217734,1.000000,,,,true,,POST,http://20.210.36.32:8080/prediction/knn,HTTP/1.1,contacts,,200,,,http://20.210.36.32:8080/prediction/knn,,
http_req_duration,1678217734,130.538540,,,,true,,POST,http://20.210.36.32:8080/prediction/knn,HTTP/1.1,contacts,,200,,,http://20.210.36.32:8080/prediction/knn,,
http_req_blocked,1678217734,3.845216,,,,true,,POST,http://20.210.36.32:8080/prediction/knn,HTTP/1.1,contacts,,200,,,http://20.210.36.32:8080/prediction/knn,,
http_req_connecting,1678217734,3.803916,,,,true,,POST,http://20.210.36.32:8080/prediction/knn,HTTP/1.1,contacts,,200,,,http://20.210.36.32:8080/prediction/knn,,
http_req_tls_handshaking,1678217734,0.000000,,,,true,,POST,http://20.210.36.32:8080/prediction/knn,HTTP/1.1,contacts,,200,,,http://20.210.36.32:8080/prediction/knn,,
http_req_sending,1678217734,0.042300,,,,true,,POST,http://20.210.36.32:8080/prediction/knn,HTTP/1.1,contacts,,200,,,http://20.210.36.32:8080/prediction/knn,,
http_req_waiting,1678217734,129.855438,,,,true,,POST,http://20.210.36.32:8080/prediction/knn,HTTP/1.1,contacts,,200,,,http://20.210.36.32:8080/prediction/knn,,
http_req_receiving,1678217734,0.640802,,,,true,,POST,http://20.210.36.32:8080/prediction/knn,HTTP/1.1,contacts,,200,,,http://20.210.36.32:8080/prediction/knn,,
http_req_failed,1678217734,0.000000,,,,true,,POST,http://20.210.36.32:8080/prediction/knn,HTTP/1.1,contacts,,200,,,http://20.210.36.32:8080/prediction/knn,,
responseTime,1678217734,130.538540,,,,,,,,,contacts,,,,,,,
data_sent,1678217734,2088.000000,,,,,,,,,contacts,,,,,,,
data_received,1678217734,199.000000,,,,,,,,,contacts,,,,,,,
iteration_duration,1678217734,134.916259,,,,,,,,,contacts,,,,,,,
iterations,1678217734,1.000000,,,,,,,,,contacts,,,,,,,
http_reqs,1678217734,1.000000,,,,true,,POST,http://20.210.36.32:8080/prediction/knn,HTTP/1.1,contacts,,200,,,http://20.210.36.32:8080/prediction/knn,,
http_req_duration,1678217734,84.904352,,,,true,,POST,http://20.210.36.32:8080/prediction/knn,HTTP/1.1,contacts,,200,,,http://20.210.36.32:8080/prediction/knn,,
http_req_blocked,1678217734,3.893517,,,,true,,POST,http://20.210.36.32:8080/prediction/knn,HTTP/1.1,contacts,,200,,,http://20.210.36.32:8080/prediction/knn,,
http_req_connecting,1678217734,3.808715,,,,true,,POST,http://20.210.36.32:8080/prediction/knn,HTTP/1.1,contacts,,200,,,http://20.210.36.32:8080/prediction/knn,,
http_req_tls_handshaking,1678217734,0.000000,,,,true,,POST,http://20.210.36.32:8080/prediction/knn,HTTP/1.1,contacts,,200,,,http://20.210.36.32:8080/prediction/knn,,
http_req_sending,1678217734,0.067001,,,,true,,POST,http://20.210.36.32:8080/prediction/knn,HTTP/1.1,contacts,,200,,,http://20.210.36.32:8080/prediction/knn,,
http_req_waiting,1678217734,83.101444,,,,true,,POST,http://20.210.36.32:8080/prediction/knn,HTTP/1.1,contacts,,200,,,http://20.210.36.32:8080/prediction/knn,,
http_req_receiving,1678217734,1.735907,,,,true,,POST,http://20.210.36.32:8080/prediction/knn,HTTP/1.1,contacts,,200,,,http://20.210.36.32:8080/prediction/knn,,
http_req_failed,1678217734,0.000000,,,,true,,POST,http://20.210.36.32:8080/prediction/knn,HTTP/1.1,contacts,,200,,,http://20.210.36.32:8080/prediction/knn,,
responseTime,1678217734,84.904352,,,,,,,,,contacts,,,,,,,
data_sent,1678217734,2088.000000,,,,,,,,,contacts,,,,,,,
data_received,1678217734,199.000000,,,,,,,,,contacts,,,,,,,
iteration_duration,1678217734,89.355670,,,,,,,,,contacts,,,,,,,
iterations,1678217734,1.000000,,,,,,,,,contacts,,,,,,,
data_sent,1678217734,2088.000000,,,,,,,,,contacts,,,,,,,
data_received,1678217734,0.000000,,,,,,,,,contacts,,,,,,,
http_reqs,1678217734,1.000000,,,,true,,POST,http://20.210.36.32:8080/prediction/knn,HTTP/1.1,contacts,,200,,,http://20.210.36.32:8080/prediction/knn,,
http_req_duration,1678217734,99.907213,,,,true,,POST,http://20.210.36.32:8080/prediction/knn,HTTP/1.1,contacts,,200,,,http://20.210.36.32:8080/prediction/knn,,
http_req_blocked,1678217734,4.215617,,,,true,,POST,http://20.210.36.32:8080/prediction/knn,HTTP/1.1,contacts,,200,,,http://20.210.36.32:8080/prediction/knn,,
http_req_connecting,1678217734,4.128617,,,,true,,POST,http://20.210.36.32:8080/prediction/knn,HTTP/1.1,contacts,,200,,,http://20.210.36.32:8080/prediction/knn,,
http_req_tls_handshaking,1678217734,0.000000,,,,true,,POST,http://20.210.36.32:8080/prediction/knn,HTTP/1.1,contacts,,200,,,http://20.210.36.32:8080/prediction/knn,,
http_req_sending,1678217734,0.052200,,,,true,,POST,http://20.210.36.32:8080/prediction/knn,HTTP/1.1,contacts,,200,,,http://20.210.36.32:8080/prediction/knn,,
http_req_waiting,1678217734,99.707013,,,,true,,POST,http://20.210.36.32:8080/prediction/knn,HTTP/1.1,contacts,,200,,,http://20.210.36.32:8080/prediction/knn,,
http_req_receiving,1678217734,0.148000,,,,true,,POST,http://20.210.36.32:8080/prediction/knn,HTTP/1.1,contacts,,200,,,http://20.210.36.32:8080/prediction/knn,,
http_req_failed,1678217734,0.000000,,,,true,,POST,http://20.210.36.32:8080/prediction/knn,HTTP/1.1,contacts,,200,,,http://20.210.36.32:8080/prediction/knn,,
responseTime,1678217734,99.907213,,,,,,,,,contacts,,,,,,,
data_sent,1678217734,2088.000000,,,,,,,,,contacts,,,,,,,
data_received,1678217734,199.000000,,,,,,,,,contacts,,,,,,,
iteration_duration,1678217734,104.510133,,,,,,,,,contacts,,,,,,,
iterations,1678217734,1.000000,,,,,,,,,contacts,,,,,,,
http_reqs,1678217734,1.000000,,,,true,,POST,http://20.210.36.32:8080/prediction/knn,HTTP/1.1,contacts,,200,,,http://20.210.36.32:8080/prediction/knn,,
http_req_duration,1678217734,79.464628,,,,true,,POST,http://20.210.36.32:8080/prediction/knn,HTTP/1.1,contacts,,200,,,http://20.210.36.32:8080/prediction/knn,,
http_req_blocked,1678217734,4.604519,,,,true,,POST,http://20.210.36.32:8080/prediction/knn,HTTP/1.1,contacts,,200,,,http://20.210.36.32:8080/prediction/knn,,
http_req_connecting,1678217734,4.538519,,,,true,,POST,http://20.210.36.32:8080/prediction/knn,HTTP/1.1,contacts,,200,,,http://20.210.36.32:8080/prediction/knn,,
http_req_tls_handshaking,1678217734,0.000000,,,,true,,POST,http://20.210.36.32:8080/prediction/knn,HTTP/1.1,contacts,,200,,,http://20.210.36.32:8080/prediction/knn,,
http_req_sending,1678217734,0.061400,,,,true,,POST,http://20.210.36.32:8080/prediction/knn,HTTP/1.1,contacts,,200,,,http://20.210.36.32:8080/prediction/knn,,
http_req_waiting,1678217734,79.330628,,,,true,,POST,http://20.210.36.32:8080/prediction/knn,HTTP/1.1,contacts,,200,,,http://20.210.36.32:8080/prediction/knn,,
http_req_receiving,1678217734,0.072600,,,,true,,POST,http://20.210.36.32:8080/prediction/knn,HTTP/1.1,contacts,,200,,,http://20.210.36.32:8080/prediction/knn,,
http_req_failed,1678217734,0.000000,,,,true,,POST,http://20.210.36.32:8080/prediction/knn,HTTP/1.1,contacts,,200,,,http://20.210.36.32:8080/prediction/knn,,
responseTime,1678217734,79.464628,,,,,,,,,contacts,,,,,,,
data_sent,1678217734,2088.000000,,,,,,,,,contacts,,,,,,,
data_received,1678217734,199.000000,,,,,,,,,contacts,,,,,,,
iteration_duration,1678217734,84.486950,,,,,,,,,contacts,,,,,,,
iterations,1678217734,1.000000,,,,,,,,,contacts,,,,,,,
http_reqs,1678217734,1.000000,,,,true,,POST,http://20.210.36.32:8080/prediction/knn,HTTP/1.1,contacts,,200,,,http://20.210.36.32:8080/prediction/knn,,
http_req_duration,1678217734,78.552626,,,,true,,POST,http://20.210.36.32:8080/prediction/knn,HTTP/1.1,contacts,,200,,,http://20.210.36.32:8080/prediction/knn,,
http_req_blocked,1678217734,5.784824,,,,true,,POST,http://20.210.36.32:8080/prediction/knn,HTTP/1.1,contacts,,200,,,http://20.210.36.32:8080/prediction/knn,,
http_req_connecting,1678217734,5.714923,,,,true,,POST,http://20.210.36.32:8080/prediction/knn,HTTP/1.1,contacts,,200,,,http://20.210.36.32:8080/prediction/knn,,
http_req_tls_handshaking,1678217734,0.000000,,,,true,,POST,http://20.210.36.32:8080/prediction/knn,HTTP/1.1,contacts,,200,,,http://20.210.36.32:8080/prediction/knn,,
http_req_sending,1678217734,0.063801,,,,true,,POST,http://20.210.36.32:8080/prediction/knn,HTTP/1.1,contacts,,200,,,http://20.210.36.32:8080/prediction/knn,,
http_req_waiting,1678217734,78.406424,,,,true,,POST,http://20.210.36.32:8080/prediction/knn,HTTP/1.1,contacts,,200,,,http://20.210.36.32:8080/prediction/knn,,
http_req_receiving,1678217734,0.082401,,,,true,,POST,http://20.210.36.32:8080/prediction/knn,HTTP/1.1,contacts,,200,,,http://20.210.36.32:8080/prediction/knn,,
http_req_failed,1678217734,0.000000,,,,true,,POST,http://20.210.36.32:8080/prediction/knn,HTTP/1.1,contacts,,200,,,http://20.210.36.32:8080/prediction/knn,,
responseTime,1678217734,78.552626,,,,,,,,,contacts,,,,,,,
data_sent,1678217734,2088.000000,,,,,,,,,contacts,,,,,,,
data_received,1678217734,199.000000,,,,,,,,,contacts,,,,,,,
iteration_duration,1678217734,84.671950,,,,,,,,,contacts,,,,,,,
iterations,1678217734,1.000000,,,,,,,,,contacts,,,,,,,
http_reqs,1678217734,1.000000,,,,true,,POST,http://20.210.36.32:8080/prediction/knn,HTTP/1.1,contacts,,200,,,http://20.210.36.32:8080/prediction/knn,,
http_req_duration,1678217734,108.534549,,,,true,,POST,http://20.210.36.32:8080/prediction/knn,HTTP/1.1,contacts,,200,,,http://20.210.36.32:8080/prediction/knn,,
http_req_blocked,1678217734,3.904216,,,,true,,POST,http://20.210.36.32:8080/prediction/knn,HTTP/1.1,contacts,,200,,,http://20.210.36.32:8080/prediction/knn,,
http_req_connecting,1678217734,3.851716,,,,true,,POST,http://20.210.36.32:8080/prediction/knn,HTTP/1.1,contacts,,200,,,http://20.210.36.32:8080/prediction/knn,,
http_req_tls_handshaking,1678217734,0.000000,,,,true,,POST,http://20.210.36.32:8080/prediction/knn,HTTP/1.1,contacts,,200,,,http://20.210.36.32:8080/prediction/knn,,
http_req_sending,1678217734,0.057700,,,,true,,POST,http://20.210.36.32:8080/prediction/knn,HTTP/1.1,contacts,,200,,,http://20.210.36.32:8080/prediction/knn,,
http_req_waiting,1678217734,106.560141,,,,true,,POST,http://20.210.36.32:8080/prediction/knn,HTTP/1.1,contacts,,200,,,http://20.210.36.32:8080/prediction/knn,,
http_req_receiving,1678217734,1.916708,,,,true,,POST,http://20.210.36.32:8080/prediction/knn,HTTP/1.1,contacts,,200,,,http://20.210.36.32:8080/prediction/knn,,
http_req_failed,1678217734,0.000000,,,,true,,POST,http://20.210.36.32:8080/prediction/knn,HTTP/1.1,contacts,,200,,,http://20.210.36.32:8080/prediction/knn,,
responseTime,1678217734,108.534549,,,,,,,,,contacts,,,,,,,
data_sent,1678217734,2088.000000,,,,,,,,,contacts,,,,,,,
data_received,1678217734,199.000000,,,,,,,,,contacts,,,,,,,
iteration_duration,1678217734,113.013168,,,,,,,,,contacts,,,,,,,
iterations,1678217734,1.000000,,,,,,,,,contacts,,,,,,,
http_reqs,1678217734,1.000000,,,,true,,POST,http://20.210.36.32:8080/prediction/knn,HTTP/1.1,contacts,,200,,,http://20.210.36.32:8080/prediction/knn,,
http_req_duration,1678217734,90.652176,,,,true,,POST,http://20.210.36.32:8080/prediction/knn,HTTP/1.1,contacts,,200,,,http://20.210.36.32:8080/prediction/knn,,
http_req_blocked,1678217734,3.462215,,,,true,,POST,http://20.210.36.32:8080/prediction/knn,HTTP/1.1,contacts,,200,,,http://20.210.36.32:8080/prediction/knn,,
http_req_connecting,1678217734,3.393714,,,,true,,POST,http://20.210.36.32:8080/prediction/knn,HTTP/1.1,contacts,,200,,,http://20.210.36.32:8080/prediction/knn,,
http_req_tls_handshaking,1678217734,0.000000,,,,true,,POST,http://20.210.36.32:8080/prediction/knn,HTTP/1.1,contacts,,200,,,http://20.210.36.32:8080/prediction/knn,,
http_req_sending,1678217734,0.073301,,,,true,,POST,http://20.210.36.32:8080/prediction/knn,HTTP/1.1,contacts,,200,,,http://20.210.36.32:8080/prediction/knn,,
http_req_waiting,1678217734,90.322374,,,,true,,POST,http://20.210.36.32:8080/prediction/knn,HTTP/1.1,contacts,,200,,,http://20.210.36.32:8080/prediction/knn,,
http_req_receiving,1678217734,0.256501,,,,true,,POST,http://20.210.36.32:8080/prediction/knn,HTTP/1.1,contacts,,200,,,http://20.210.36.32:8080/prediction/knn,,
http_req_failed,1678217734,0.000000,,,,true,,POST,http://20.210.36.32:8080/prediction/knn,HTTP/1.1,contacts,,200,,,http://20.210.36.32:8080/prediction/knn,,
responseTime,1678217734,90.652176,,,,,,,,,contacts,,,,,,,
data_sent,1678217734,2088.000000,,,,,,,,,contacts,,,,,,,
data_received,1678217734,199.000000,,,,,,,,,contacts,,,,,,,
iteration_duration,1678217734,94.548691,,,,,,,,,contacts,,,,,,,
iterations,1678217734,1.000000,,,,,,,,,contacts,,,,,,,
http_reqs,1678217734,1.000000,,,,true,,POST,http://20.210.36.32:8080/prediction/knn,HTTP/1.1,contacts,,200,,,http://20.210.36.32:8080/prediction/knn,,
http_req_duration,1678217734,89.352370,,,,true,,POST,http://20.210.36.32:8080/prediction/knn,HTTP/1.1,contacts,,200,,,http://20.210.36.32:8080/prediction/knn,,
http_req_blocked,1678217734,3.423414,,,,true,,POST,http://20.210.36.32:8080/prediction/knn,HTTP/1.1,contacts,,200,,,http://20.210.36.32:8080/prediction/knn,,
http_req_connecting,1678217734,3.346114,,,,true,,POST,http://20.210.36.32:8080/prediction/knn,HTTP/1.1,contacts,,200,,,http://20.210.36.32:8080/prediction/knn,,
http_req_tls_handshaking,1678217734,0.000000,,,,true,,POST,http://20.210.36.32:8080/prediction/knn,HTTP/1.1,contacts,,200,,,http://20.210.36.32:8080/prediction/knn,,
http_req_sending,1678217734,0.059500,,,,true,,POST,http://20.210.36.32:8080/prediction/knn,HTTP/1.1,contacts,,200,,,http://20.210.36.32:8080/prediction/knn,,
http_req_waiting,1678217734,89.206869,,,,true,,POST,http://20.210.36.32:8080/prediction/knn,HTTP/1.1,contacts,,200,,,http://20.210.36.32:8080/prediction/knn,,
http_req_receiving,1678217734,0.086001,,,,true,,POST,http://20.210.36.32:8080/prediction/knn,HTTP/1.1,contacts,,200,,,http://20.210.36.32:8080/prediction/knn,,
http_req_failed,1678217734,0.000000,,,,true,,POST,http://20.210.36.32:8080/prediction/knn,HTTP/1.1,contacts,,200,,,http://20.210.36.32:8080/prediction/knn,,
responseTime,1678217734,89.352370,,,,,,,,,contacts,,,,,,,
data_sent,1678217734,2088.000000,,,,,,,,,contacts,,,,,,,
data_received,1678217734,199.000000,,,,,,,,,contacts,,,,,,,
iteration_duration,1678217734,93.229286,,,,,,,,,contacts,,,,,,,
iterations,1678217734,1.000000,,,,,,,,,contacts,,,,,,,
data_sent,1678217734,0.000000,,,,,,,,,contacts,,,,,,,
data_received,1678217734,0.000000,,,,,,,,,contacts,,,,,,,
http_reqs,1678217734,1.000000,,,,true,,POST,http://20.210.36.32:8080/prediction/knn,HTTP/1.1,contacts,,200,,,http://20.210.36.32:8080/prediction/knn,,
http_req_duration,1678217734,85.526054,,,,true,,POST,http://20.210.36.32:8080/prediction/knn,HTTP/1.1,contacts,,200,,,http://20.210.36.32:8080/prediction/knn,,
http_req_blocked,1678217734,3.641415,,,,true,,POST,http://20.210.36.32:8080/prediction/knn,HTTP/1.1,contacts,,200,,,http://20.210.36.32:8080/prediction/knn,,
http_req_connecting,1678217734,3.573715,,,,true,,POST,http://20.210.36.32:8080/prediction/knn,HTTP/1.1,contacts,,200,,,http://20.210.36.32:8080/prediction/knn,,
http_req_tls_handshaking,1678217734,0.000000,,,,true,,POST,http://20.210.36.32:8080/prediction/knn,HTTP/1.1,contacts,,200,,,http://20.210.36.32:8080/prediction/knn,,
http_req_sending,1678217734,0.046000,,,,true,,POST,http://20.210.36.32:8080/prediction/knn,HTTP/1.1,contacts,,200,,,http://20.210.36.32:8080/prediction/knn,,
http_req_waiting,1678217734,85.414553,,,,true,,POST,http://20.210.36.32:8080/prediction/knn,HTTP/1.1,contacts,,200,,,http://20.210.36.32:8080/prediction/knn,,
http_req_receiving,1678217734,0.065501,,,,true,,POST,http://20.210.36.32:8080/prediction/knn,HTTP/1.1,contacts,,200,,,http://20.210.36.32:8080/prediction/knn,,
http_req_failed,1678217734,0.000000,,,,true,,POST,http://20.210.36.32:8080/prediction/knn,HTTP/1.1,contacts,,200,,,http://20.210.36.32:8080/prediction/knn,,
responseTime,1678217734,85.526054,,,,,,,,,contacts,,,,,,,
data_sent,1678217734,2088.000000,,,,,,,,,contacts,,,,,,,
data_received,1678217734,199.000000,,,,,,,,,contacts,,,,,,,
iteration_duration,1678217734,89.617971,,,,,,,,,contacts,,,,,,,
iterations,1678217734,1.000000,,,,,,,,,contacts,,,,,,,
http_reqs,1678217734,1.000000,,,,true,,POST,http://20.210.36.32:8080/prediction/knn,HTTP/1.1,contacts,,200,,,http://20.210.36.32:8080/prediction/knn,,
http_req_duration,1678217734,88.069665,,,,true,,POST,http://20.210.36.32:8080/prediction/knn,HTTP/1.1,contacts,,200,,,http://20.210.36.32:8080/prediction/knn,,
http_req_blocked,1678217734,3.907317,,,,true,,POST,http://20.210.36.32:8080/prediction/knn,HTTP/1.1,contacts,,200,,,http://20.210.36.32:8080/prediction/knn,,
http_req_connecting,1678217734,3.815615,,,,true,,POST,http://20.210.36.32:8080/prediction/knn,HTTP/1.1,contacts,,200,,,http://20.210.36.32:8080/prediction/knn,,
http_req_tls_handshaking,1678217734,0.000000,,,,true,,POST,http://20.210.36.32:8080/prediction/knn,HTTP/1.1,contacts,,200,,,http://20.210.36.32:8080/prediction/knn,,
http_req_sending,1678217734,0.076301,,,,true,,POST,http://20.210.36.32:8080/prediction/knn,HTTP/1.1,contacts,,200,,,http://20.210.36.32:8080/prediction/knn,,
http_req_waiting,1678217734,87.915164,,,,true,,POST,http://20.210.36.32:8080/prediction/knn,HTTP/1.1,contacts,,200,,,http://20.210.36.32:8080/prediction/knn,,
http_req_receiving,1678217734,0.078200,,,,true,,POST,http://20.210.36.32:8080/prediction/knn,HTTP/1.1,contacts,,200,,,http://20.210.36.32:8080/prediction/knn,,
http_req_failed,1678217734,0.000000,,,,true,,POST,http://20.210.36.32:8080/prediction/knn,HTTP/1.1,contacts,,200,,,http://20.210.36.32:8080/prediction/knn,,
responseTime,1678217734,88.069665,,,,,,,,,contacts,,,,,,,
data_sent,1678217734,2088.000000,,,,,,,,,contacts,,,,,,,
data_received,1678217734,199.000000,,,,,,,,,contacts,,,,,,,
iteration_duration,1678217734,92.357082,,,,,,,,,contacts,,,,,,,
iterations,1678217734,1.000000,,,,,,,,,contacts,,,,,,,
http_reqs,1678217734,1.000000,,,,true,,POST,http://20.210.36.32:8080/prediction/knn,HTTP/1.1,contacts,,200,,,http://20.210.36.32:8080/prediction/knn,,
http_req_duration,1678217734,34.531043,,,,true,,POST,http://20.210.36.32:8080/prediction/knn,HTTP/1.1,contacts,,200,,,http://20.210.36.32:8080/prediction/knn,,
http_req_blocked,1678217734,3.662415,,,,true,,POST,http://20.210.36.32:8080/prediction/knn,HTTP/1.1,contacts,,200,,,http://20.210.36.32:8080/prediction/knn,,
http_req_connecting,1678217734,3.577315,,,,true,,POST,http://20.210.36.32:8080/prediction/knn,HTTP/1.1,contacts,,200,,,http://20.210.36.32:8080/prediction/knn,,
http_req_tls_handshaking,1678217734,0.000000,,,,true,,POST,http://20.210.36.32:8080/prediction/knn,HTTP/1.1,contacts,,200,,,http://20.210.36.32:8080/prediction/knn,,
http_req_sending,1678217734,0.078400,,,,true,,POST,http://20.210.36.32:8080/prediction/knn,HTTP/1.1,contacts,,200,,,http://20.210.36.32:8080/prediction/knn,,
http_req_waiting,1678217734,34.374943,,,,true,,POST,http://20.210.36.32:8080/prediction/knn,HTTP/1.1,contacts,,200,,,http://20.210.36.32:8080/prediction/knn,,
http_req_receiving,1678217734,0.077700,,,,true,,POST,http://20.210.36.32:8080/prediction/knn,HTTP/1.1,contacts,,200,,,http://20.210.36.32:8080/prediction/knn,,
http_req_failed,1678217734,0.000000,,,,true,,POST,http://20.210.36.32:8080/prediction/knn,HTTP/1.1,contacts,,200,,,http://20.210.36.32:8080/prediction/knn,,
responseTime,1678217734,34.531043,,,,,,,,,contacts,,,,,,,
data_sent,1678217734,2088.000000,,,,,,,,,contacts,,,,,,,
data_received,1678217734,199.000000,,,,,,,,,contacts,,,,,,,
iteration_duration,1678217734,38.541559,,,,,,,,,contacts,,,,,,,
iterations,1678217734,1.000000,,,,,,,,,contacts,,,,,,,
http_reqs,1678217734,1.000000,,,,true,,POST,http://20.210.36.32:8080/prediction/knn,HTTP/1.1,contacts,,200,,,http://20.210.36.32:8080/prediction/knn,,
http_req_duration,1678217734,55.491230,,,,true,,POST,http://20.210.36.32:8080/prediction/knn,HTTP/1.1,contacts,,200,,,http://20.210.36.32:8080/prediction/knn,,
http_req_blocked,1678217734,2.356810,,,,true,,POST,http://20.210.36.32:8080/prediction/knn,HTTP/1.1,contacts,,200,,,http://20.210.36.32:8080/prediction/knn,,
http_req_connecting,1678217734,2.298809,,,,true,,POST,http://20.210.36.32:8080/prediction/knn,HTTP/1.1,contacts,,200,,,http://20.210.36.32:8080/prediction/knn,,
http_req_tls_handshaking,1678217734,0.000000,,,,true,,POST,http://20.210.36.32:8080/prediction/knn,HTTP/1.1,contacts,,200,,,http://20.210.36.32:8080/prediction/knn,,
http_req_sending,1678217734,0.050700,,,,true,,POST,http://20.210.36.32:8080/prediction/knn,HTTP/1.1,contacts,,200,,,http://20.210.36.32:8080/prediction/knn,,
http_req_waiting,1678217734,55.312029,,,,true,,POST,http://20.210.36.32:8080/prediction/knn,HTTP/1.1,contacts,,200,,,http://20.210.36.32:8080/prediction/knn,,
http_req_receiving,1678217734,0.128501,,,,true,,POST,http://20.210.36.32:8080/prediction/knn,HTTP/1.1,contacts,,200,,,http://20.210.36.32:8080/prediction/knn,,
http_req_failed,1678217734,0.000000,,,,true,,POST,http://20.210.36.32:8080/prediction/knn,HTTP/1.1,contacts,,200,,,http://20.210.36.32:8080/prediction/knn,,
responseTime,1678217734,55.491230,,,,,,,,,contacts,,,,,,,
data_sent,1678217734,2088.000000,,,,,,,,,contacts,,,,,,,
data_received,1678217734,199.000000,,,,,,,,,contacts,,,,,,,
iteration_duration,1678217734,58.442142,,,,,,,,,contacts,,,,,,,
iterations,1678217734,1.000000,,,,,,,,,contacts,,,,,,,
http_reqs,1678217734,1.000000,,,,true,,POST,http://20.210.36.32:8080/prediction/knn,HTTP/1.1,contacts,,200,,,http://20.210.36.32:8080/prediction/knn,,
http_req_duration,1678217734,57.598039,,,,true,,POST,http://20.210.36.32:8080/prediction/knn,HTTP/1.1,contacts,,200,,,http://20.210.36.32:8080/prediction/knn,,
http_req_blocked,1678217734,2.072208,,,,true,,POST,http://20.210.36.32:8080/prediction/knn,HTTP/1.1,contacts,,200,,,http://20.210.36.32:8080/prediction/knn,,
http_req_connecting,1678217734,2.007208,,,,true,,POST,http://20.210.36.32:8080/prediction/knn,HTTP/1.1,contacts,,200,,,http://20.210.36.32:8080/prediction/knn,,
http_req_tls_handshaking,1678217734,0.000000,,,,true,,POST,http://20.210.36.32:8080/prediction/knn,HTTP/1.1,contacts,,200,,,http://20.210.36.32:8080/prediction/knn,,
http_req_sending,1678217734,0.063001,,,,true,,POST,http://20.210.36.32:8080/prediction/knn,HTTP/1.1,contacts,,200,,,http://20.210.36.32:8080/prediction/knn,,
http_req_waiting,1678217734,57.391537,,,,true,,POST,http://20.210.36.32:8080/prediction/knn,HTTP/1.1,contacts,,200,,,http://20.210.36.32:8080/prediction/knn,,
http_req_receiving,1678217734,0.143501,,,,true,,POST,http://20.210.36.32:8080/prediction/knn,HTTP/1.1,contacts,,200,,,http://20.210.36.32:8080/prediction/knn,,
http_req_failed,1678217734,0.000000,,,,true,,POST,http://20.210.36.32:8080/prediction/knn,HTTP/1.1,contacts,,200,,,http://20.210.36.32:8080/prediction/knn,,
responseTime,1678217734,57.598039,,,,,,,,,contacts,,,,,,,
data_sent,1678217734,2088.000000,,,,,,,,,contacts,,,,,,,
data_received,1678217734,199.000000,,,,,,,,,contacts,,,,,,,
iteration_duration,1678217734,59.988748,,,,,,,,,contacts,,,,,,,
iterations,1678217734,1.000000,,,,,,,,,contacts,,,,,,,
http_reqs,1678217734,1.000000,,,,true,,POST,http://20.210.36.32:8080/prediction/knn,HTTP/1.1,contacts,,200,,,http://20.210.36.32:8080/prediction/knn,,
http_req_duration,1678217734,54.989027,,,,true,,POST,http://20.210.36.32:8080/prediction/knn,HTTP/1.1,contacts,,200,,,http://20.210.36.32:8080/prediction/knn,,
http_req_blocked,1678217734,2.060809,,,,true,,POST,http://20.210.36.32:8080/prediction/knn,HTTP/1.1,contacts,,200,,,http://20.210.36.32:8080/prediction/knn,,
http_req_connecting,1678217734,1.992609,,,,true,,POST,http://20.210.36.32:8080/prediction/knn,HTTP/1.1,contacts,,200,,,http://20.210.36.32:8080/prediction/knn,,
http_req_tls_handshaking,1678217734,0.000000,,,,true,,POST,http://20.210.36.32:8080/prediction/knn,HTTP/1.1,contacts,,200,,,http://20.210.36.32:8080/prediction/knn,,
http_req_sending,1678217734,0.056000,,,,true,,POST,http://20.210.36.32:8080/prediction/knn,HTTP/1.1,contacts,,200,,,http://20.210.36.32:8080/prediction/knn,,
http_req_waiting,1678217734,54.860627,,,,true,,POST,http://20.210.36.32:8080/prediction/knn,HTTP/1.1,contacts,,200,,,http://20.210.36.32:8080/prediction/knn,,
http_req_receiving,1678217734,0.072400,,,,true,,POST,http://20.210.36.32:8080/prediction/knn,HTTP/1.1,contacts,,200,,,http://20.210.36.32:8080/prediction/knn,,
http_req_failed,1678217734,0.000000,,,,true,,POST,http://20.210.36.32:8080/prediction/knn,HTTP/1.1,contacts,,200,,,http://20.210.36.32:8080/prediction/knn,,
responseTime,1678217734,54.989027,,,,,,,,,contacts,,,,,,,
data_sent,1678217734,2088.000000,,,,,,,,,contacts,,,,,,,
data_received,1678217734,199.000000,,,,,,,,,contacts,,,,,,,
iteration_duration,1678217734,57.347138,,,,,,,,,contacts,,,,,,,
iterations,1678217734,1.000000,,,,,,,,,contacts,,,,,,,
data_sent,1678217734,2088.000000,,,,,,,,,contacts,,,,,,,
data_received,1678217734,0.000000,,,,,,,,,contacts,,,,,,,
http_reqs,1678217734,1.000000,,,,true,,POST,http://20.210.36.32:8080/prediction/knn,HTTP/1.1,contacts,,200,,,http://20.210.36.32:8080/prediction/knn,,
http_req_duration,1678217734,56.279933,,,,true,,POST,http://20.210.36.32:8080/prediction/knn,HTTP/1.1,contacts,,200,,,http://20.210.36.32:8080/prediction/knn,,
http_req_blocked,1678217734,1.991808,,,,true,,POST,http://20.210.36.32:8080/prediction/knn,HTTP/1.1,contacts,,200,,,http://20.210.36.32:8080/prediction/knn,,
http_req_connecting,1678217734,1.941608,,,,true,,POST,http://20.210.36.32:8080/prediction/knn,HTTP/1.1,contacts,,200,,,http://20.210.36.32:8080/prediction/knn,,
http_req_tls_handshaking,1678217734,0.000000,,,,true,,POST,http://20.210.36.32:8080/prediction/knn,HTTP/1.1,contacts,,200,,,http://20.210.36.32:8080/prediction/knn,,
http_req_sending,1678217734,0.051000,,,,true,,POST,http://20.210.36.32:8080/prediction/knn,HTTP/1.1,contacts,,200,,,http://20.210.36.32:8080/prediction/knn,,
http_req_waiting,1678217734,56.114032,,,,true,,POST,http://20.210.36.32:8080/prediction/knn,HTTP/1.1,contacts,,200,,,http://20.210.36.32:8080/prediction/knn,,
http_req_receiving,1678217734,0.114901,,,,true,,POST,http://20.210.36.32:8080/prediction/knn,HTTP/1.1,contacts,,200,,,http://20.210.36.32:8080/prediction/knn,,
http_req_failed,1678217734,0.000000,,,,true,,POST,http://20.210.36.32:8080/prediction/knn,HTTP/1.1,contacts,,200,,,http://20.210.36.32:8080/prediction/knn,,
http_reqs,1678217734,1.000000,,,,true,,POST,http://20.210.36.32:8080/prediction/knn,HTTP/1.1,contacts,,200,,,http://20.210.36.32:8080/prediction/knn,,
http_req_duration,1678217734,56.294133,,,,true,,POST,http://20.210.36.32:8080/prediction/knn,HTTP/1.1,contacts,,200,,,http://20.210.36.32:8080/prediction/knn,,
http_req_blocked,1678217734,1.919108,,,,true,,POST,http://20.210.36.32:8080/prediction/knn,HTTP/1.1,contacts,,200,,,http://20.210.36.32:8080/prediction/knn,,
http_req_connecting,1678217734,1.865908,,,,true,,POST,http://20.210.36.32:8080/prediction/knn,HTTP/1.1,contacts,,200,,,http://20.210.36.32:8080/prediction/knn,,
http_req_tls_handshaking,1678217734,0.000000,,,,true,,POST,http://20.210.36.32:8080/prediction/knn,HTTP/1.1,contacts,,200,,,http://20.210.36.32:8080/prediction/knn,,
http_req_sending,1678217734,0.039000,,,,true,,POST,http://20.210.36.32:8080/prediction/knn,HTTP/1.1,contacts,,200,,,http://20.210.36.32:8080/prediction/knn,,
http_req_waiting,1678217734,56.198133,,,,true,,POST,http://20.210.36.32:8080/prediction/knn,HTTP/1.1,contacts,,200,,,http://20.210.36.32:8080/prediction/knn,,
http_req_receiving,1678217734,0.057000,,,,true,,POST,http://20.210.36.32:8080/prediction/knn,HTTP/1.1,contacts,,200,,,http://20.210.36.32:8080/prediction/knn,,
http_req_failed,1678217734,0.000000,,,,true,,POST,http://20.210.36.32:8080/prediction/knn,HTTP/1.1,contacts,,200,,,http://20.210.36.32:8080/prediction/knn,,
responseTime,1678217734,56.279933,,,,,,,,,contacts,,,,,,,
data_sent,1678217734,2088.000000,,,,,,,,,contacts,,,,,,,
data_received,1678217734,199.000000,,,,,,,,,contacts,,,,,,,
iteration_duration,1678217734,58.692443,,,,,,,,,contacts,,,,,,,
iterations,1678217734,1.000000,,,,,,,,,contacts,,,,,,,
responseTime,1678217734,56.294133,,,,,,,,,contacts,,,,,,,
data_sent,1678217734,2088.000000,,,,,,,,,contacts,,,,,,,
data_received,1678217734,199.000000,,,,,,,,,contacts,,,,,,,
iteration_duration,1678217734,58.811144,,,,,,,,,contacts,,,,,,,
iterations,1678217734,1.000000,,,,,,,,,contacts,,,,,,,
http_reqs,1678217734,1.000000,,,,true,,POST,http://20.210.36.32:8080/prediction/knn,HTTP/1.1,contacts,,200,,,http://20.210.36.32:8080/prediction/knn,,
http_req_duration,1678217734,34.699044,,,,true,,POST,http://20.210.36.32:8080/prediction/knn,HTTP/1.1,contacts,,200,,,http://20.210.36.32:8080/prediction/knn,,
http_req_blocked,1678217734,2.104408,,,,true,,POST,http://20.210.36.32:8080/prediction/knn,HTTP/1.1,contacts,,200,,,http://20.210.36.32:8080/prediction/knn,,
http_req_connecting,1678217734,2.051608,,,,true,,POST,http://20.210.36.32:8080/prediction/knn,HTTP/1.1,contacts,,200,,,http://20.210.36.32:8080/prediction/knn,,
http_req_tls_handshaking,1678217734,0.000000,,,,true,,POST,http://20.210.36.32:8080/prediction/knn,HTTP/1.1,contacts,,200,,,http://20.210.36.32:8080/prediction/knn,,
http_req_sending,1678217734,0.051101,,,,true,,POST,http://20.210.36.32:8080/prediction/knn,HTTP/1.1,contacts,,200,,,http://20.210.36.32:8080/prediction/knn,,
http_req_waiting,1678217734,34.573343,,,,true,,POST,http://20.210.36.32:8080/prediction/knn,HTTP/1.1,contacts,,200,,,http://20.210.36.32:8080/prediction/knn,,
http_req_receiving,1678217734,0.074600,,,,true,,POST,http://20.210.36.32:8080/prediction/knn,HTTP/1.1,contacts,,200,,,http://20.210.36.32:8080/prediction/knn,,
http_req_failed,1678217734,0.000000,,,,true,,POST,http://20.210.36.32:8080/prediction/knn,HTTP/1.1,contacts,,200,,,http://20.210.36.32:8080/prediction/knn,,
responseTime,1678217734,34.699044,,,,,,,,,contacts,,,,,,,
data_sent,1678217734,2088.000000,,,,,,,,,contacts,,,,,,,
data_received,1678217734,199.000000,,,,,,,,,contacts,,,,,,,
iteration_duration,1678217734,37.151453,,,,,,,,,contacts,,,,,,,
iterations,1678217734,1.000000,,,,,,,,,contacts,,,,,,,
http_reqs,1678217734,1.000000,,,,true,,POST,http://20.210.36.32:8080/prediction/knn,HTTP/1.1,contacts,,200,,,http://20.210.36.32:8080/prediction/knn,,
http_req_duration,1678217734,40.947469,,,,true,,POST,http://20.210.36.32:8080/prediction/knn,HTTP/1.1,contacts,,200,,,http://20.210.36.32:8080/prediction/knn,,
http_req_blocked,1678217734,1.967708,,,,true,,POST,http://20.210.36.32:8080/prediction/knn,HTTP/1.1,contacts,,200,,,http://20.210.36.32:8080/prediction/knn,,
http_req_connecting,1678217734,1.885208,,,,true,,POST,http://20.210.36.32:8080/prediction/knn,HTTP/1.1,contacts,,200,,,http://20.210.36.32:8080/prediction/knn,,
http_req_tls_handshaking,1678217734,0.000000,,,,true,,POST,http://20.210.36.32:8080/prediction/knn,HTTP/1.1,contacts,,200,,,http://20.210.36.32:8080/prediction/knn,,
http_req_sending,1678217734,0.063600,,,,true,,POST,http://20.210.36.32:8080/prediction/knn,HTTP/1.1,contacts,,200,,,http://20.210.36.32:8080/prediction/knn,,
http_req_waiting,1678217734,40.765669,,,,true,,POST,http://20.210.36.32:8080/prediction/knn,HTTP/1.1,contacts,,200,,,http://20.210.36.32:8080/prediction/knn,,
http_req_receiving,1678217734,0.118200,,,,true,,POST,http://20.210.36.32:8080/prediction/knn,HTTP/1.1,contacts,,200,,,http://20.210.36.32:8080/prediction/knn,,
http_req_failed,1678217734,0.000000,,,,true,,POST,http://20.210.36.32:8080/prediction/knn,HTTP/1.1,contacts,,200,,,http://20.210.36.32:8080/prediction/knn,,
responseTime,1678217734,40.947469,,,,,,,,,contacts,,,,,,,
data_sent,1678217734,2088.000000,,,,,,,,,contacts,,,,,,,
data_received,1678217734,199.000000,,,,,,,,,contacts,,,,,,,
iteration_duration,1678217734,43.230279,,,,,,,,,contacts,,,,,,,
iterations,1678217734,1.000000,,,,,,,,,contacts,,,,,,,
data_sent,1678217734,2088.000000,,,,,,,,,contacts,,,,,,,
data_received,1678217734,0.000000,,,,,,,,,contacts,,,,,,,
vus,1678217734,1.000000,,,,,,,,,,,,,,,,
vus_max,1678217734,100.000000,,,,,,,,,,,,,,,,
http_reqs,1678217734,1.000000,,,,true,,POST,http://20.210.36.32:8080/prediction/knn,HTTP/1.1,contacts,,200,,,http://20.210.36.32:8080/prediction/knn,,
http_req_duration,1678217734,36.500051,,,,true,,POST,http://20.210.36.32:8080/prediction/knn,HTTP/1.1,contacts,,200,,,http://20.210.36.32:8080/prediction/knn,,
http_req_blocked,1678217734,2.290010,,,,true,,POST,http://20.210.36.32:8080/prediction/knn,HTTP/1.1,contacts,,200,,,http://20.210.36.32:8080/prediction/knn,,
http_req_connecting,1678217734,2.239910,,,,true,,POST,http://20.210.36.32:8080/prediction/knn,HTTP/1.1,contacts,,200,,,http://20.210.36.32:8080/prediction/knn,,
http_req_tls_handshaking,1678217734,0.000000,,,,true,,POST,http://20.210.36.32:8080/prediction/knn,HTTP/1.1,contacts,,200,,,http://20.210.36.32:8080/prediction/knn,,
http_req_sending,1678217734,0.082100,,,,true,,POST,http://20.210.36.32:8080/prediction/knn,HTTP/1.1,contacts,,200,,,http://20.210.36.32:8080/prediction/knn,,
http_req_waiting,1678217734,36.215650,,,,true,,POST,http://20.210.36.32:8080/prediction/knn,HTTP/1.1,contacts,,200,,,http://20.210.36.32:8080/prediction/knn,,
http_req_receiving,1678217734,0.202301,,,,true,,POST,http://20.210.36.32:8080/prediction/knn,HTTP/1.1,contacts,,200,,,http://20.210.36.32:8080/prediction/knn,,
http_req_failed,1678217734,0.000000,,,,true,,POST,http://20.210.36.32:8080/prediction/knn,HTTP/1.1,contacts,,200,,,http://20.210.36.32:8080/prediction/knn,,
responseTime,1678217734,36.500051,,,,,,,,,contacts,,,,,,,
data_sent,1678217734,2088.000000,,,,,,,,,contacts,,,,,,,
data_received,1678217734,199.000000,,,,,,,,,contacts,,,,,,,
iteration_duration,1678217734,39.517964,,,,,,,,,contacts,,,,,,,
iterations,1678217734,1.000000,,,,,,,,,contacts,,,,,,,
http_reqs,1678217734,1.000000,,,,true,,POST,http://20.210.36.32:8080/prediction/knn,HTTP/1.1,contacts,,200,,,http://20.210.36.32:8080/prediction/knn,,
http_req_duration,1678217734,19.869083,,,,true,,POST,http://20.210.36.32:8080/prediction/knn,HTTP/1.1,contacts,,200,,,http://20.210.36.32:8080/prediction/knn,,
http_req_blocked,1678217734,2.250609,,,,true,,POST,http://20.210.36.32:8080/prediction/knn,HTTP/1.1,contacts,,200,,,http://20.210.36.32:8080/prediction/knn,,
http_req_connecting,1678217734,2.177709,,,,true,,POST,http://20.210.36.32:8080/prediction/knn,HTTP/1.1,contacts,,200,,,http://20.210.36.32:8080/prediction/knn,,
http_req_tls_handshaking,1678217734,0.000000,,,,true,,POST,http://20.210.36.32:8080/prediction/knn,HTTP/1.1,contacts,,200,,,http://20.210.36.32:8080/prediction/knn,,
http_req_sending,1678217734,0.048401,,,,true,,POST,http://20.210.36.32:8080/prediction/knn,HTTP/1.1,contacts,,200,,,http://20.210.36.32:8080/prediction/knn,,
http_req_waiting,1678217734,19.689181,,,,true,,POST,http://20.210.36.32:8080/prediction/knn,HTTP/1.1,contacts,,200,,,http://20.210.36.32:8080/prediction/knn,,
http_req_receiving,1678217734,0.131501,,,,true,,POST,http://20.210.36.32:8080/prediction/knn,HTTP/1.1,contacts,,200,,,http://20.210.36.32:8080/prediction/knn,,
http_req_failed,1678217734,0.000000,,,,true,,POST,http://20.210.36.32:8080/prediction/knn,HTTP/1.1,contacts,,200,,,http://20.210.36.32:8080/prediction/knn,,
responseTime,1678217734,19.869083,,,,,,,,,contacts,,,,,,,
data_sent,1678217734,2088.000000,,,,,,,,,contacts,,,,,,,
data_received,1678217734,199.000000,,,,,,,,,contacts,,,,,,,
iteration_duration,1678217734,22.653494,,,,,,,,,contacts,,,,,,,
iterations,1678217734,1.000000,,,,,,,,,contacts,,,,,,,
http_reqs,1678217734,1.000000,,,,true,,POST,http://20.210.36.32:8080/prediction/knn,HTTP/1.1,contacts,,200,,,http://20.210.36.32:8080/prediction/knn,,
http_req_duration,1678217734,19.055679,,,,true,,POST,http://20.210.36.32:8080/prediction/knn,HTTP/1.1,contacts,,200,,,http://20.210.36.32:8080/prediction/knn,,
http_req_blocked,1678217734,2.274109,,,,true,,POST,http://20.210.36.32:8080/prediction/knn,HTTP/1.1,contacts,,200,,,http://20.210.36.32:8080/prediction/knn,,
http_req_connecting,1678217734,2.198609,,,,true,,POST,http://20.210.36.32:8080/prediction/knn,HTTP/1.1,contacts,,200,,,http://20.210.36.32:8080/prediction/knn,,
http_req_tls_handshaking,1678217734,0.000000,,,,true,,POST,http://20.210.36.32:8080/prediction/knn,HTTP/1.1,contacts,,200,,,http://20.210.36.32:8080/prediction/knn,,
http_req_sending,1678217734,0.078301,,,,true,,POST,http://20.210.36.32:8080/prediction/knn,HTTP/1.1,contacts,,200,,,http://20.210.36.32:8080/prediction/knn,,
http_req_waiting,1678217734,18.905578,,,,true,,POST,http://20.210.36.32:8080/prediction/knn,HTTP/1.1,contacts,,200,,,http://20.210.36.32:8080/prediction/knn,,
http_req_receiving,1678217734,0.071800,,,,true,,POST,http://20.210.36.32:8080/prediction/knn,HTTP/1.1,contacts,,200,,,http://20.210.36.32:8080/prediction/knn,,
http_req_failed,1678217734,0.000000,,,,true,,POST,http://20.210.36.32:8080/prediction/knn,HTTP/1.1,contacts,,200,,,http://20.210.36.32:8080/prediction/knn,,
responseTime,1678217734,19.055679,,,,,,,,,contacts,,,,,,,
data_sent,1678217734,2088.000000,,,,,,,,,contacts,,,,,,,
data_received,1678217734,199.000000,,,,,,,,,contacts,,,,,,,
iteration_duration,1678217734,21.671290,,,,,,,,,contacts,,,,,,,
iterations,1678217734,1.000000,,,,,,,,,contacts,,,,,,,
http_reqs,1678217734,1.000000,,,,true,,POST,http://20.210.36.32:8080/prediction/knn,HTTP/1.1,contacts,,200,,,http://20.210.36.32:8080/prediction/knn,,
http_req_duration,1678217734,19.252480,,,,true,,POST,http://20.210.36.32:8080/prediction/knn,HTTP/1.1,contacts,,200,,,http://20.210.36.32:8080/prediction/knn,,
http_req_blocked,1678217734,2.233409,,,,true,,POST,http://20.210.36.32:8080/prediction/knn,HTTP/1.1,contacts,,200,,,http://20.210.36.32:8080/prediction/knn,,
http_req_connecting,1678217734,2.160709,,,,true,,POST,http://20.210.36.32:8080/prediction/knn,HTTP/1.1,contacts,,200,,,http://20.210.36.32:8080/prediction/knn,,
http_req_tls_handshaking,1678217734,0.000000,,,,true,,POST,http://20.210.36.32:8080/prediction/knn,HTTP/1.1,contacts,,200,,,http://20.210.36.32:8080/prediction/knn,,
http_req_sending,1678217734,0.099700,,,,true,,POST,http://20.210.36.32:8080/prediction/knn,HTTP/1.1,contacts,,200,,,http://20.210.36.32:8080/prediction/knn,,
http_req_waiting,1678217734,19.063779,,,,true,,POST,http://20.210.36.32:8080/prediction/knn,HTTP/1.1,contacts,,200,,,http://20.210.36.32:8080/prediction/knn,,
http_req_receiving,1678217734,0.089001,,,,true,,POST,http://20.210.36.32:8080/prediction/knn,HTTP/1.1,contacts,,200,,,http://20.210.36.32:8080/prediction/knn,,
http_req_failed,1678217734,0.000000,,,,true,,POST,http://20.210.36.32:8080/prediction/knn,HTTP/1.1,contacts,,200,,,http://20.210.36.32:8080/prediction/knn,,
responseTime,1678217734,19.252480,,,,,,,,,contacts,,,,,,,
data_sent,1678217734,2088.000000,,,,,,,,,contacts,,,,,,,
data_received,1678217734,199.000000,,,,,,,,,contacts,,,,,,,
iteration_duration,1678217734,21.831390,,,,,,,,,contacts,,,,,,,
iterations,1678217734,1.000000,,,,,,,,,contacts,,,,,,,
data_sent,1678217734,2088.000000,,,,,,,,,contacts,,,,,,,
data_received,1678217734,0.000000,,,,,,,,,contacts,,,,,,,
